,StudentID,CourseNumber_x,Term_x,Grade_x,CourseNumber_y,Term_y,Grade_y
0,655430,132,7,93,341,33,72
1,525934,132,5,73,341,21,73
2,394865,132,7,71,341,37,66
3,526165,132,3,93,341,23,99
4,265140,132,5,84,341,29,65
5,790931,132,3,84,341,23,76
6,266750,132,7,82,341,33,78
7,136770,132,3,90,341,31,88
8,530559,132,5,69,341,17,81
9,530702,132,3,84,341,27,65
10,530835,132,5,70,341,25,68
11,137990,132,7,79,341,33,76
12,400629,132,3,65,341,31,60
13,924921,132,3,88,341,23,67
14,532023,132,5,94,341,19,64
15,139927,132,7,81,341,33,59
16,271716,132,3,88,341,41,77
17,927632,132,5,90,341,19,62
18,272299,132,9,81,341,21,60
19,927823,132,7,73,341,33,61
20,534620,132,3,75,341,31,50
21,273411,132,5,83,341,21,71
22,535638,132,3,72,341,21,80
23,143030,132,7,68,341,41,58
24,143106,132,7,79,341,33,50
25,405442,132,3,80,341,37,73
26,274882,132,7,89,341,33,83
27,538243,132,3,95,341,21,69
28,800560,132,1,78,341,19,56
29,407379,132,7,85,341,33,95
30,539567,132,7,86,341,33,70
31,933068,132,9,100,341,45,86
32,278032,132,7,95,341,33,83
33,279009,132,5,76,341,41,57
34,803496,132,7,83,341,41,69
35,804026,132,3,94,341,27,75
36,542140,132,5,79,341,31,65
37,411831,132,7,84,341,33,62
38,674288,132,3,65,341,23,56
39,674495,132,9,35,341,29,71
40,675371,132,5,80,341,21,72
41,544834,132,5,93,341,21,78
42,546579,132,7,70,341,37,53
43,415986,132,1,78,341,31,73
44,285269,132,7,75,341,41,56
45,416608,132,3,95,341,31,82
46,679013,132,7,88,341,41,43
47,155674,132,5,81,341,17,86
48,288426,132,3,85,341,23,51
49,681731,132,7,61,341,57,62
50,552151,132,3,70,341,31,50
51,945996,132,7,95,341,43,79
52,553068,132,7,88,341,33,64
53,947140,132,17,86,341,41,56
54,291891,132,7,87,341,41,76
55,816273,132,5,74,341,21,62
56,554702,132,7,90,341,33,95
57,423722,132,5,78,341,21,50
58,292930,132,7,92,341,33,70
59,818164,132,3,91,341,21,74
60,163852,132,5,93,341,41,63
61,426693,132,3,95,341,43,66
62,164711,132,7,69,341,23,46
63,164711,132,7,69,341,27,50
64,164726,132,7,72,341,33,52
65,951816,132,5,79,341,25,84
66,165577,132,7,92,341,43,71
67,428007,132,3,88,341,23,88
68,690183,132,5,85,341,21,67
69,691539,132,5,65,341,31,72
70,823053,132,7,84,341,33,61
71,561100,132,1,59,341,31,67
72,169231,132,3,72,341,43,58
73,956230,132,5,59,341,25,57
74,563222,132,7,95,341,43,74
75,694658,132,5,79,341,25,52
76,827970,132,3,96,341,31,95
77,828202,132,5,84,341,19,63
78,959339,132,3,70,341,27,71
79,173087,132,5,44,341,31,68
80,959987,132,7,63,341,37,57
81,173740,132,5,58,341,41,43
82,173740,132,5,58,341,55,43
83,961292,132,3,85,341,31,67
84,175111,132,5,94,341,25,59
85,437503,132,9,81,341,25,71
86,568680,132,13,81,341,51,51
87,831219,132,5,64,341,25,64
88,569944,132,5,84,341,19,71
89,307903,132,7,62,341,27,58
90,964997,132,3,81,341,17,67
91,178609,132,5,90,341,25,54
92,966157,132,9,87,341,41,60
93,311218,132,7,74,341,43,60
94,442320,132,5,90,341,31,78
95,967500,132,3,44,341,51,60
96,967500,132,11,75,341,51,60
97,443708,132,3,82,341,23,82
98,836955,132,7,83,341,33,72
99,181761,132,3,65,341,37,42
100,181761,132,3,65,341,41,57
101,445348,132,3,87,341,31,74
102,576550,132,5,96,341,19,69
103,316033,132,3,78,341,23,67
104,185080,132,9,64,341,35,54
105,840768,132,5,85,341,19,56
106,841605,132,7,83,341,41,59
107,842542,132,5,87,341,35,69
108,318789,132,9,57,341,31,65
109,712311,132,7,82,341,43,53
110,974586,132,7,79,341,41,60
111,843737,132,5,89,341,31,80
112,974916,132,5,94,341,21,61
113,451429,132,5,73,341,21,62
114,976970,132,11,80,341,43,52
115,190969,132,5,84,341,31,63
116,977405,132,3,80,341,23,58
117,848930,132,7,82,341,33,65
118,193702,132,5,72,341,19,67
119,325448,132,3,87,341,31,90
120,587720,132,3,66,341,23,45
121,587720,132,3,66,341,31,67
122,194747,132,3,90,341,21,82
123,460185,132,7,83,341,33,86
124,460210,132,5,73,341,21,65
125,329175,132,7,76,341,33,66
126,329242,132,3,84,341,17,16
127,198769,132,5,80,341,25,63
128,199112,132,3,88,341,23,73
129,724257,132,7,88,341,41,62
130,855333,132,5,83,341,21,55
131,462370,132,3,85,341,21,69
132,986829,132,5,74,341,21,69
133,986951,132,5,94,341,25,53
134,594032,132,3,68,341,31,58
135,725315,132,7,89,341,33,76
136,857058,132,3,81,341,21,62
137,465175,132,1,96,341,17,74
138,990822,132,5,89,341,25,60
139,204674,132,3,69,341,31,63
140,729651,132,7,76,341,33,51
141,598805,132,3,93,341,23,42
142,730056,132,3,93,341,27,80
143,992622,132,13,77,341,41,64
144,600205,132,5,75,341,25,59
145,469242,132,3,90,341,31,70
146,469473,132,5,95,341,19,85
147,470315,132,7,78,341,33,70
148,471336,132,7,84,341,33,59
149,603463,132,3,79,341,53,58
150,603550,132,7,92,341,33,71
151,603786,132,3,80,341,27,55
152,342706,132,7,91,341,43,65
153,998981,132,1,83,341,27,58
154,343799,132,7,79,341,33,55
155,475101,132,7,84,341,41,64
156,475199,132,5,90,341,25,78
157,347233,132,3,79,341,21,60
158,871671,132,5,87,341,29,38
159,609843,132,9,88,341,21,65
160,217088,132,7,79,341,33,67
161,348184,132,3,95,341,31,58
162,479549,132,5,94,341,21,64
163,742951,132,5,74,341,25,50
164,612889,132,3,89,341,31,61
165,351725,132,7,96,341,27,88
166,483239,132,3,79,341,23,52
167,484317,132,3,80,341,23,81
168,225543,132,5,80,341,29,71
169,619201,132,3,60,341,21,66
170,619241,132,3,81,341,21,79
171,226187,132,7,80,341,41,59
172,881832,132,7,83,341,43,52
173,882074,132,3,83,341,27,73
174,751003,132,7,93,341,27,87
175,883450,132,5,59,341,31,65
176,490250,132,7,70,341,41,53
177,621636,132,3,92,341,23,93
178,754307,132,7,59,341,25,67
179,230295,132,5,88,341,17,85
180,230455,132,3,82,341,21,69
181,362557,132,3,84,341,23,62
182,100485,132,3,91,341,21,64
183,887826,132,7,84,341,33,66
184,494623,132,3,70,341,23,84
185,757882,132,3,82,341,31,74
186,364752,132,3,71,341,31,61
187,627180,132,5,81,341,35,77
188,761126,132,3,82,341,23,50
189,499055,132,7,90,341,33,61
190,368181,132,5,76,341,25,61
191,237627,132,11,96,341,33,37
192,237627,132,11,96,341,37,79
193,762273,132,3,88,341,21,66
194,631757,132,7,75,341,43,56
195,894171,132,3,92,341,21,50
196,632883,132,3,96,341,27,77
197,239685,132,5,84,341,21,70
198,372433,132,7,78,341,33,54
199,504135,132,3,78,341,21,80
200,767256,132,5,61,341,41,55
201,899194,132,7,73,341,33,69
202,244302,132,3,76,341,17,77
203,375953,132,5,88,341,39,65
204,246072,132,7,83,341,37,59
205,901942,132,3,71,341,37,90
206,248227,132,7,89,341,33,68
207,772538,132,7,68,341,41,67
208,642550,132,7,85,341,33,76
209,904805,132,5,82,341,25,38
210,904836,132,5,86,341,25,70
211,249857,132,3,78,341,23,60
212,381387,132,5,91,341,29,68
213,775286,132,3,81,341,21,66
214,382748,132,7,63,341,33,66
215,252296,132,5,89,341,25,67
216,645741,132,5,84,341,21,59
217,908120,132,7,80,341,43,43
218,908120,132,7,80,341,51,69
219,908161,132,7,85,341,33,59
220,646445,132,1,90,341,19,95
221,778643,132,11,75,341,37,58
222,780616,132,5,93,341,19,56
223,781031,132,3,76,341,17,68
224,781716,132,1,72,341,21,60
225,126560,132,5,89,341,19,51
226,258184,132,7,84,341,33,58
227,127292,132,3,58,341,33,59
228,783260,132,3,70,341,27,50
229,127988,132,9,75,341,29,65
230,390335,132,5,63,341,39,56
231,390839,132,3,87,341,17,71
232,785788,132,1,87,341,17,57
233,393040,132,3,83,341,41,38
234,393040,132,3,83,341,43,51
235,393059,132,11,90,341,31,32
