,StudentID,CourseNumber_x,Term_x,Grade_x,CourseNumber_y,Term_y,Grade_y
0,655430,134,13,86,341,33,72
1,131188,134,7,39,341,31,43
2,131188,134,7,39,341,33,67
3,131188,134,13,50,341,31,43
4,131188,134,13,50,341,33,67
5,131252,134,7,80,341,23,67
6,917788,134,1,87,341,23,83
7,524634,134,7,82,341,33,62
8,393886,134,3,80,341,31,73
9,918214,134,3,72,341,23,62
10,787296,134,1,87,341,13,53
11,918408,134,7,69,341,37,55
12,787766,134,3,80,341,13,80
13,656717,134,7,65,341,33,46
14,656717,134,7,65,341,41,71
15,263554,134,1,75,341,27,75
16,394640,134,1,82,341,23,76
17,525934,134,9,75,341,21,73
18,394865,134,17,66,341,37,66
19,788210,134,1,91,341,21,100
20,526102,134,3,81,341,23,63
21,919338,134,3,77,341,23,77
22,526165,134,7,91,341,23,99
23,264142,134,1,91,341,11,80
24,788547,134,7,87,341,31,64
25,526476,134,1,76,341,21,58
26,133520,134,7,66,341,33,50
27,395676,134,5,71,341,25,69
28,526806,134,7,63,341,27,69
29,264746,134,3,84,341,27,81
30,920196,134,7,78,341,33,60
31,527032,134,3,72,341,23,75
32,264967,134,7,50,341,33,63
33,265140,134,9,62,341,29,65
34,396242,134,3,75,341,31,91
35,134110,134,3,91,341,23,90
36,920646,134,3,90,341,23,100
37,658523,134,1,85,341,17,83
38,396481,134,3,80,341,23,68
39,789824,134,9,82,341,21,59
40,265831,134,7,79,341,23,64
41,265956,134,1,78,341,23,68
42,134978,134,5,94,341,29,92
43,790412,134,9,70,341,19,74
44,528297,134,7,81,341,27,75
45,266156,134,3,83,341,31,72
46,266249,134,3,77,341,23,80
47,266465,134,7,74,341,31,69
48,790931,134,11,80,341,23,76
49,266750,134,13,73,341,33,78
50,266931,134,1,72,341,17,90
51,398060,134,7,86,341,27,64
52,660594,134,3,65,341,31,54
53,922902,134,1,74,341,21,75
54,267721,134,3,85,341,31,85
55,398834,134,3,86,341,31,79
56,792065,134,3,72,341,31,72
57,136770,134,11,85,341,31,88
58,398948,134,1,78,341,13,78
59,530055,134,3,88,341,21,62
60,923384,134,3,93,341,33,100
61,399262,134,1,81,341,23,50
62,661514,134,1,86,341,21,89
63,923674,134,1,85,341,15,87
64,530559,134,7,67,341,17,81
65,530702,134,11,75,341,27,65
66,399758,134,7,78,341,27,60
67,530835,134,9,58,341,25,68
68,399788,134,1,82,341,21,74
69,924089,134,3,76,341,27,32
70,924089,134,3,76,341,47,64
71,530912,134,1,66,341,39,71
72,662040,134,1,95,341,21,100
73,269007,134,11,78,341,37,71
74,137990,134,13,76,341,33,76
75,924461,134,3,68,341,31,75
76,924489,134,1,82,341,27,70
77,793596,134,3,78,341,23,80
78,138275,134,7,73,341,47,54
79,793641,134,5,90,341,31,77
80,400629,134,17,81,341,31,60
81,924921,134,7,85,341,23,67
82,531706,134,7,58,341,33,63
83,531965,134,7,76,341,27,36
84,531965,134,7,76,341,33,57
85,925225,134,11,77,341,23,62
86,532023,134,9,73,341,19,64
87,138858,134,7,81,341,41,67
88,269954,134,7,71,341,27,52
89,794306,134,3,75,341,23,71
90,663311,134,3,70,341,31,79
91,794400,134,7,80,341,33,62
92,139307,134,3,56,341,31,63
93,401612,134,7,76,341,33,61
94,925909,134,3,90,341,13,77
95,663821,134,1,74,341,29,75
96,270650,134,1,87,341,27,75
97,532935,134,7,83,341,17,68
98,795093,134,3,80,341,23,66
99,139739,134,3,79,341,23,70
100,139773,134,1,92,341,31,87
101,401989,134,3,81,341,23,69
102,139927,134,13,50,341,33,59
103,664243,134,7,71,341,33,58
104,664346,134,7,56,341,33,55
105,533296,134,7,76,341,41,76
106,533465,134,5,89,341,29,86
107,271379,134,7,70,341,33,81
108,271472,134,1,80,341,21,70
109,533628,134,3,84,341,31,66
110,664766,134,3,80,341,31,67
111,140636,134,3,73,341,37,88
112,271716,134,11,79,341,41,77
113,927188,134,1,60,341,41,74
114,927348,134,1,75,341,27,60
115,796317,134,1,69,341,23,75
116,272064,134,7,67,341,27,75
117,403160,134,3,81,341,23,76
118,534333,134,3,81,341,23,53
119,403316,134,3,78,341,31,67
120,927632,134,9,78,341,19,62
121,272299,134,11,68,341,21,60
122,403404,134,1,76,341,15,72
123,403411,134,7,67,341,27,71
124,927785,134,7,79,341,27,39
125,927785,134,7,79,341,33,50
126,665647,134,3,79,341,17,91
127,403527,134,1,93,341,19,86
128,534603,134,3,97,341,23,77
129,927823,134,13,79,341,33,61
130,534620,134,11,76,341,31,50
131,403623,134,7,74,341,27,42
132,403623,134,7,74,341,33,22
133,403679,134,7,85,341,33,98
134,272678,134,1,84,341,27,53
135,403860,134,7,81,341,33,59
136,272814,134,3,84,341,31,96
137,404037,134,1,79,341,21,90
138,928379,134,1,66,341,27,78
139,273106,134,9,79,341,25,80
140,928493,134,1,79,341,27,61
141,273177,134,7,71,341,27,72
142,797465,134,7,73,341,33,79
143,273411,134,9,73,341,21,71
144,797723,134,3,88,341,31,89
145,535638,134,7,75,341,21,80
146,273575,134,1,81,341,23,77
147,666823,134,3,63,341,31,68
148,404743,134,3,91,341,31,95
149,142656,134,7,87,341,33,83
150,142701,134,3,67,341,33,59
151,536105,134,7,93,341,33,79
152,273977,134,1,93,341,27,92
153,142952,134,7,85,341,27,67
154,143030,134,13,75,341,41,58
155,667372,134,7,86,341,33,69
156,536307,134,1,90,341,17,90
157,143106,134,13,73,341,33,50
158,143180,134,7,61,341,31,41
159,798583,134,3,72,341,23,58
160,405442,134,11,64,341,37,73
161,929778,134,3,78,341,31,58
162,143436,134,3,85,341,31,72
163,929911,134,7,79,341,27,78
164,798862,134,11,82,341,21,57
165,930012,134,3,88,341,31,78
166,274686,134,7,77,341,37,79
167,930059,134,7,76,341,27,54
168,667935,134,3,75,341,37,29
169,274882,134,13,81,341,33,83
170,799305,134,3,87,341,33,73
171,143989,134,3,64,341,43,66
172,144003,134,1,79,341,27,70
173,930463,134,1,95,341,11,79
174,930464,134,3,45,341,31,73
175,930464,134,11,69,341,31,73
176,537387,134,7,73,341,27,58
177,799627,134,1,88,341,21,83
178,144275,134,1,79,341,21,85
179,537542,134,3,80,341,23,78
180,275464,134,3,77,341,27,73
181,406619,134,7,84,341,33,67
182,668864,134,3,68,341,27,66
183,800073,134,3,82,341,23,67
184,669024,134,3,80,341,23,77
185,931291,134,1,93,341,23,98
186,275968,134,3,79,341,21,78
187,275984,134,11,66,341,27,40
188,144975,134,3,67,341,23,61
189,538191,134,7,81,341,33,82
190,538243,134,11,85,341,21,69
191,276171,134,1,77,341,21,56
192,800535,134,7,85,341,27,83
193,276256,134,3,80,341,21,66
194,800560,134,5,60,341,19,56
195,407379,134,13,76,341,33,95
196,669558,134,3,84,341,23,73
197,145284,134,3,69,341,23,70
198,538625,134,3,91,341,13,74
199,669744,134,3,81,341,23,42
200,669744,134,3,81,341,33,51
201,407676,134,7,80,341,27,77
202,932001,134,7,87,341,37,92
203,669968,134,3,63,341,31,50
204,932347,134,3,73,341,21,71
205,277011,134,7,76,341,27,80
206,932437,134,7,88,341,33,87
207,146062,134,1,77,341,17,64
208,801457,134,1,78,341,13,44
209,801457,134,1,78,341,41,71
210,539567,134,13,67,341,33,70
211,670702,134,1,90,341,27,86
212,670826,134,7,68,341,33,43
213,670826,134,7,68,341,41,34
214,146601,134,1,68,341,21,52
215,933068,134,11,90,341,45,86
216,671191,134,7,89,341,33,83
217,933353,134,3,93,341,23,96
218,671211,134,3,70,341,23,66
219,278032,134,13,95,341,33,83
220,933410,134,3,83,341,31,76
221,802383,134,7,85,341,33,79
222,671697,134,1,80,341,29,64
223,671850,134,1,82,341,21,66
224,540811,134,3,57,341,23,59
225,278894,134,3,91,341,23,91
226,672162,134,7,79,341,33,87
227,672188,134,7,77,341,27,66
228,279009,134,9,64,341,41,57
229,803347,134,3,82,341,31,72
230,148002,134,7,73,341,27,73
231,934488,134,1,70,341,23,79
232,279140,134,3,60,341,31,73
233,803496,134,13,70,341,41,69
234,541367,134,1,64,341,33,57
235,934598,134,1,61,341,29,33
236,148179,134,3,71,341,23,42
237,148179,134,3,71,341,27,59
238,803613,134,7,43,341,51,55
239,803613,134,21,66,341,51,55
240,410494,134,3,78,341,27,68
241,410514,134,3,68,341,23,89
242,148423,134,7,83,341,33,81
243,148488,134,7,77,341,27,72
244,541730,134,7,78,341,33,67
245,804026,134,11,81,341,27,75
246,672977,134,1,69,341,23,54
247,673036,134,3,93,341,23,92
248,542140,134,9,65,341,31,65
249,149016,134,9,68,341,25,59
250,804514,134,3,54,341,37,65
251,280343,134,1,43,341,41,54
252,280343,134,9,64,341,41,54
253,411554,134,1,75,341,31,79
254,935908,134,5,74,341,25,61
255,149604,134,7,84,341,27,70
256,411831,134,13,73,341,33,62
257,542945,134,1,50,341,33,66
258,542953,134,7,63,341,33,56
259,280810,134,7,64,341,27,85
260,805149,134,1,79,341,27,62
261,280876,134,1,64,341,21,72
262,805252,134,7,81,341,31,58
263,674212,134,3,76,341,17,72
264,936396,134,3,75,341,31,74
265,674288,134,11,61,341,23,56
266,674299,134,1,80,341,23,72
267,543267,134,3,79,341,31,84
268,150060,134,5,60,341,27,50
269,674495,134,19,73,341,29,71
270,150281,134,3,72,341,27,54
271,543870,134,3,65,341,23,66
272,675020,134,7,63,341,31,87
273,544112,134,3,65,341,23,69
274,150906,134,7,73,341,33,54
275,806285,134,1,50,341,23,64
276,806285,134,3,76,341,23,64
277,544250,134,1,77,341,27,72
278,675371,134,9,66,341,21,72
279,282169,134,3,91,341,31,87
280,937616,134,7,70,341,37,40
281,937616,134,7,70,341,43,63
282,151211,134,3,59,341,23,69
283,282296,134,11,65,341,27,58
284,937875,134,1,58,341,35,79
285,675865,134,1,79,341,27,67
286,544800,134,1,94,341,21,100
287,544834,134,9,67,341,21,78
288,151689,134,7,64,341,27,83
289,938326,134,7,84,341,27,80
290,545134,134,13,83,341,23,79
291,676457,134,1,79,341,21,75
292,283256,134,3,81,341,13,59
293,807636,134,1,84,341,33,65
294,283452,134,1,91,341,21,76
295,414539,134,5,94,341,29,97
296,283569,134,3,78,341,23,57
297,152510,134,3,73,341,23,56
298,152740,134,9,66,341,29,72
299,283841,134,3,73,341,21,64
300,808153,134,1,80,341,23,44
301,808153,134,1,80,341,27,70
302,677095,134,1,76,341,15,59
303,808173,134,3,61,341,27,54
304,939316,134,3,80,341,23,68
305,939437,134,7,76,341,27,80
306,939574,134,3,81,341,23,79
307,677437,134,3,90,341,21,79
308,677618,134,3,68,341,23,81
309,546579,134,13,68,341,37,53
310,415529,134,3,66,341,31,65
311,284521,134,1,62,341,27,75
312,939882,134,3,81,341,31,72
313,153499,134,7,75,341,27,78
314,808900,134,1,84,341,21,83
315,940068,134,1,89,341,27,82
316,153736,134,3,68,341,23,79
317,415986,134,5,68,341,31,73
318,809226,134,1,84,341,33,62
319,284991,134,7,80,341,27,70
320,547192,134,7,79,341,33,81
321,154029,134,3,81,341,31,84
322,416222,134,3,73,341,23,50
323,809553,134,3,58,341,23,62
324,285269,134,13,69,341,41,56
325,154198,134,9,62,341,21,65
326,416608,134,11,81,341,31,82
327,154672,134,7,79,341,33,68
328,679013,134,13,61,341,41,43
329,679394,134,3,61,341,33,50
330,286285,134,7,64,341,27,68
331,810574,134,7,83,341,33,69
332,417409,134,7,89,341,33,56
333,810736,134,3,79,341,23,70
334,417524,134,7,72,341,27,52
335,286551,134,7,70,341,27,63
336,155496,134,7,79,341,33,71
337,286600,134,5,81,341,15,72
338,942002,134,1,95,341,31,85
339,679954,134,3,86,341,21,77
340,155674,134,7,86,341,17,86
341,417896,134,7,88,341,33,72
342,942196,134,1,98,341,23,100
343,549082,134,1,96,341,23,84
344,418078,134,1,83,341,29,85
345,287048,134,3,85,341,23,64
346,942524,134,7,72,341,31,80
347,811535,134,7,77,341,33,50
348,549481,134,7,83,341,27,75
349,418491,134,3,57,341,31,43
350,680809,134,1,84,341,17,91
351,418755,134,7,75,341,33,65
352,943075,134,3,95,341,31,100
353,549939,134,3,91,341,23,50
354,287896,134,1,80,341,57,94
355,419004,134,3,82,341,31,68
356,287964,134,3,72,341,27,26
357,287964,134,3,72,341,33,38
358,287964,134,3,72,341,41,70
359,287987,134,7,83,341,33,89
360,287990,134,3,75,341,43,52
361,550182,134,11,50,341,41,65
362,550182,134,17,82,341,41,65
363,943538,134,7,68,341,27,64
364,550330,134,3,71,341,23,52
365,288191,134,3,81,341,23,64
366,550368,134,1,93,341,21,99
367,419303,134,3,77,341,33,51
368,419311,134,1,79,341,11,51
369,157271,134,1,95,341,23,78
370,288426,134,11,69,341,23,51
371,812729,134,1,93,341,17,100
372,157391,134,1,72,341,23,58
373,681731,134,13,38,341,57,62
374,681731,134,21,60,341,57,62
375,681802,134,3,87,341,27,84
376,943989,134,7,87,341,27,54
377,943990,134,1,89,341,33,69
378,288636,134,7,89,341,27,100
379,157683,134,3,66,341,31,65
380,419973,134,1,91,341,27,91
381,288910,134,1,24,341,25,59
382,288910,134,9,71,341,25,59
383,158040,134,1,76,341,21,69
384,158128,134,7,72,341,33,64
385,158133,134,1,75,341,33,74
386,813779,134,3,82,341,21,83
387,420631,134,3,68,341,31,77
388,551784,134,3,80,341,23,72
389,289655,134,3,82,341,21,67
390,551818,134,3,63,341,31,42
391,158683,134,1,80,341,21,80
392,158753,134,3,86,341,23,55
393,683125,134,3,69,341,21,50
394,552151,134,11,57,341,31,50
395,421562,134,3,76,341,31,61
396,290499,134,7,69,341,41,80
397,945996,134,13,72,341,43,79
398,683941,134,3,75,341,31,68
399,946160,134,3,59,341,31,59
400,290808,134,3,75,341,23,70
401,684112,134,1,79,341,33,58
402,553068,134,13,89,341,33,64
403,684225,134,3,66,341,23,57
404,159949,134,7,71,341,33,42
405,159949,134,7,71,341,37,53
406,422108,134,7,87,341,33,74
407,160205,134,3,63,341,23,50
408,815657,134,1,75,341,21,79
409,815672,134,1,91,341,23,30
410,815672,134,1,91,341,31,78
411,684720,134,3,67,341,23,51
412,553777,134,3,80,341,23,87
413,553831,134,7,61,341,27,78
414,291758,134,7,64,341,33,68
415,947140,134,13,57,341,41,56
416,291891,134,13,76,341,41,76
417,422983,134,1,78,341,23,96
418,816273,134,9,66,341,21,62
419,160927,134,1,79,341,21,64
420,685254,134,3,86,341,23,61
421,947403,134,1,58,341,21,73
422,947423,134,17,95,341,37,95
423,685309,134,3,87,341,23,74
424,685338,134,1,81,341,23,85
425,947543,134,1,80,341,21,86
426,947692,134,3,78,341,21,59
427,947724,134,7,81,341,33,74
428,292516,134,1,79,341,31,57
429,554702,134,13,85,341,33,95
430,161520,134,3,82,341,23,67
431,423722,134,7,74,341,21,50
432,423917,134,1,60,341,23,57
433,423961,134,5,73,341,19,42
434,423961,134,5,73,341,25,64
435,292930,134,13,82,341,33,70
436,161887,134,1,87,341,31,85
437,424300,134,3,86,341,23,63
438,555508,134,1,91,341,21,75
439,424473,134,7,81,341,33,72
440,948783,134,1,93,341,21,63
441,686674,134,7,77,341,27,83
442,817796,134,1,80,341,27,56
443,293511,134,7,95,341,33,73
444,162450,134,3,86,341,31,89
445,162604,134,3,75,341,23,74
446,424866,134,3,94,341,23,84
447,818143,134,3,89,341,23,80
448,818164,134,11,74,341,21,74
449,949298,134,1,91,341,27,55
450,162883,134,3,73,341,31,38
451,162883,134,3,73,341,37,50
452,163053,134,1,74,341,23,61
453,687361,134,3,72,341,31,50
454,294200,134,7,76,341,27,80
455,425297,134,3,81,341,21,67
456,818549,134,7,68,341,33,63
457,818566,134,3,86,341,21,84
458,425378,134,1,70,341,23,67
459,556786,134,7,71,341,23,73
460,163687,134,3,80,341,31,52
461,819070,134,3,84,341,21,61
462,163852,134,9,70,341,41,63
463,426025,134,7,84,341,27,84
464,295038,134,3,65,341,23,59
465,950474,134,3,72,341,23,76
466,950563,134,7,73,341,27,76
467,295424,134,3,85,341,31,77
468,688654,134,1,71,341,21,58
469,164440,134,3,71,341,17,78
470,950922,134,3,90,341,31,95
471,164514,134,3,72,341,21,69
472,950975,134,3,70,341,27,78
473,426693,134,11,77,341,43,66
474,164711,134,11,75,341,23,46
475,164711,134,11,75,341,27,50
476,164726,134,13,67,341,33,52
477,689026,134,1,80,341,21,98
478,689050,134,3,97,341,31,100
479,951256,134,7,76,341,27,88
480,820372,134,1,79,341,17,57
481,427170,134,1,92,341,23,93
482,427251,134,1,69,341,31,90
483,296334,134,3,77,341,31,57
484,165313,134,3,86,341,31,67
485,951816,134,9,78,341,25,84
486,165391,134,1,69,341,23,66
487,689685,134,3,73,341,21,76
488,558618,134,7,84,341,27,77
489,165431,134,3,83,341,23,60
490,165540,134,13,56,341,31,61
491,165577,134,13,83,341,43,71
492,689890,134,3,71,341,23,65
493,296695,134,3,75,341,23,67
494,427950,134,3,59,341,33,53
495,427950,134,13,75,341,33,53
496,165826,134,7,80,341,27,64
497,428007,134,7,90,341,23,88
498,690183,134,7,67,341,21,67
499,165964,134,13,71,341,41,64
500,297285,134,1,77,341,31,59
501,821810,134,1,100,341,33,100
502,952972,134,1,81,341,13,60
503,297685,134,3,87,341,23,83
504,690974,134,7,53,341,31,68
505,822137,134,3,78,341,31,50
506,297917,134,1,97,341,27,99
507,822260,134,3,65,341,23,69
508,691350,134,7,68,341,33,50
509,691350,134,7,68,341,41,59
510,298316,134,7,73,341,25,69
511,167249,134,1,91,341,17,100
512,691539,134,11,57,341,31,72
513,691665,134,3,76,341,23,68
514,429612,134,1,77,341,31,67
515,429633,134,1,92,341,29,100
516,822875,134,3,85,341,23,77
517,429712,134,3,71,341,31,61
518,823053,134,13,71,341,33,61
519,954248,134,1,81,341,23,90
520,561100,134,9,55,341,31,67
521,430084,134,7,79,341,27,86
522,823350,134,1,82,341,17,73
523,954446,134,1,80,341,29,78
524,692363,134,7,64,341,27,67
525,168125,134,1,95,341,23,94
526,954629,134,7,86,341,23,71
527,299287,134,7,74,341,27,63
528,430402,134,1,97,341,21,89
529,299531,134,7,94,341,27,98
530,430643,134,1,84,341,27,86
531,168500,134,7,78,341,27,46
532,168500,134,7,78,341,33,69
533,430725,134,1,84,341,21,50
534,693007,134,3,78,341,23,55
535,168888,134,7,88,341,27,90
536,169136,134,1,57,341,19,37
537,169136,134,1,57,341,21,50
538,169136,134,1,57,341,31,58
539,693452,134,7,83,341,27,80
540,169231,134,11,78,341,43,58
541,300369,134,1,79,341,21,54
542,562572,134,1,71,341,23,56
543,955808,134,1,82,341,27,75
544,169401,134,3,76,341,23,55
545,693823,134,3,93,341,31,92
546,824996,134,7,81,341,33,82
547,562886,134,7,92,341,33,89
548,694043,134,7,82,341,27,77
549,169772,134,7,84,341,27,80
550,956230,134,9,67,341,25,57
551,432010,134,3,86,341,23,82
552,169987,134,7,56,341,41,62
553,563222,134,11,81,341,43,74
554,563252,134,1,87,341,23,66
555,170058,134,3,64,341,21,56
556,432215,134,7,78,341,23,28
557,432215,134,7,78,341,57,29
558,432224,134,1,84,341,27,94
559,563305,134,3,61,341,31,72
560,432265,134,1,75,341,23,69
561,694446,134,7,72,341,33,73
562,170256,134,1,86,341,15,80
563,563507,134,3,83,341,23,70
564,694658,134,9,60,341,25,52
565,694809,134,3,81,341,23,74
566,170527,134,1,87,341,21,82
567,170677,134,7,63,341,27,74
568,432822,134,1,85,341,31,72
569,563916,134,3,78,341,47,73
570,170728,134,1,72,341,21,66
571,170904,134,7,84,341,33,62
572,433493,134,3,78,341,21,73
573,171363,134,1,92,341,21,100
574,564635,134,3,94,341,17,97
575,564970,134,7,81,341,27,77
576,958197,134,3,61,341,31,90
577,434052,134,3,71,341,23,68
578,172214,134,1,68,341,27,50
579,434487,134,3,85,341,23,68
580,827715,134,7,80,341,33,74
581,827970,134,11,98,341,31,95
582,959110,134,3,84,341,31,79
583,172708,134,5,90,341,21,78
584,828144,134,3,87,341,23,91
585,828202,134,9,62,341,19,63
586,828267,134,3,80,341,23,51
587,959339,134,7,62,341,27,71
588,828405,134,3,70,341,31,71
589,304120,134,3,75,341,21,64
590,173087,134,15,58,341,31,68
591,697577,134,1,86,341,31,100
592,304558,134,7,56,341,27,57
593,566705,134,7,57,341,47,35
594,566705,134,7,57,341,51,43
595,566705,134,7,57,341,53,55
596,959934,134,7,82,341,27,74
597,959987,134,13,62,341,37,57
598,435703,134,3,93,341,23,93
599,828971,134,7,80,341,33,68
600,304800,134,7,79,341,41,70
601,173740,134,15,70,341,41,43
602,173740,134,15,70,341,55,43
603,304838,134,1,83,341,23,70
604,305072,134,3,99,341,27,98
605,305087,134,3,76,341,31,62
606,960530,134,7,78,341,27,74
607,174206,134,7,81,341,27,92
608,567658,134,3,69,341,31,80
609,829866,134,3,80,341,23,77
610,567813,134,3,79,341,21,72
611,436839,134,3,60,341,31,66
612,305770,134,3,58,341,43,61
613,961292,134,11,69,341,31,67
614,305970,134,3,89,341,23,95
615,961399,134,3,96,341,21,86
616,699303,134,3,92,341,23,92
617,699310,134,7,79,341,33,80
618,306113,134,7,88,341,33,83
619,175111,134,11,76,341,25,59
620,568353,134,7,82,341,41,63
621,961568,134,3,73,341,31,54
622,568477,134,7,85,341,27,78
623,961782,134,3,87,341,31,53
624,437503,134,11,74,341,25,71
625,699709,134,1,70,341,27,64
626,830783,134,7,51,341,33,68
627,568680,134,21,50,341,51,51
628,437619,134,3,85,341,31,94
629,568698,134,1,83,341,31,100
630,175488,134,7,66,341,41,59
631,961965,134,3,70,341,31,59
632,437764,134,7,87,341,33,81
633,437785,134,7,93,341,27,86
634,175686,134,3,95,341,27,100
635,175724,134,1,63,341,17,52
636,437907,134,7,83,341,33,61
637,306840,134,7,75,341,31,53
638,831219,134,9,56,341,25,64
639,306962,134,3,76,341,23,72
640,700327,134,7,75,341,27,67
641,831534,134,7,74,341,27,94
642,569396,134,11,79,341,27,68
643,438427,134,7,62,341,33,64
644,700582,134,1,74,341,23,69
645,831705,134,1,82,341,27,75
646,569621,134,7,82,341,33,71
647,831941,134,1,87,341,27,90
648,176665,134,3,76,341,31,58
649,569944,134,9,80,341,19,71
650,832180,134,3,68,341,21,63
651,307903,134,11,72,341,27,58
652,832304,134,7,87,341,27,74
653,701263,134,1,88,341,27,59
654,832340,134,11,78,341,23,70
655,439308,134,3,57,341,23,40
656,570398,134,1,89,341,31,84
657,177270,134,3,80,341,23,73
658,570491,134,1,75,341,31,80
659,963760,134,7,86,341,33,70
660,177333,134,1,64,341,29,58
661,177445,134,3,68,341,21,59
662,308855,134,7,87,341,33,86
663,439930,134,1,65,341,17,73
664,702161,134,7,76,341,31,54
665,309029,134,3,87,341,31,77
666,833590,134,3,46,341,47,43
667,833590,134,11,64,341,47,43
668,702533,134,3,57,341,31,54
669,178264,134,1,79,341,33,56
670,440425,134,1,73,341,27,70
671,571620,134,3,89,341,31,93
672,178415,134,7,89,341,33,81
673,964944,134,3,85,341,31,75
674,964997,134,7,83,341,17,67
675,702855,134,7,93,341,27,95
676,571796,134,1,87,341,27,64
677,178609,134,15,69,341,25,54
678,571993,134,1,94,341,13,97
679,309903,134,7,68,341,27,70
680,572145,134,7,79,341,33,51
681,703675,134,7,81,341,21,70
682,965848,134,3,91,341,23,80
683,965887,134,3,74,341,33,46
684,703751,134,7,84,341,33,69
685,179629,134,3,81,341,23,73
686,441836,134,7,70,341,27,71
687,966157,134,11,59,341,41,60
688,180024,134,7,71,341,27,85
689,835449,134,11,79,341,31,71
690,442320,134,9,81,341,31,78
691,442324,134,7,56,341,37,71
692,835564,134,7,80,341,33,66
693,966693,134,7,72,341,17,63
694,442466,134,1,63,341,29,51
695,835703,134,1,90,341,21,96
696,966950,134,7,86,341,33,81
697,704831,134,7,75,341,33,79
698,180559,134,3,63,341,23,43
699,180559,134,3,63,341,33,70
700,573779,134,5,69,341,35,8
701,573779,134,5,69,341,39,75
702,180625,134,1,94,341,21,100
703,311798,134,1,85,341,21,98
704,967409,134,7,66,341,33,46
705,967409,134,7,66,341,41,73
706,967500,134,17,60,341,51,60
707,967500,134,23,60,341,51,60
708,312164,134,1,78,341,23,75
709,181332,134,7,69,341,27,65
710,574548,134,5,86,341,15,63
711,705758,134,1,80,341,23,93
712,574721,134,5,84,341,19,40
713,443657,134,3,50,341,21,68
714,574772,134,1,81,341,21,69
715,443708,134,7,84,341,23,82
716,836955,134,13,81,341,33,72
717,181761,134,7,65,341,37,42
718,181761,134,7,65,341,41,57
719,837135,134,7,71,341,27,72
720,313006,134,1,82,341,33,69
721,837314,134,3,71,341,31,64
722,837331,134,1,74,341,33,58
723,313105,134,3,61,341,31,58
724,575695,134,3,79,341,31,73
725,706794,134,1,74,341,21,64
726,313781,134,3,90,341,31,95
727,838142,134,3,84,341,31,94
728,576188,134,1,88,341,21,84
729,838344,134,1,64,341,31,71
730,969552,134,3,70,341,21,58
731,445348,134,7,90,341,31,74
732,445380,134,7,87,341,27,87
733,838602,134,3,64,341,31,59
734,445431,134,3,80,341,31,95
735,576550,134,9,87,341,19,69
736,707629,134,7,80,341,47,54
737,576712,134,7,60,341,27,54
738,445790,134,3,76,341,31,67
739,970283,134,3,63,341,23,68
740,315048,134,3,72,341,21,55
741,708323,134,3,55,341,21,73
742,577330,134,3,78,341,23,61
743,446423,134,7,72,341,27,66
744,446440,134,3,87,341,23,77
745,970736,134,7,82,341,33,76
746,184336,134,7,83,341,33,80
747,577553,134,1,82,341,23,72
748,577555,134,7,92,341,27,100
749,577594,134,7,83,341,33,57
750,577618,134,5,77,341,29,64
751,315523,134,11,59,341,33,56
752,184522,134,3,83,341,23,88
753,708867,134,1,98,341,17,96
754,315787,134,1,64,341,31,68
755,315884,134,1,65,341,21,51
756,971247,134,7,84,341,33,86
757,184825,134,1,75,341,37,72
758,709140,134,7,69,341,27,50
759,316009,134,1,68,341,21,56
760,447091,134,1,72,341,21,60
761,316033,134,11,72,341,23,67
762,447139,134,7,82,341,33,76
763,971438,134,3,62,341,21,41
764,971438,134,3,62,341,23,56
765,578277,134,7,75,341,41,74
766,185080,134,11,69,341,35,54
767,709403,134,3,62,341,21,61
768,840768,134,9,58,341,19,56
769,447575,134,1,67,341,31,77
770,709876,134,1,92,341,21,100
771,316681,134,3,85,341,23,66
772,185693,134,3,73,341,23,54
773,316801,134,3,71,341,31,72
774,185885,134,5,67,341,15,58
775,317057,134,3,65,341,21,59
776,972460,134,3,50,341,31,66
777,186041,134,7,78,341,33,75
778,841534,134,7,85,341,33,87
779,841605,134,13,62,341,41,59
780,579481,134,3,67,341,23,63
781,186289,134,1,77,341,27,84
782,317376,134,1,83,341,13,72
783,972785,134,3,72,341,17,90
784,448504,134,1,66,341,11,60
785,579612,134,1,74,341,13,64
786,448579,134,1,87,341,27,99
787,317560,134,7,84,341,33,85
788,317727,134,1,91,341,21,51
789,973110,134,1,70,341,13,72
790,448964,134,1,70,341,33,71
791,186926,134,3,84,341,13,50
792,318056,134,3,71,341,31,68
793,711314,134,3,96,341,23,100
794,449201,134,1,82,341,21,72
795,973582,134,3,70,341,21,53
796,973582,134,3,70,341,31,65
797,842542,134,9,70,341,35,69
798,318260,134,5,56,341,21,61
799,580428,134,7,87,341,27,79
800,580539,134,3,87,341,31,98
801,973827,134,7,74,341,33,72
802,449627,134,7,80,341,21,63
803,842889,134,3,73,341,31,52
804,318602,134,1,93,341,21,97
805,318668,134,3,69,341,31,54
806,580819,134,3,80,341,23,79
807,449767,134,3,72,341,23,50
808,843003,134,3,64,341,23,72
809,318789,134,11,62,341,31,65
810,187751,134,1,94,341,23,94
811,580993,134,3,63,341,31,81
812,843205,134,3,85,341,23,67
813,581104,134,3,58,341,53,83
814,712223,134,5,78,341,15,63
815,581163,134,3,78,341,27,64
816,450108,134,3,80,341,23,83
817,319082,134,1,66,341,23,57
818,712311,134,13,61,341,43,53
819,450211,134,1,50,341,33,38
820,450211,134,1,50,341,41,65
821,450211,134,7,56,341,33,38
822,450211,134,7,56,341,41,65
823,188091,134,7,81,341,33,79
824,974586,134,13,58,341,41,60
825,450405,134,7,87,341,33,88
826,450477,134,3,76,341,31,58
827,843737,134,9,38,341,31,80
828,843737,134,11,64,341,31,80
829,450561,134,3,83,341,31,60
830,712756,134,7,72,341,27,75
831,974916,134,7,85,341,21,61
832,712795,134,7,59,341,33,42
833,712795,134,7,59,341,43,61
834,581795,134,7,67,341,27,70
835,843983,134,1,72,341,17,67
836,581912,134,5,80,341,15,70
837,975145,134,7,83,341,27,63
838,975230,134,7,91,341,27,93
839,975355,134,1,62,341,23,65
840,189009,134,1,83,341,27,76
841,189073,134,3,70,341,23,71
842,451429,134,9,57,341,21,62
843,844796,134,7,85,341,27,66
844,713858,134,3,82,341,41,50
845,713905,134,1,90,341,17,75
846,189719,134,3,78,341,23,64
847,714011,134,3,85,341,31,62
848,582947,134,1,80,341,27,86
849,583065,134,1,74,341,27,60
850,189867,134,13,74,341,43,58
851,845250,134,3,76,341,31,67
852,714194,134,7,55,341,41,77
853,714194,134,13,76,341,41,77
854,321069,134,1,43,341,37,61
855,321069,134,7,72,341,37,61
856,845404,134,11,88,341,21,87
857,583552,134,3,79,341,31,74
858,976944,134,1,76,341,21,57
859,976970,134,13,75,341,43,52
860,190900,134,3,72,341,21,78
861,190969,134,9,78,341,31,63
862,977405,134,11,82,341,23,58
863,584199,134,1,84,341,23,70
864,191006,134,17,66,341,47,74
865,322092,134,1,75,341,27,46
866,322092,134,1,75,341,33,68
867,846387,134,1,79,341,21,83
868,584309,134,1,67,341,17,68
869,584313,134,1,64,341,33,61
870,453280,134,1,73,341,27,70
871,715465,134,1,93,341,29,96
872,453383,134,3,88,341,21,79
873,977723,134,1,68,341,17,78
874,846692,134,1,70,341,23,50
875,584571,134,1,72,341,33,61
876,584625,134,7,69,341,41,58
877,322491,134,3,66,341,23,46
878,322491,134,3,66,341,31,55
879,191544,134,7,72,341,33,73
880,453691,134,1,71,341,17,76
881,453710,134,7,82,341,33,83
882,978148,134,3,81,341,31,66
883,847173,134,3,81,341,23,50
884,716203,134,7,77,341,27,79
885,847409,134,7,63,341,27,69
886,716353,134,1,82,341,33,70
887,454225,134,1,55,341,41,63
888,192215,134,3,67,341,31,64
889,192242,134,1,89,341,27,94
890,847754,134,7,99,341,27,87
891,978876,134,7,85,341,27,82
892,323602,134,1,73,341,31,50
893,192756,134,3,59,341,23,60
894,455006,134,11,61,341,21,62
895,848348,134,7,77,341,27,96
896,586217,134,1,57,341,21,68
897,586296,134,1,67,341,27,68
898,717507,134,1,86,341,21,75
899,979691,134,1,67,341,17,85
900,586709,134,1,88,341,27,96
901,848930,134,13,79,341,33,65
902,193702,134,9,68,341,19,67
903,324824,134,7,76,341,33,76
904,586994,134,1,71,341,21,81
905,324856,134,3,64,341,23,43
906,324856,134,3,64,341,31,70
907,849449,134,17,91,341,27,57
908,194153,134,7,92,341,27,95
909,849641,134,7,85,341,27,92
910,980792,134,3,72,341,31,87
911,325448,134,11,89,341,31,90
912,587720,134,11,60,341,23,45
913,587720,134,11,60,341,31,67
914,587764,134,3,68,341,31,72
915,981072,134,5,71,341,25,65
916,587957,134,3,54,341,31,58
917,194747,134,7,79,341,21,82
918,194810,134,3,94,341,31,99
919,456955,134,7,72,341,33,68
920,456977,134,1,84,341,27,68
921,456981,134,3,85,341,23,71
922,719166,134,1,86,341,27,85
923,719326,134,1,76,341,23,65
924,981625,134,3,80,341,23,75
925,326304,134,1,85,341,21,37
926,326304,134,1,85,341,31,76
927,719980,134,5,87,341,31,67
928,982159,134,3,60,341,23,70
929,851141,134,7,76,341,27,50
930,195878,134,7,91,341,33,92
931,327083,134,3,74,341,31,70
932,589263,134,7,62,341,27,70
933,196125,134,7,64,341,43,50
934,196135,134,3,83,341,23,84
935,196170,134,7,69,341,27,43
936,196170,134,7,69,341,33,63
937,458364,134,7,81,341,43,59
938,327443,134,3,92,341,23,74
939,983146,134,7,81,341,27,78
940,589943,134,7,81,341,33,72
941,589976,134,3,82,341,31,87
942,721141,134,7,87,341,33,86
943,983330,134,11,59,341,31,64
944,327978,134,1,83,341,23,68
945,328033,134,51,84,341,61,65
946,721302,134,1,75,341,31,64
947,590285,134,7,72,341,27,63
948,983567,134,1,96,341,23,86
949,721569,134,3,80,341,31,73
950,852690,134,7,83,341,27,69
951,459539,134,1,59,341,27,67
952,328498,134,1,51,341,31,62
953,328498,134,11,77,341,31,62
954,983879,134,1,50,341,23,50
955,459945,134,1,60,341,29,62
956,591043,134,3,82,341,17,75
957,197881,134,3,76,341,23,73
958,984389,134,3,77,341,47,71
959,460185,134,13,87,341,33,86
960,460210,134,9,66,341,21,65
961,329175,134,13,63,341,33,66
962,460307,134,11,83,341,23,72
963,329242,134,7,70,341,17,16
964,984759,134,7,80,341,33,83
965,853796,134,3,81,341,23,79
966,198444,134,1,95,341,27,100
967,854095,134,7,77,341,27,59
968,198769,134,9,62,341,25,63
969,460960,134,1,65,341,27,56
970,461072,134,1,89,341,31,82
971,330040,134,3,80,341,23,77
972,330046,134,7,81,341,33,78
973,592238,134,13,77,341,23,78
974,199112,134,11,79,341,23,73
975,854705,134,1,88,341,23,69
976,723806,134,7,73,341,33,50
977,461704,134,3,86,341,31,92
978,986152,134,1,78,341,27,86
979,986211,134,3,76,341,31,85
980,724257,134,13,76,341,41,62
981,855333,134,9,46,341,21,55
982,855333,134,11,73,341,21,55
983,724341,134,1,77,341,33,57
984,200101,134,3,63,341,31,75
985,462370,134,11,68,341,21,69
986,986672,134,7,89,341,33,91
987,200326,134,3,86,341,23,88
988,986829,134,9,73,341,21,69
989,200422,134,3,88,341,21,89
990,855793,134,3,85,341,31,80
991,331557,134,3,79,341,17,69
992,986951,134,7,81,341,25,53
993,855932,134,3,84,341,21,86
994,331770,134,7,82,341,33,59
995,331810,134,7,87,341,27,82
996,594032,134,11,58,341,31,58
997,200837,134,3,74,341,31,63
998,331919,134,1,94,341,17,75
999,725315,134,13,77,341,33,76
1000,201045,134,1,80,341,21,83
1001,987479,134,3,73,341,23,80
1002,332142,134,7,77,341,33,67
1003,463242,134,7,78,341,33,68
1004,725474,134,1,89,341,27,78
1005,463388,134,7,79,341,37,81
1006,332385,134,7,76,341,37,95
1007,332396,134,1,59,341,17,66
1008,987777,134,3,72,341,23,60
1009,463624,134,7,84,341,33,79
1010,594720,134,7,72,341,33,72
1011,463651,134,1,79,341,23,87
1012,463773,134,1,86,341,21,84
1013,857058,134,7,80,341,21,62
1014,463990,134,3,75,341,21,57
1015,857379,134,3,75,341,23,68
1016,988567,134,3,84,341,23,72
1017,202136,134,1,81,341,21,67
1018,595358,134,1,82,341,21,64
1019,595424,134,1,71,341,21,54
1020,464421,134,1,97,341,17,97
1021,988805,134,3,58,341,37,52
1022,464520,134,3,80,341,31,73
1023,595834,134,3,81,341,23,64
1024,726915,134,11,61,341,25,62
1025,858006,134,3,72,341,31,86
1026,595921,134,3,72,341,21,51
1027,989166,134,11,76,341,33,68
1028,595955,134,7,50,341,41,63
1029,333837,134,3,57,341,31,60
1030,333878,134,7,84,341,21,67
1031,727097,134,1,80,341,23,89
1032,464961,134,3,69,341,31,56
1033,858284,134,7,80,341,27,66
1034,596203,134,3,79,341,31,70
1035,334070,134,3,90,341,31,56
1036,465175,134,5,90,341,17,74
1037,858555,134,3,86,341,31,68
1038,858664,134,1,69,341,33,33
1039,858664,134,1,69,341,41,37
1040,858664,134,1,69,341,43,50
1041,858707,134,3,61,341,21,62
1042,465896,134,1,65,341,11,56
1043,990337,134,7,80,341,33,74
1044,859304,134,3,71,341,31,75
1045,204078,134,1,73,341,23,85
1046,204094,134,3,80,341,23,50
1047,859548,134,7,60,341,33,50
1048,335262,134,1,68,341,23,68
1049,859678,134,3,82,341,23,68
1050,859699,134,1,64,341,21,56
1051,990822,134,9,78,341,25,60
1052,728898,134,3,81,341,23,80
1053,204674,134,11,51,341,31,63
1054,204747,134,1,81,341,27,74
1055,991243,134,3,85,341,21,85
1056,205043,134,3,69,341,31,52
1057,860468,134,7,85,341,27,94
1058,991696,134,3,67,341,37,81
1059,598481,134,7,92,341,33,61
1060,598574,134,7,71,341,33,89
1061,729651,134,13,71,341,33,51
1062,860920,134,3,67,341,31,58
1063,598805,134,11,82,341,23,42
1064,467787,134,3,90,341,31,99
1065,205764,134,7,66,341,41,63
1066,730056,134,7,87,341,27,80
1067,730151,134,7,85,341,27,67
1068,337130,134,3,86,341,21,87
1069,599298,134,7,84,341,33,74
1070,992622,134,21,76,341,41,64
1071,992766,134,1,70,341,27,51
1072,468600,134,1,84,341,11,75
1073,206528,134,1,82,341,17,85
1074,468781,134,7,90,341,33,88
1075,206730,134,3,83,341,21,69
1076,993216,134,7,79,341,27,74
1077,206799,134,7,71,341,31,51
1078,468945,134,3,74,341,23,66
1079,337892,134,1,75,341,29,92
1080,731136,134,7,70,341,33,58
1081,731229,134,7,69,341,33,62
1082,206966,134,1,80,341,23,58
1083,206978,134,1,90,341,21,79
1084,600205,134,7,65,341,25,59
1085,862353,134,1,74,341,17,74
1086,338114,134,11,82,341,43,83
1087,469242,134,7,82,341,31,70
1088,338314,134,3,81,341,31,62
1089,469473,134,9,92,341,19,85
1090,862759,134,3,88,341,23,88
1091,862804,134,11,85,341,31,74
1092,993946,134,3,87,341,23,90
1093,600744,134,1,83,341,31,64
1094,731918,134,3,80,341,21,67
1095,994105,134,7,83,341,33,69
1096,207735,134,1,93,341,27,83
1097,863151,134,7,79,341,27,70
1098,207804,134,3,84,341,31,81
1099,207934,134,1,85,341,13,93
1100,601356,134,3,33,341,33,82
1101,601356,134,11,58,341,33,82
1102,470315,134,13,76,341,33,70
1103,732693,134,7,95,341,27,83
1104,863783,134,3,82,341,21,67
1105,994897,134,7,82,341,27,80
1106,470742,134,1,71,341,21,57
1107,733072,134,3,86,341,23,84
1108,471017,134,3,81,341,17,45
1109,471017,134,3,81,341,23,63
1110,471025,134,9,73,341,29,77
1111,995406,134,3,86,341,31,72
1112,602193,134,1,77,341,27,86
1113,471336,134,13,73,341,33,59
1114,864581,134,7,83,341,31,59
1115,995654,134,1,84,341,31,87
1116,995797,134,1,82,341,23,70
1117,209462,134,3,92,341,31,80
1118,733831,134,3,81,341,31,77
1119,209764,134,7,81,341,21,65
1120,209846,134,1,76,341,21,55
1121,472265,134,3,81,341,23,78
1122,603374,134,1,71,341,27,51
1123,341241,134,3,76,341,17,80
1124,734472,134,11,66,341,31,57
1125,472339,134,7,57,341,33,62
1126,603463,134,11,72,341,53,58
1127,865618,134,1,77,341,21,73
1128,603550,134,13,80,341,33,71
1129,341410,134,3,87,341,23,80
1130,603559,134,1,71,341,21,75
1131,210526,134,7,81,341,33,57
1132,996959,134,1,94,341,11,100
1133,210543,134,3,73,341,31,60
1134,603786,134,7,73,341,27,55
1135,210593,134,3,66,341,23,72
1136,210747,134,7,82,341,33,92
1137,997298,134,3,92,341,21,95
1138,604300,134,3,65,341,31,67
1139,604412,134,3,78,341,21,55
1140,735525,134,7,73,341,27,78
1141,473457,134,3,67,341,31,71
1142,604538,134,7,61,341,57,58
1143,735831,134,3,74,341,31,44
1144,735831,134,3,74,341,37,57
1145,342706,134,13,83,341,43,65
1146,998433,134,5,72,341,21,60
1147,343076,134,7,71,341,27,64
1148,212027,134,1,65,341,33,64
1149,605447,134,15,67,341,27,60
1150,605447,134,17,83,341,27,60
1151,343377,134,1,86,341,33,68
1152,212338,134,3,73,341,23,64
1153,605558,134,1,93,341,27,100
1154,998861,134,1,74,341,19,38
1155,998861,134,1,74,341,39,52
1156,736761,134,7,73,341,27,71
1157,998981,134,7,56,341,27,58
1158,999029,134,3,83,341,23,96
1159,212602,134,3,80,341,21,71
1160,736895,134,3,70,341,37,65
1161,474754,134,7,82,341,27,71
1162,736900,134,7,83,341,33,69
1163,605864,134,3,75,341,31,61
1164,736998,134,3,85,341,31,88
1165,343799,134,13,75,341,33,55
1166,343902,134,27,53,341,47,50
1167,475101,134,13,77,341,41,64
1168,344060,134,3,67,341,43,67
1169,475198,134,1,74,341,23,70
1170,475199,134,11,76,341,25,78
1171,475271,134,1,93,341,17,95
1172,475295,134,3,78,341,23,64
1173,737440,134,3,89,341,37,62
1174,213192,134,3,73,341,31,66
1175,868666,134,3,51,341,33,50
1176,868699,134,7,78,341,17,67
1177,737879,134,1,88,341,23,92
1178,475829,134,3,74,341,31,78
1179,738051,134,7,46,341,33,63
1180,738051,134,13,76,341,33,63
1181,475963,134,7,90,341,33,100
1182,738198,134,7,78,341,27,83
1183,738234,134,7,79,341,27,73
1184,738415,134,1,91,341,21,98
1185,214155,134,7,82,341,27,68
1186,476353,134,7,84,341,33,87
1187,607575,134,3,75,341,17,71
1188,476535,134,1,63,341,27,72
1189,476552,134,1,80,341,23,90
1190,476637,134,7,56,341,27,53
1191,345603,134,3,50,341,37,61
1192,345603,134,11,71,341,37,61
1193,345811,134,3,72,341,23,43
1194,345811,134,3,72,341,37,85
1195,870223,134,7,85,341,33,82
1196,214974,134,7,50,341,41,70
1197,215026,134,3,71,341,31,60
1198,346194,134,3,42,341,31,60
1199,346194,134,11,85,341,31,60
1200,215168,134,1,96,341,33,87
1201,215186,134,7,91,341,27,76
1202,739497,134,1,75,341,31,51
1203,739505,134,7,74,341,33,62
1204,346424,134,3,56,341,31,57
1205,477636,134,7,73,341,27,81
1206,346601,134,7,76,341,27,70
1207,346876,134,3,69,341,31,65
1208,478067,134,7,71,341,33,68
1209,216073,134,7,77,341,27,69
1210,609338,134,7,93,341,23,97
1211,347233,134,7,83,341,21,60
1212,871591,134,3,82,341,31,86
1213,871671,134,9,57,341,29,38
1214,347473,134,7,79,341,33,72
1215,478616,134,1,80,341,21,91
1216,609737,134,1,72,341,23,50
1217,609843,134,11,76,341,21,65
1218,347787,134,1,46,341,49,28
1219,347787,134,11,76,341,49,28
1220,741084,134,3,62,341,23,55
1221,741351,134,3,80,341,23,81
1222,217088,134,13,63,341,33,67
1223,348184,134,11,78,341,31,58
1224,479549,134,9,81,341,21,64
1225,479916,134,1,90,341,37,83
1226,479959,134,7,76,341,27,71
1227,348993,134,3,88,341,31,91
1228,348995,134,3,93,341,31,75
1229,611330,134,3,81,341,31,86
1230,742868,134,3,79,341,23,53
1231,349725,134,1,72,341,15,61
1232,742951,134,9,79,341,25,50
1233,742965,134,13,70,341,33,86
1234,743057,134,3,79,341,31,74
1235,481096,134,1,77,341,27,72
1236,743295,134,7,65,341,33,67
1237,350328,134,7,72,341,33,78
1238,874681,134,1,94,341,27,97
1239,219457,134,3,68,341,31,65
1240,743900,134,7,63,341,31,69
1241,874976,134,11,68,341,41,5
1242,874976,134,11,68,341,43,32
1243,874976,134,11,68,341,47,57
1244,612889,134,11,92,341,31,61
1245,744019,134,1,87,341,33,90
1246,481876,134,7,84,341,27,70
1247,219758,134,3,79,341,17,67
1248,481904,134,1,74,341,23,44
1249,481904,134,1,74,341,31,70
1250,219874,134,1,84,341,21,75
1251,219884,134,1,75,341,27,70
1252,613199,134,3,62,341,33,74
1253,744326,134,3,60,341,43,39
1254,744326,134,3,60,341,51,40
1255,744326,134,3,60,341,53,46
1256,744326,134,3,60,341,57,61
1257,613418,134,3,75,341,37,64
1258,875633,134,1,74,341,37,74
1259,351376,134,1,66,341,19,41
1260,351376,134,1,66,341,25,64
1261,351450,134,7,73,341,41,50
1262,613828,134,3,53,341,37,65
1263,351725,134,13,93,341,27,88
1264,220720,134,1,85,341,33,100
1265,745016,134,3,76,341,21,75
1266,613958,134,1,81,341,17,78
1267,482890,134,1,73,341,21,75
1268,351962,134,3,91,341,31,91
1269,483181,134,1,72,341,33,68
1270,483216,134,3,63,341,23,76
1271,483239,134,11,76,341,23,52
1272,876498,134,7,84,341,27,78
1273,614383,134,3,85,341,31,81
1274,483364,134,3,66,341,21,61
1275,746323,134,1,60,341,29,62
1276,484317,134,7,77,341,23,81
1277,615617,134,3,76,341,23,66
1278,746859,134,1,74,341,13,65
1279,222612,134,1,58,341,27,73
1280,353699,134,3,76,341,23,83
1281,353817,134,3,85,341,21,72
1282,222861,134,3,86,341,23,73
1283,878423,134,3,78,341,23,60
1284,616318,134,1,81,341,23,65
1285,878579,134,7,74,341,27,74
1286,223242,134,7,66,341,27,74
1287,354374,134,7,66,341,33,51
1288,747686,134,3,61,341,33,63
1289,485739,134,3,72,341,23,64
1290,616836,134,7,71,341,33,63
1291,616845,134,3,88,341,31,76
1292,616953,134,7,78,341,33,66
1293,223825,134,7,80,341,23,86
1294,748196,134,1,74,341,23,80
1295,879301,134,1,86,341,21,79
1296,486118,134,11,82,341,31,72
1297,879361,134,1,85,341,17,61
1298,355306,134,3,69,341,23,62
1299,224284,134,7,69,341,27,50
1300,486498,134,1,72,341,13,57
1301,224408,134,7,83,341,27,57
1302,355480,134,7,92,341,27,81
1303,224540,134,3,65,341,23,64
1304,355687,134,7,72,341,27,52
1305,486792,134,3,88,341,23,68
1306,486892,134,3,69,341,31,51
1307,355843,134,1,95,341,29,100
1308,224802,134,3,71,341,23,50
1309,880321,134,1,70,341,33,77
1310,224963,134,11,59,341,41,66
1311,749303,134,3,78,341,23,59
1312,749370,134,3,72,341,23,71
1313,618350,134,7,61,341,33,56
1314,487313,134,11,88,341,31,76
1315,618429,134,3,82,341,23,33
1316,618429,134,3,82,341,43,50
1317,225543,134,9,70,341,29,71
1318,487698,134,7,68,341,33,55
1319,618936,134,3,80,341,13,73
1320,619201,134,7,50,341,21,66
1321,619241,134,7,70,341,21,79
1322,881437,134,1,83,341,17,85
1323,488245,134,1,65,341,27,34
1324,488245,134,1,65,341,43,61
1325,488286,134,3,76,341,31,83
1326,226187,134,13,70,341,41,59
1327,881730,134,1,87,341,17,74
1328,881818,134,7,81,341,43,80
1329,881832,134,13,69,341,43,52
1330,488753,134,3,70,341,31,55
1331,226648,134,1,73,341,21,63
1332,488815,134,13,58,341,41,54
1333,619897,134,7,56,341,43,69
1334,882074,134,11,72,341,27,73
1335,751003,134,13,84,341,27,87
1336,488886,134,5,64,341,35,72
1337,489068,134,7,86,341,27,87
1338,882555,134,3,83,341,31,86
1339,620507,134,7,80,341,27,72
1340,358392,134,5,83,341,21,62
1341,751616,134,1,78,341,21,74
1342,358439,134,7,83,341,33,86
1343,358597,134,7,90,341,27,96
1344,489837,134,7,93,341,27,71
1345,227834,134,1,94,341,21,69
1346,227964,134,3,73,341,23,50
1347,228065,134,3,76,341,23,70
1348,359156,134,1,80,341,23,81
1349,883450,134,7,64,341,31,65
1350,359163,134,7,61,341,27,58
1351,490250,134,13,71,341,41,53
1352,490343,134,3,80,341,23,67
1353,490343,134,3,80,341,31,86
1354,490394,134,7,84,341,27,75
1355,752642,134,7,84,341,33,62
1356,359475,134,3,64,341,23,45
1357,359475,134,3,64,341,31,71
1358,621636,134,7,88,341,23,93
1359,883885,134,1,68,341,21,51
1360,228641,134,7,77,341,31,30
1361,753021,134,11,72,341,25,72
1362,228896,134,3,82,341,31,62
1363,491142,134,3,73,341,23,29
1364,229007,134,3,72,341,31,37
1365,229007,134,3,72,341,37,44
1366,229007,134,3,72,341,43,72
1367,360153,134,3,73,341,31,70
1368,491236,134,3,59,341,31,55
1369,491431,134,3,69,341,31,65
1370,229325,134,7,80,341,27,68
1371,229365,134,7,84,341,33,67
1372,360509,134,1,77,341,21,52
1373,491648,134,1,86,341,27,35
1374,491648,134,1,86,341,41,65
1375,360593,134,1,67,341,21,67
1376,622740,134,1,54,341,21,71
1377,885022,134,3,60,341,31,65
1378,491868,134,7,81,341,33,74
1379,229755,134,3,82,341,31,87
1380,622976,134,7,42,341,43,52
1381,622976,134,13,64,341,43,52
1382,360949,134,5,78,341,31,61
1383,623146,134,1,56,341,35,57
1384,754307,134,11,53,341,25,67
1385,361253,134,1,66,341,23,44
1386,361253,134,1,66,341,37,50
1387,885592,134,3,64,341,23,63
1388,230295,134,7,90,341,17,85
1389,885705,134,3,75,341,17,63
1390,361513,134,3,95,341,13,90
1391,230455,134,7,73,341,21,69
1392,492695,134,3,81,341,37,66
1393,492712,134,3,70,341,31,53
1394,230760,134,13,79,341,31,73
1395,493125,134,1,81,341,23,74
1396,231018,134,9,60,341,25,58
1397,231018,134,11,79,341,25,58
1398,493191,134,7,66,341,27,63
1399,755336,134,1,84,341,21,84
1400,231057,134,1,58,341,29,67
1401,362142,134,3,57,341,31,59
1402,231120,134,3,70,341,21,63
1403,362218,134,3,68,341,23,58
1404,100134,134,7,79,341,33,61
1405,755603,134,7,80,341,33,75
1406,362545,134,1,74,341,21,67
1407,886834,134,3,82,341,23,36
1408,886834,134,3,82,341,31,72
1409,362557,134,11,69,341,23,62
1410,231534,134,7,86,341,33,80
1411,100485,134,7,82,341,21,64
1412,886957,134,3,66,341,31,61
1413,362682,134,3,42,341,33,44
1414,362682,134,3,42,341,41,55
1415,362682,134,11,71,341,33,44
1416,362682,134,11,71,341,41,55
1417,100728,134,3,76,341,21,76
1418,362948,134,7,80,341,33,100
1419,494021,134,7,80,341,27,69
1420,100816,134,1,64,341,13,54
1421,756232,134,1,79,341,17,93
1422,232022,134,11,78,341,21,74
1423,887441,134,7,79,341,27,81
1424,887666,134,3,93,341,23,76
1425,363423,134,3,90,341,23,77
1426,101324,134,3,73,341,23,65
1427,887798,134,3,76,341,31,77
1428,887826,134,13,80,341,33,66
1429,494623,134,11,79,341,23,84
1430,101474,134,3,74,341,17,59
1431,363625,134,7,73,341,33,54
1432,756932,134,1,85,341,17,88
1433,364132,134,7,67,341,33,50
1434,757369,134,3,70,341,31,69
1435,626370,134,3,83,341,21,81
1436,233392,134,1,85,341,29,100
1437,626789,134,3,82,341,21,81
1438,888934,134,1,65,341,51,60
1439,757882,134,11,75,341,31,74
1440,364752,134,11,66,341,31,61
1441,102745,134,1,71,341,23,68
1442,495977,134,1,68,341,23,44
1443,495977,134,1,68,341,31,64
1444,102763,134,3,43,341,37,66
1445,102763,134,11,68,341,37,66
1446,627073,134,3,57,341,31,87
1447,496069,134,3,60,341,17,60
1448,627180,134,9,72,341,35,77
1449,365271,134,1,100,341,31,95
1450,234236,134,3,65,341,17,72
1451,365349,134,3,73,341,21,53
1452,103216,134,3,83,341,23,73
1453,365832,134,3,83,341,23,64
1454,628068,134,3,80,341,23,70
1455,366018,134,7,58,341,33,63
1456,628260,134,3,84,341,23,58
1457,890406,134,3,83,341,21,66
1458,104016,134,1,99,341,13,100
1459,890499,134,3,59,341,17,54
1460,890548,134,7,79,341,27,64
1461,366278,134,3,87,341,13,89
1462,497362,134,7,63,341,33,70
1463,628510,134,7,74,341,27,55
1464,890687,134,1,80,341,21,42
1465,890687,134,1,80,341,27,63
1466,104345,134,3,83,341,23,84
1467,628781,134,3,70,341,31,84
1468,628806,134,7,87,341,33,92
1469,104655,134,3,95,341,23,94
1470,628979,134,3,80,341,21,67
1471,498116,134,3,67,341,17,74
1472,891420,134,1,88,341,21,71
1473,629282,134,3,84,341,23,62
1474,105233,134,7,73,341,33,81
1475,629566,134,1,64,341,31,68
1476,760680,134,3,83,341,17,76
1477,891794,134,3,77,341,23,78
1478,498686,134,3,70,341,43,78
1479,367687,134,1,86,341,23,37
1480,367687,134,1,86,341,31,71
1481,498827,134,3,74,341,23,65
1482,367763,134,1,84,341,33,63
1483,892060,134,7,83,341,33,84
1484,367784,134,7,78,341,41,59
1485,498863,134,3,70,341,23,50
1486,630010,134,3,74,341,13,67
1487,761126,134,7,76,341,23,50
1488,499055,134,13,80,341,33,61
1489,236947,134,1,74,341,23,84
1490,368144,134,1,85,341,27,82
1491,368181,134,7,72,341,25,61
1492,499277,134,3,78,341,37,78
1493,499434,134,7,95,341,27,91
1494,630751,134,3,55,341,23,66
1495,892934,134,7,80,341,27,70
1496,761890,134,7,46,341,37,63
1497,761890,134,17,84,341,37,63
1498,237627,134,13,88,341,33,37
1499,237627,134,13,88,341,37,79
1500,500063,134,3,68,341,23,67
1501,762273,134,11,63,341,21,66
1502,106994,134,7,66,341,33,62
1503,631333,134,7,67,341,23,43
1504,631333,134,7,67,341,27,67
1505,369321,134,1,56,341,23,60
1506,631476,134,3,83,341,23,63
1507,369336,134,3,78,341,23,75
1508,762732,134,3,60,341,21,52
1509,893883,134,1,63,341,37,56
1510,631757,134,13,75,341,43,56
1511,893984,134,11,70,341,21,59
1512,107606,134,7,82,341,27,80
1513,500918,134,1,74,341,33,73
1514,894171,134,11,74,341,21,50
1515,238895,134,5,75,341,25,72
1516,239055,134,7,76,341,27,60
1517,763357,134,3,79,341,31,78
1518,894432,134,1,74,341,21,64
1519,632304,134,1,57,341,27,54
1520,632324,134,3,96,341,23,90
1521,370189,134,7,57,341,41,63
1522,108104,134,3,79,341,23,88
1523,370369,134,1,86,341,17,91
1524,370401,134,7,87,341,33,31
1525,894735,134,1,77,341,27,63
1526,632796,134,1,63,341,29,73
1527,763886,134,7,89,341,23,91
1528,894965,134,1,70,341,21,67
1529,632879,134,1,63,341,23,35
1530,632879,134,1,63,341,37,51
1531,632883,134,11,87,341,27,77
1532,239685,134,9,82,341,21,70
1533,632916,134,7,90,341,33,85
1534,632923,134,3,65,341,23,65
1535,501869,134,5,88,341,19,59
1536,239764,134,7,89,341,27,82
1537,895235,134,1,84,341,23,85
1538,633101,134,5,73,341,15,62
1539,764296,134,3,88,341,31,91
1540,240013,134,7,55,341,33,83
1541,633284,134,7,80,341,27,70
1542,371297,134,11,86,341,21,53
1543,109191,134,7,68,341,31,55
1544,502431,134,3,74,341,31,67
1545,502458,134,7,87,341,33,70
1546,895725,134,7,80,341,33,68
1547,371597,134,3,67,341,31,75
1548,109583,134,3,75,341,13,72
1549,633871,134,1,61,341,27,72
1550,633975,134,3,68,341,23,44
1551,633975,134,3,68,341,31,65
1552,765222,134,7,77,341,27,70
1553,896338,134,7,83,341,33,60
1554,896416,134,3,78,341,13,75
1555,241229,134,3,57,341,23,44
1556,241229,134,3,57,341,31,58
1557,634522,134,3,75,341,27,45
1558,634522,134,3,75,341,33,64
1559,634570,134,3,68,341,33,54
1560,372433,134,13,64,341,33,54
1561,372449,134,3,80,341,31,75
1562,765735,134,1,77,341,37,69
1563,241630,134,3,57,341,31,72
1564,372931,134,7,57,341,33,44
1565,372931,134,7,57,341,37,53
1566,504135,134,7,76,341,21,80
1567,373117,134,1,69,341,33,65
1568,373277,134,3,76,341,23,70
1569,242213,134,1,83,341,27,92
1570,504622,134,7,73,341,33,62
1571,635702,134,1,50,341,41,100
1572,897918,134,7,80,341,27,56
1573,504735,134,3,73,341,23,62
1574,766899,134,1,68,341,17,56
1575,766939,134,5,72,341,31,65
1576,111705,134,3,98,341,31,100
1577,111725,134,3,67,341,31,71
1578,636160,134,7,86,341,33,96
1579,767256,134,11,63,341,41,55
1580,898333,134,3,83,341,23,51
1581,374049,134,3,71,341,23,62
1582,505132,134,7,78,341,27,70
1583,243016,134,7,70,341,27,67
1584,898420,134,1,85,341,27,85
1585,112075,134,7,65,341,27,70
1586,898630,134,7,87,341,27,82
1587,112319,134,3,82,341,23,73
1588,767989,134,3,90,341,23,68
1589,505852,134,3,87,341,31,77
1590,768096,134,3,80,341,27,70
1591,899194,134,11,53,341,33,69
1592,112786,134,7,62,341,37,61
1593,637088,134,3,77,341,37,71
1594,375276,134,7,62,341,33,56
1595,244302,134,7,64,341,17,77
1596,768598,134,3,71,341,23,66
1597,637540,134,1,76,341,23,82
1598,375409,134,3,93,341,27,100
1599,768803,134,3,71,341,21,90
1600,375647,134,1,99,341,23,100
1601,375657,134,1,82,341,23,77
1602,244825,134,7,82,341,33,61
1603,375953,134,11,87,341,39,65
1604,769467,134,3,81,341,31,74
1605,638432,134,3,78,341,31,72
1606,376323,134,3,80,341,33,76
1607,114251,134,3,88,341,27,54
1608,900951,134,1,64,341,17,61
1609,770022,134,1,96,341,23,99
1610,770031,134,3,78,341,31,66
1611,376844,134,1,97,341,31,100
1612,377037,134,5,94,341,29,75
1613,639227,134,3,66,341,31,71
1614,246072,134,13,77,341,37,59
1615,115091,134,1,66,341,37,65
1616,770570,134,3,79,341,27,57
1617,377435,134,3,71,341,31,46
1618,639661,134,3,84,341,37,60
1619,115390,134,3,61,341,31,56
1620,377569,134,1,65,341,31,80
1621,901942,134,11,76,341,37,90
1622,246595,134,3,67,341,31,63
1623,508799,134,7,87,341,33,58
1624,115745,134,1,61,341,41,68
1625,115779,134,1,81,341,33,68
1626,115792,134,3,42,341,31,62
1627,115792,134,11,76,341,31,62
1628,771173,134,11,74,341,31,50
1629,640108,134,3,80,341,31,75
1630,115860,134,7,87,341,27,92
1631,115908,134,7,84,341,27,78
1632,640287,134,3,66,341,23,58
1633,378369,134,3,71,341,31,61
1634,509483,134,1,77,341,23,62
1635,771921,134,1,88,341,21,71
1636,509806,134,1,56,341,33,66
1637,116897,134,3,81,341,37,82
1638,772295,134,3,70,341,31,64
1639,379213,134,7,75,341,27,76
1640,641362,134,7,72,341,33,63
1641,641436,134,9,79,341,45,78
1642,248227,134,13,76,341,33,68
1643,772538,134,13,58,341,41,67
1644,903640,134,7,97,341,27,94
1645,248346,134,7,80,341,33,63
1646,772654,134,3,68,341,27,70
1647,248422,134,1,83,341,27,51
1648,772868,134,3,78,341,31,86
1649,248613,134,7,90,341,33,89
1650,117800,134,7,92,341,33,77
1651,117876,134,3,73,341,31,57
1652,773343,134,7,87,341,27,87
1653,773420,134,1,70,341,31,74
1654,380235,134,3,51,341,47,66
1655,118092,134,1,70,341,23,71
1656,773507,134,3,42,341,23,67
1657,773507,134,11,50,341,23,67
1658,642550,134,13,75,341,33,76
1659,118287,134,11,81,341,23,63
1660,904805,134,9,77,341,25,38
1661,904836,134,9,67,341,25,70
1662,380573,134,7,83,341,33,81
1663,511846,134,7,68,341,27,62
1664,642974,134,3,77,341,41,82
1665,249857,134,11,67,341,23,60
1666,905254,134,3,77,341,23,75
1667,774213,134,7,87,341,27,88
1668,905311,134,1,57,341,21,46
1669,905311,134,1,57,341,35,68
1670,381111,134,1,87,341,23,60
1671,381127,134,7,71,341,27,70
1672,512223,134,3,94,341,21,88
1673,250100,134,1,81,341,33,69
1674,643421,134,3,79,341,31,83
1675,381387,134,11,87,341,29,68
1676,381432,134,7,79,341,41,63
1677,119339,134,3,78,341,33,41
1678,119339,134,3,78,341,41,62
1679,774771,134,3,83,341,31,82
1680,774811,134,3,63,341,33,64
1681,119515,134,5,66,341,29,41
1682,905955,134,7,91,341,27,93
1683,512823,134,7,73,341,33,45
1684,512823,134,7,73,341,41,42
1685,119688,134,7,77,341,27,89
1686,644059,134,1,96,341,11,96
1687,644105,134,13,72,341,33,76
1688,382062,134,3,59,341,13,71
1689,775286,134,7,73,341,21,66
1690,120050,134,1,88,341,23,76
1691,120215,134,3,78,341,23,93
1692,906699,134,7,89,341,31,93
1693,120364,134,9,78,341,21,58
1694,120378,134,3,85,341,27,83
1695,775823,134,7,69,341,33,85
1696,251596,134,1,82,341,21,65
1697,382748,134,13,65,341,33,66
1698,513894,134,3,69,341,23,65
1699,776061,134,7,85,341,27,65
1700,645183,134,7,71,341,33,65
1701,251978,134,3,72,341,31,72
1702,120936,134,3,79,341,31,88
1703,776335,134,7,81,341,37,81
1704,514205,134,11,61,341,37,50
1705,776404,134,7,77,341,27,72
1706,252296,134,9,77,341,25,67
1707,383404,134,1,65,341,29,63
1708,645552,134,3,80,341,21,68
1709,645642,134,11,65,341,23,67
1710,121392,134,7,72,341,27,60
1711,383570,134,1,81,341,21,67
1712,645724,134,3,76,341,31,61
1713,645741,134,9,72,341,21,59
1714,776878,134,1,72,341,31,58
1715,383689,134,7,75,341,27,70
1716,383763,134,7,84,341,33,78
1717,121661,134,3,81,341,41,99
1718,908120,134,13,76,341,43,43
1719,908120,134,13,76,341,51,69
1720,908134,134,3,85,341,17,70
1721,908161,134,13,46,341,33,59
1722,908161,134,21,68,341,33,59
1723,646218,134,5,51,341,21,57
1724,646346,134,3,88,341,13,81
1725,908561,134,3,89,341,13,76
1726,646445,134,5,94,341,19,95
1727,384348,134,7,79,341,27,55
1728,384386,134,1,91,341,19,81
1729,646601,134,7,61,341,27,62
1730,122472,134,1,84,341,27,86
1731,646820,134,3,74,341,37,87
1732,909032,134,3,73,341,21,50
1733,122665,134,3,82,341,21,73
1734,384815,134,3,85,341,27,80
1735,778032,134,1,67,341,21,64
1736,778120,134,3,85,341,23,92
1737,516037,134,7,75,341,33,62
1738,385133,134,1,56,341,13,30
1739,385133,134,1,56,341,21,50
1740,778399,134,1,60,341,31,57
1741,123181,134,7,96,341,21,78
1742,123187,134,3,79,341,31,63
1743,909623,134,7,55,341,33,40
1744,909623,134,7,55,341,41,79
1745,778643,134,13,66,341,37,58
1746,385436,134,1,76,341,23,73
1747,647590,134,1,82,341,21,53
1748,516555,134,3,85,341,23,64
1749,909823,134,3,86,341,23,76
1750,778841,134,3,37,341,31,68
1751,778841,134,11,66,341,31,68
1752,909980,134,3,94,341,31,80
1753,910055,134,7,67,341,33,50
1754,254739,134,3,80,341,13,50
1755,516981,134,7,83,341,31,62
1756,910200,134,1,77,341,33,60
1757,779164,134,7,68,341,27,59
1758,255096,134,7,89,341,33,90
1759,779462,134,3,82,341,31,83
1760,517366,134,3,73,341,17,71
1761,386436,134,7,71,341,27,78
1762,386471,134,7,64,341,31,68
1763,124369,134,1,57,341,35,73
1764,124369,134,21,83,341,35,73
1765,648672,134,7,92,341,27,85
1766,779772,134,1,93,341,23,93
1767,910893,134,3,78,341,23,64
1768,255542,134,1,70,341,23,44
1769,255542,134,1,70,341,31,50
1770,124550,134,7,87,341,33,75
1771,255716,134,3,78,341,31,73
1772,386823,134,3,45,341,37,54
1773,386823,134,11,53,341,37,54
1774,911172,134,3,91,341,31,95
1775,255833,134,1,88,341,27,60
1776,911260,134,3,70,341,21,50
1777,518161,134,7,72,341,33,37
1778,518161,134,7,72,341,47,55
1779,518208,134,1,79,341,23,81
1780,256091,134,3,76,341,23,55
1781,649404,134,7,67,341,33,62
1782,387277,134,7,94,341,33,100
1783,649454,134,3,70,341,31,65
1784,780616,134,9,85,341,19,56
1785,125322,134,1,85,341,21,88
1786,911794,134,7,60,341,33,64
1787,518605,134,1,43,341,27,64
1788,518605,134,7,74,341,27,64
1789,911863,134,7,77,341,21,57
1790,387798,134,3,84,341,31,94
1791,781031,134,7,67,341,17,68
1792,387912,134,7,70,341,27,77
1793,125780,134,7,60,341,33,57
1794,912312,134,1,62,341,21,63
1795,781255,134,7,86,341,33,84
1796,256970,134,3,92,341,23,92
1797,912408,134,3,87,341,23,76
1798,781353,134,7,73,341,33,46
1799,781353,134,7,73,341,37,66
1800,650380,134,1,86,341,21,77
1801,126131,134,1,52,341,21,69
1802,781716,134,5,79,341,21,60
1803,519633,134,1,80,341,27,66
1804,388684,134,7,89,341,27,64
1805,126560,134,9,68,341,19,51
1806,781922,134,11,69,341,27,59
1807,257798,134,1,76,341,29,70
1808,126772,134,7,76,341,27,70
1809,651171,134,7,59,341,33,60
1810,258184,134,13,81,341,33,58
1811,520372,134,3,59,341,23,52
1812,127292,134,11,53,341,33,59
1813,651702,134,1,95,341,23,97
1814,914167,134,1,90,341,23,99
1815,127843,134,3,80,341,31,76
1816,783260,134,7,82,341,27,50
1817,652192,134,3,79,341,31,68
1818,390061,134,1,98,341,23,94
1819,127988,134,11,61,341,29,65
1820,390232,134,1,91,341,43,89
1821,652446,134,1,78,341,33,59
1822,390335,134,11,55,341,39,56
1823,521410,134,7,52,341,33,52
1824,783574,134,1,52,341,41,60
1825,783605,134,3,89,341,21,76
1826,783907,134,7,79,341,33,57
1827,259654,134,7,79,341,33,86
1828,915015,134,3,91,341,17,72
1829,390839,134,7,77,341,17,71
1830,784071,134,3,78,341,23,80
1831,390860,134,7,74,341,33,46
1832,390860,134,7,74,341,37,73
1833,915208,134,3,79,341,31,79
1834,653126,134,3,75,341,23,70
1835,653133,134,7,88,341,27,91
1836,522108,134,3,75,341,37,83
1837,915429,134,3,74,341,33,50
1838,915442,134,5,87,341,15,80
1839,653399,134,7,83,341,23,71
1840,784479,134,1,86,341,23,76
1841,915647,134,1,87,341,31,75
1842,260290,134,7,59,341,27,56
1843,260290,134,7,59,341,33,52
1844,391425,134,7,87,341,27,83
1845,784675,134,7,81,341,27,81
1846,785014,134,7,80,341,27,71
1847,391981,134,7,74,341,27,95
1848,260970,134,7,83,341,27,82
1849,261000,134,1,75,341,31,71
1850,785372,134,1,87,341,21,91
1851,523428,134,7,84,341,33,90
1852,654503,134,3,76,341,23,73
1853,130217,134,11,57,341,27,55
1854,654571,134,7,82,341,27,56
1855,130302,134,3,61,341,31,69
1856,785682,134,1,72,341,21,66
1857,523643,134,1,93,341,15,96
1858,785788,134,7,78,341,17,57
1859,523731,134,5,65,341,25,69
1860,261605,134,3,70,341,21,87
1861,917019,134,1,71,341,21,72
1862,654883,134,3,69,341,31,62
1863,261820,134,7,90,341,27,99
1864,130852,134,1,86,341,27,71
1865,917303,134,11,71,341,23,43
1866,917303,134,11,71,341,27,66
1867,393040,134,11,65,341,41,38
1868,393040,134,11,65,341,43,51
1869,393059,134,13,83,341,31,32
