,StudentID,CourseNumber_x,Term_x,Grade_x,CourseNumber_y,Term_y,Grade_y
1,131188,134,7,39,251,17,71
2,131188,134,13,50,251,17,71
3,131252,134,7,80,251,13,84
4,917788,134,1,87,251,3,83
5,524634,134,7,82,251,13,86
6,918214,134,3,72,251,11,79
7,787296,134,1,87,251,3,84
8,918408,134,7,69,251,13,60
10,656717,134,7,65,251,13,68
11,263554,134,1,75,251,7,83
12,394640,134,1,82,251,3,89
13,525934,134,9,75,251,11,67
15,526102,134,3,81,251,11,75
16,526165,134,7,91,251,11,96
17,264142,134,1,91,251,11,84
18,526365,134,9,55,251,11,63
19,526365,134,9,55,251,25,79
20,788547,134,7,87,251,11,58
21,526476,134,1,76,251,11,71
22,133520,134,7,66,251,13,69
23,395676,134,5,71,251,9,61
24,526806,134,7,63,251,13,77
25,264746,134,3,84,251,13,90
26,920196,134,7,78,251,13,56
27,527032,134,3,72,251,17,76
28,264967,134,7,50,251,13,73
29,265140,134,9,62,251,15,52
30,396242,134,3,75,251,7,69
31,134110,134,3,91,251,11,86
32,920646,134,3,90,251,11,93
33,658523,134,1,85,251,7,92
34,396481,134,3,80,251,11,59
35,789824,134,9,82,251,11,80
36,265831,134,7,79,251,11,69
39,265956,134,1,78,251,7,85
40,134978,134,5,94,251,15,88
41,790412,134,9,70,251,11,62
42,528297,134,7,81,251,13,78
43,266156,134,3,83,251,11,79
44,266249,134,3,77,251,11,81
45,266465,134,7,74,251,13,78
46,790931,134,11,80,251,17,78
47,266750,134,13,73,251,21,72
48,266931,134,1,72,251,17,78
49,398060,134,7,86,251,13,68
50,660594,134,3,65,251,11,46
51,660594,134,3,65,251,13,67
52,922902,134,1,74,251,5,64
53,267721,134,3,85,251,11,78
54,398834,134,3,86,251,11,78
55,398848,134,7,66,251,13,62
56,792065,134,3,72,251,11,59
57,136770,134,11,85,251,17,86
58,398948,134,1,78,251,3,82
59,530055,134,3,88,251,11,69
60,923384,134,3,93,251,11,76
61,661296,134,3,70,251,11,58
62,399262,134,1,81,251,3,66
63,923620,134,3,72,251,11,86
64,923674,134,1,85,251,5,78
67,137521,134,3,69,251,7,85
68,399758,134,7,78,251,11,65
69,530835,134,9,58,251,11,46
70,530835,134,9,58,251,15,73
71,399788,134,1,82,251,7,74
72,924089,134,3,76,251,7,68
73,530912,134,1,66,251,5,68
74,662040,134,1,95,251,3,94
75,269007,134,11,78,251,17,87
77,924461,134,3,68,251,11,61
78,924489,134,1,82,251,7,59
79,793596,134,3,78,251,11,72
80,138275,134,7,73,251,13,80
81,793641,134,5,90,251,9,91
82,662695,134,7,56,251,17,40
83,662695,134,7,56,251,23,63
85,924921,134,7,85,251,11,62
86,531706,134,7,58,251,13,76
87,531965,134,7,76,251,13,62
88,925225,134,11,77,251,13,75
90,138858,134,7,81,251,13,60
91,269954,134,7,71,251,13,57
92,794306,134,3,75,251,11,80
93,663311,134,3,70,251,11,62
94,139307,134,3,56,251,13,57
95,925909,134,3,90,251,7,85
96,663821,134,1,74,251,9,74
97,532935,134,7,83,251,11,52
98,795093,134,3,80,251,11,64
99,139739,134,3,79,251,11,88
100,139773,134,1,92,251,13,85
101,401989,134,3,81,251,11,72
103,664243,134,7,71,251,13,81
104,664346,134,7,56,251,13,69
105,533296,134,7,76,251,13,88
106,533465,134,5,89,251,9,74
107,271379,134,7,70,251,13,81
108,271472,134,1,80,251,7,84
109,533628,134,3,84,251,11,80
110,140636,134,3,73,251,11,51
111,271716,134,11,79,251,23,87
112,533953,134,11,57,251,17,65
113,927188,134,1,60,251,3,5
114,927188,134,1,60,251,11,64
115,927348,134,1,75,251,11,96
116,796317,134,1,69,251,3,65
117,272064,134,7,67,251,13,73
118,403160,134,3,81,251,11,76
119,534333,134,3,81,251,13,73
120,403316,134,3,78,251,11,85
121,927632,134,9,78,251,11,69
122,272299,134,11,68,251,15,71
123,403404,134,1,76,251,5,80
124,403411,134,7,67,251,13,73
125,927785,134,7,79,251,13,81
126,665647,134,3,79,251,11,84
127,403527,134,1,93,251,5,81
128,534603,134,3,97,251,11,92
130,141393,134,21,60,251,41,90
132,927838,134,7,58,251,13,75
133,403623,134,7,74,251,13,66
134,403679,134,7,85,251,13,86
135,272678,134,1,84,251,7,81
136,403860,134,7,81,251,13,68
137,272814,134,3,84,251,17,83
138,404037,134,1,79,251,7,79
139,928379,134,1,66,251,7,76
140,273106,134,9,79,251,11,91
141,928493,134,1,79,251,7,64
142,273177,134,7,71,251,13,61
143,797465,134,7,73,251,23,83
144,273411,134,9,73,251,11,88
145,797723,134,3,88,251,11,91
147,273575,134,1,81,251,3,88
148,666823,134,3,63,251,11,69
149,404743,134,3,91,251,11,78
150,142656,134,7,87,251,13,63
151,142701,134,3,67,251,11,64
152,536105,134,7,93,251,13,84
153,143030,134,13,75,251,21,73
154,667372,134,7,86,251,13,92
155,536307,134,1,90,251,3,93
156,143106,134,13,73,251,21,58
157,143180,134,7,61,251,21,63
158,798583,134,3,72,251,11,73
159,405442,134,11,64,251,17,77
160,929778,134,3,78,251,11,94
161,143436,134,3,85,251,11,84
162,929911,134,7,79,251,13,85
163,798862,134,11,82,251,13,85
164,930012,134,3,88,251,23,86
165,274686,134,7,77,251,13,76
166,930059,134,7,76,251,13,82
167,667935,134,3,75,251,23,76
169,143989,134,3,64,251,11,59
170,144003,134,1,79,251,7,73
171,930463,134,1,95,251,3,84
172,930464,134,3,45,251,17,72
173,930464,134,11,69,251,17,72
174,537387,134,7,73,251,13,79
175,799627,134,1,88,251,7,81
176,144275,134,1,79,251,7,71
177,537542,134,3,80,251,11,90
178,275464,134,3,77,251,11,68
179,406619,134,7,84,251,13,94
180,668864,134,3,68,251,11,81
181,800073,134,3,82,251,11,73
182,669024,134,3,80,251,11,80
183,931291,134,1,93,251,17,90
184,275968,134,3,79,251,11,79
185,275984,134,11,66,251,15,68
186,144975,134,3,67,251,11,75
188,276171,134,1,77,251,3,78
189,800535,134,7,85,251,13,91
190,276256,134,3,80,251,11,65
191,800560,134,5,60,251,9,77
192,407379,134,13,76,251,21,86
193,669558,134,3,84,251,11,70
194,145284,134,3,69,251,11,63
195,538625,134,3,91,251,7,78
196,669744,134,3,81,251,11,60
197,407676,134,7,80,251,13,78
198,145566,134,3,70,251,11,67
199,932001,134,7,87,251,13,90
200,669968,134,3,63,251,11,61
201,932347,134,3,73,251,11,68
202,277011,134,7,76,251,13,70
203,932437,134,7,88,251,13,89
204,146062,134,1,77,251,3,72
205,801457,134,1,78,251,3,73
206,801568,134,7,63,251,13,64
208,670702,134,1,90,251,7,83
209,670826,134,7,68,251,13,57
210,146601,134,1,68,251,13,73
212,802148,134,3,73,251,11,63
213,671191,134,7,89,251,13,86
214,933353,134,3,93,251,11,99
215,671211,134,3,70,251,11,65
216,278032,134,13,95,251,21,93
217,933410,134,3,83,251,11,85
218,802383,134,7,85,251,13,80
219,671697,134,1,80,251,9,67
220,540811,134,3,57,251,11,46
221,540811,134,3,57,251,13,92
222,278894,134,3,91,251,7,80
223,672162,134,7,79,251,27,75
224,672188,134,7,77,251,13,62
226,279009,134,9,64,251,11,71
227,803347,134,3,82,251,11,73
228,148002,134,7,73,251,13,70
229,934488,134,1,70,251,11,85
230,279140,134,3,60,251,11,70
231,803496,134,13,70,251,21,88
232,541367,134,1,64,251,7,79
233,934598,134,1,61,251,9,53
234,148179,134,3,71,251,11,90
235,803613,134,7,43,251,31,71
236,803613,134,21,66,251,31,71
237,410494,134,3,78,251,7,80
238,410514,134,3,68,251,11,72
239,148423,134,7,83,251,13,88
240,148488,134,7,77,251,13,76
241,541730,134,7,78,251,13,84
242,804026,134,11,81,251,13,84
243,672977,134,1,69,251,11,54
244,673030,134,7,73,251,13,69
245,673036,134,3,93,251,11,80
246,542140,134,9,65,251,19,64
247,149016,134,9,68,251,11,73
248,804514,134,3,54,251,23,60
249,280343,134,1,43,251,15,73
250,280343,134,9,64,251,15,73
251,411554,134,1,75,251,3,67
252,935908,134,5,74,251,9,64
253,149604,134,7,84,251,13,81
254,673919,134,1,75,251,7,89
256,542919,134,3,66,251,11,74
257,542945,134,1,50,251,13,75
258,542953,134,7,63,251,13,65
259,280810,134,7,64,251,13,76
260,805149,134,1,79,251,7,68
261,280876,134,1,64,251,3,84
262,805252,134,7,81,251,13,86
263,674212,134,3,76,251,7,78
264,936396,134,3,75,251,11,80
265,674288,134,11,61,251,13,76
266,674299,134,1,80,251,11,54
267,543267,134,3,79,251,11,69
268,150060,134,5,60,251,11,62
269,674495,134,19,73,251,29,81
270,150281,134,3,72,251,11,55
271,543870,134,3,65,251,11,87
272,675020,134,7,63,251,13,65
273,544112,134,3,65,251,11,75
274,150906,134,7,73,251,13,71
275,806285,134,1,50,251,11,64
276,806285,134,3,76,251,11,64
277,544250,134,1,77,251,3,67
279,282169,134,3,91,251,11,90
280,937616,134,7,70,251,21,61
281,151211,134,3,59,251,11,71
282,282296,134,11,65,251,13,61
283,675865,134,1,79,251,11,53
284,544800,134,1,94,251,11,97
286,938326,134,7,84,251,13,90
287,938333,134,1,69,251,3,81
289,676457,134,1,79,251,13,78
290,283256,134,3,81,251,7,62
291,807636,134,1,84,251,21,74
292,283452,134,1,91,251,3,91
293,414539,134,5,94,251,9,94
294,283569,134,3,78,251,11,89
295,545723,134,5,67,251,19,61
296,152510,134,3,73,251,11,76
297,152740,134,9,66,251,15,69
298,283841,134,3,73,251,11,73
299,808153,134,1,80,251,7,86
300,677095,134,1,76,251,5,72
301,808173,134,3,61,251,21,56
302,939316,134,3,80,251,11,84
303,939437,134,7,76,251,13,77
304,939574,134,3,81,251,11,87
305,677437,134,3,90,251,11,81
306,677618,134,3,68,251,11,86
308,415529,134,3,66,251,11,63
309,284521,134,1,62,251,7,66
310,939882,134,3,81,251,11,85
311,153499,134,7,75,251,13,73
312,808900,134,1,84,251,7,85
313,940068,134,1,89,251,27,79
314,153736,134,3,68,251,11,83
315,415986,134,5,68,251,11,61
316,809226,134,1,84,251,13,44
317,809226,134,1,84,251,21,80
318,284991,134,7,80,251,13,73
319,547192,134,7,79,251,13,83
320,154029,134,3,81,251,11,86
321,416222,134,3,73,251,11,87
322,809553,134,3,58,251,17,61
323,285269,134,13,69,251,21,67
324,154198,134,9,62,251,11,83
326,154672,134,7,79,251,13,83
327,154687,134,21,46,251,27,66
330,155203,134,7,65,251,13,45
331,155203,134,7,65,251,21,74
333,155208,134,13,64,251,21,46
334,286285,134,7,64,251,13,71
335,810574,134,7,83,251,13,75
336,417409,134,7,89,251,13,91
337,810736,134,3,79,251,7,71
338,417524,134,7,72,251,13,68
339,286551,134,7,70,251,13,74
340,155496,134,7,79,251,13,74
341,286600,134,5,81,251,7,69
342,942002,134,1,95,251,3,96
343,679954,134,3,86,251,13,65
345,417896,134,7,88,251,13,86
346,942196,134,1,98,251,3,95
347,549082,134,1,96,251,3,89
348,418078,134,1,83,251,9,69
349,287048,134,3,85,251,11,82
350,942524,134,7,72,251,13,69
351,811535,134,7,77,251,13,67
352,549481,134,7,83,251,13,85
353,418491,134,3,57,251,11,78
354,680809,134,1,84,251,3,85
355,549771,134,1,58,251,7,40
356,418755,134,7,75,251,13,58
357,943075,134,3,95,251,11,94
358,549939,134,3,91,251,11,80
359,287896,134,1,80,251,7,61
360,419004,134,3,82,251,11,71
361,287964,134,3,72,251,11,62
362,287987,134,7,83,251,13,91
363,287990,134,3,75,251,11,71
364,550182,134,11,50,251,27,70
365,550182,134,17,82,251,27,70
366,943538,134,7,68,251,11,60
367,550330,134,3,71,251,11,94
368,419303,134,3,77,251,11,72
369,419311,134,1,79,251,3,74
370,157271,134,1,95,251,3,67
371,288426,134,11,69,251,13,67
373,157391,134,1,72,251,3,57
374,681731,134,13,38,251,27,88
375,681731,134,21,60,251,27,88
376,681802,134,3,87,251,7,86
377,943989,134,7,87,251,13,63
378,943990,134,1,89,251,11,61
379,288636,134,7,89,251,21,99
380,157683,134,3,66,251,11,54
381,419973,134,1,91,251,7,92
382,288910,134,1,24,251,11,70
383,288910,134,9,71,251,11,70
384,158040,134,1,76,251,7,89
385,158128,134,7,72,251,13,69
386,158133,134,1,75,251,7,70
387,813779,134,3,82,251,11,78
388,551784,134,3,80,251,11,75
389,289655,134,3,82,251,11,68
390,551818,134,3,63,251,17,60
391,158683,134,1,80,251,7,77
392,158753,134,3,86,251,11,78
393,683125,134,3,69,251,7,64
395,421562,134,3,76,251,11,80
396,290499,134,7,69,251,11,69
397,683941,134,3,75,251,11,82
398,946160,134,3,59,251,11,50
399,290808,134,3,75,251,11,80
400,684112,134,1,79,251,7,81
402,684225,134,3,66,251,11,64
403,159949,134,7,71,251,13,76
404,422108,134,7,87,251,13,79
405,160205,134,3,63,251,11,54
407,815672,134,1,91,251,3,72
408,684720,134,3,67,251,11,71
409,553777,134,3,80,251,11,75
410,553831,134,7,61,251,13,70
411,291758,134,7,64,251,13,72
412,947140,134,13,57,251,21,58
413,291891,134,13,76,251,27,80
414,422983,134,1,78,251,3,82
415,816273,134,9,66,251,11,80
416,160927,134,1,79,251,3,74
417,685254,134,3,86,251,11,78
418,947403,134,1,58,251,3,61
419,947423,134,17,95,251,23,84
420,685309,134,3,87,251,11,74
421,685338,134,1,81,251,3,70
422,947543,134,1,80,251,7,79
423,947692,134,3,78,251,7,72
424,947724,134,7,81,251,13,87
425,292516,134,1,79,251,11,56
427,161520,134,3,82,251,11,85
428,423722,134,7,74,251,11,56
429,423917,134,1,60,251,3,46
430,423917,134,1,60,251,11,68
431,423961,134,5,73,251,9,68
433,161887,134,1,87,251,11,98
434,161999,134,3,60,251,11,58
435,424300,134,3,86,251,11,75
436,555508,134,1,91,251,7,82
437,424473,134,7,81,251,13,84
438,948783,134,1,93,251,11,90
439,686674,134,7,77,251,13,81
440,293511,134,7,95,251,13,87
441,162450,134,3,86,251,11,84
442,162604,134,3,75,251,11,66
443,818143,134,3,89,251,11,81
444,818164,134,11,74,251,13,71
445,949298,134,1,91,251,13,69
446,162883,134,3,73,251,11,75
447,818362,134,1,85,251,7,89
448,163053,134,1,74,251,11,78
449,687361,134,3,72,251,11,73
450,294200,134,7,76,251,13,75
451,425297,134,3,81,251,7,58
452,818549,134,7,68,251,13,60
453,818566,134,3,86,251,11,82
454,425378,134,1,70,251,3,81
455,556786,134,7,71,251,17,99
456,163687,134,3,80,251,11,75
457,819070,134,3,84,251,11,83
459,426025,134,7,84,251,13,87
460,295038,134,3,65,251,11,71
461,950474,134,3,72,251,11,66
462,819549,134,3,84,251,11,85
463,295424,134,3,85,251,11,79
464,688654,134,1,71,251,3,67
465,164440,134,3,71,251,11,87
466,950922,134,3,90,251,11,84
467,164514,134,3,72,251,7,55
468,950975,134,3,70,251,11,82
470,164711,134,11,75,251,13,68
471,164726,134,13,67,251,21,68
472,689026,134,1,80,251,7,73
473,689050,134,3,97,251,11,93
474,951256,134,7,76,251,17,76
475,820372,134,1,79,251,3,70
476,427170,134,1,92,251,7,93
477,427251,134,1,69,251,7,82
478,296334,134,3,77,251,11,79
479,165313,134,3,86,251,11,76
481,165391,134,1,69,251,7,81
482,689685,134,3,73,251,11,70
483,558618,134,7,84,251,13,88
484,165431,134,3,83,251,11,87
486,165540,134,13,56,251,21,59
487,165577,134,13,83,251,21,89
488,689890,134,3,71,251,11,78
489,296695,134,3,75,251,11,79
490,427950,134,3,59,251,21,88
491,427950,134,13,75,251,21,88
492,165826,134,7,80,251,15,90
496,690378,134,21,56,251,23,65
497,297285,134,1,77,251,11,77
498,821810,134,1,100,251,7,93
499,952972,134,1,81,251,3,88
500,297685,134,3,87,251,11,80
501,166635,134,11,67,251,15,62
502,690974,134,7,53,251,13,50
503,822137,134,3,78,251,11,79
504,297917,134,1,97,251,7,95
505,822260,134,3,65,251,11,74
506,691350,134,7,68,251,13,62
507,298316,134,7,73,251,11,56
508,167249,134,1,91,251,17,92
509,691539,134,11,57,251,15,69
510,691665,134,3,76,251,11,84
511,953877,134,3,61,251,11,46
512,953877,134,3,61,251,13,53
513,429612,134,1,77,251,3,50
514,429651,134,3,65,251,21,45
515,822875,134,3,85,251,7,77
516,429712,134,3,71,251,11,65
518,167734,134,1,53,251,3,72
519,954248,134,1,81,251,3,92
521,823350,134,1,82,251,3,78
522,692363,134,7,64,251,13,88
523,168125,134,1,95,251,11,92
524,954629,134,7,86,251,13,78
525,299287,134,7,74,251,13,66
526,430402,134,1,97,251,7,92
527,430643,134,1,84,251,7,84
528,168500,134,7,78,251,13,79
529,693007,134,3,78,251,11,68
531,955189,134,7,58,251,11,69
532,168888,134,7,88,251,13,84
533,562238,134,1,50,251,7,81
534,169136,134,1,57,251,5,83
535,693452,134,7,83,251,13,83
536,169231,134,11,78,251,33,69
537,300369,134,1,79,251,7,83
538,562572,134,1,71,251,11,78
539,955808,134,1,82,251,7,63
540,169401,134,3,76,251,11,78
541,824996,134,7,81,251,13,82
542,562886,134,7,92,251,13,94
543,694043,134,7,82,251,13,73
544,169772,134,7,84,251,13,83
545,956230,134,9,67,251,11,59
546,563080,134,3,73,251,21,58
547,169987,134,7,56,251,13,60
548,563222,134,11,81,251,41,79
549,563252,134,1,87,251,3,88
550,170058,134,3,64,251,11,46
551,170058,134,3,64,251,13,79
552,432215,134,7,78,251,13,77
553,432224,134,1,84,251,21,97
554,563305,134,3,61,251,11,63
555,432265,134,1,75,251,3,74
556,694446,134,7,72,251,13,80
557,170256,134,1,86,251,5,80
558,563507,134,3,83,251,11,72
559,694658,134,9,60,251,11,73
560,694809,134,3,81,251,11,81
561,170527,134,1,87,251,13,86
562,170677,134,7,63,251,13,83
563,432822,134,1,85,251,3,75
564,170728,134,1,72,251,7,67
565,170904,134,7,84,251,13,70
566,433493,134,3,78,251,11,77
567,171363,134,1,92,251,3,98
569,564970,134,7,81,251,13,87
570,958197,134,3,61,251,11,53
571,434052,134,3,71,251,11,79
572,172214,134,1,68,251,7,81
573,434487,134,3,85,251,11,79
574,827715,134,7,80,251,13,76
575,827970,134,11,98,251,13,95
576,959110,134,3,84,251,11,95
577,172708,134,5,90,251,7,86
578,828144,134,3,87,251,11,84
580,828202,134,9,62,251,15,81
581,828267,134,3,80,251,11,75
583,828405,134,3,70,251,11,84
584,304120,134,3,75,251,13,78
585,173087,134,15,58,251,21,71
586,697577,134,1,86,251,17,85
587,304558,134,7,56,251,13,85
588,566705,134,7,57,251,13,50
589,959934,134,7,82,251,13,78
591,435703,134,3,93,251,11,89
592,828971,134,7,80,251,13,86
593,304800,134,7,79,251,33,82
594,173740,134,15,70,251,19,67
595,304838,134,1,83,251,3,78
596,305072,134,3,99,251,7,98
597,305087,134,3,76,251,11,78
598,960530,134,7,78,251,13,71
599,174206,134,7,81,251,27,89
600,567658,134,3,69,251,7,62
601,567813,134,3,79,251,11,81
602,436839,134,3,60,251,11,75
603,305770,134,3,58,251,11,55
605,305970,134,3,89,251,11,84
606,961399,134,3,96,251,11,95
607,699303,134,3,92,251,11,84
608,699310,134,7,79,251,13,81
610,568353,134,7,82,251,13,42
611,568353,134,7,82,251,21,66
612,961568,134,3,73,251,11,76
613,568477,134,7,85,251,13,71
614,961782,134,3,87,251,11,75
616,699709,134,1,70,251,7,60
617,830783,134,7,51,251,13,50
618,568680,134,21,50,251,27,42
619,568680,134,21,50,251,33,79
620,437619,134,3,85,251,11,81
621,568698,134,1,83,251,5,75
622,961965,134,3,70,251,11,64
623,437764,134,7,87,251,13,79
624,175686,134,3,95,251,11,88
625,175724,134,1,63,251,3,46
626,175724,134,1,63,251,11,67
627,437907,134,7,83,251,27,58
628,306840,134,7,75,251,13,68
629,831219,134,9,56,251,11,28
630,831219,134,9,56,251,25,79
631,306962,134,3,76,251,11,82
632,700327,134,7,75,251,13,76
633,831534,134,7,74,251,21,100
634,569396,134,11,79,251,17,72
635,438427,134,7,62,251,13,80
636,700582,134,1,74,251,3,65
637,831705,134,1,82,251,7,73
638,569621,134,7,82,251,13,82
639,831941,134,1,87,251,7,80
640,176665,134,3,76,251,11,69
641,569944,134,9,80,251,11,74
642,832180,134,3,68,251,11,77
643,307903,134,11,72,251,13,77
644,832304,134,7,87,251,13,86
645,701263,134,1,88,251,7,79
646,832340,134,11,78,251,17,83
647,439308,134,3,57,251,11,53
648,570398,134,1,89,251,11,88
649,177270,134,3,80,251,11,79
650,570491,134,1,75,251,11,77
651,963760,134,7,86,251,13,75
652,177333,134,1,64,251,5,93
653,177445,134,3,68,251,7,64
654,308855,134,7,87,251,13,92
655,439930,134,1,65,251,3,88
656,308859,134,1,65,251,7,66
657,702161,134,7,76,251,13,59
658,309029,134,3,87,251,11,80
659,833590,134,3,46,251,17,73
660,833590,134,11,64,251,17,73
661,702533,134,3,57,251,11,70
662,178264,134,1,79,251,7,73
663,440425,134,1,73,251,7,69
664,178415,134,7,89,251,13,89
665,833862,134,1,54,251,9,67
666,833862,134,1,54,251,15,60
667,964944,134,3,85,251,11,88
668,964997,134,7,83,251,11,63
669,702855,134,7,93,251,13,93
670,571796,134,1,87,251,7,77
672,178720,134,3,77,251,11,50
674,309903,134,7,68,251,13,71
675,572145,134,7,79,251,13,76
676,703675,134,7,81,251,11,84
677,965887,134,3,74,251,11,58
678,703751,134,7,84,251,13,83
679,179629,134,3,81,251,11,78
680,441836,134,7,70,251,13,79
682,573237,134,7,42,251,23,69
683,573237,134,13,57,251,23,69
684,180024,134,7,71,251,13,83
685,835449,134,11,79,251,17,80
687,442324,134,7,56,251,13,54
688,835564,134,7,80,251,13,76
689,966693,134,7,72,251,11,65
690,966950,134,7,86,251,13,79
691,704831,134,7,75,251,13,70
692,180559,134,3,63,251,11,71
693,573779,134,5,69,251,9,63
694,180625,134,1,94,251,7,93
695,311798,134,1,85,251,3,82
696,967409,134,7,66,251,13,71
698,967500,134,17,60,251,31,56
700,967500,134,23,60,251,31,56
701,705377,134,1,74,251,9,72
702,312164,134,1,78,251,11,64
703,181332,134,7,69,251,13,79
704,574548,134,5,86,251,9,83
705,705758,134,1,80,251,51,95
706,574721,134,5,84,251,9,66
707,443657,134,3,50,251,11,74
708,574772,134,1,81,251,3,73
709,443708,134,7,84,251,11,93
711,968187,134,7,79,251,13,55
712,181761,134,7,65,251,11,39
713,181761,134,7,65,251,13,64
714,837135,134,7,71,251,13,87
715,837314,134,3,71,251,11,59
716,837331,134,1,74,251,21,70
717,313105,134,3,61,251,11,65
718,575695,134,3,79,251,11,78
719,706794,134,1,74,251,7,72
720,313781,134,3,90,251,11,84
721,838142,134,3,84,251,11,91
722,576188,134,1,88,251,3,83
723,838344,134,1,64,251,7,74
724,969552,134,3,70,251,11,89
725,445348,134,7,90,251,11,87
726,445380,134,7,87,251,13,90
727,838602,134,3,64,251,11,60
728,445431,134,3,80,251,11,80
729,576550,134,9,87,251,11,76
730,707629,134,7,80,251,13,86
731,576712,134,7,60,251,13,61
732,445790,134,3,76,251,11,67
733,970283,134,3,63,251,11,63
734,315048,134,3,72,251,11,65
735,708323,134,3,55,251,11,80
736,577330,134,3,78,251,11,78
737,708493,134,9,70,251,11,58
738,446423,134,7,72,251,13,74
739,446440,134,3,87,251,11,94
740,970736,134,7,82,251,13,80
741,184336,134,7,83,251,13,81
742,577553,134,1,82,251,17,82
743,577555,134,7,92,251,13,96
744,839734,134,1,62,251,7,52
745,577594,134,7,83,251,13,77
746,577618,134,5,77,251,9,63
747,315523,134,11,59,251,13,71
748,184522,134,3,83,251,11,90
749,708867,134,1,98,251,3,94
750,315787,134,1,64,251,11,75
751,315884,134,1,65,251,3,57
752,971247,134,7,84,251,13,87
753,184825,134,1,75,251,17,83
754,709140,134,7,69,251,13,73
755,971321,134,11,75,251,17,55
756,316009,134,1,68,251,3,74
757,316033,134,11,72,251,13,64
758,447139,134,7,82,251,13,70
759,971438,134,3,62,251,13,75
760,578277,134,7,75,251,13,66
761,185080,134,11,69,251,31,58
762,709403,134,3,62,251,11,77
763,840768,134,9,58,251,11,66
764,447575,134,1,67,251,3,62
765,709876,134,1,92,251,3,100
766,316681,134,3,85,251,11,61
767,185693,134,3,73,251,11,85
768,316801,134,3,71,251,11,82
769,185885,134,5,67,251,9,59
770,972337,134,1,88,251,21,78
771,317057,134,3,65,251,13,69
772,972460,134,3,50,251,11,71
773,186041,134,7,78,251,13,87
774,841534,134,7,85,251,13,69
776,579481,134,3,67,251,11,62
777,186289,134,1,77,251,7,87
778,317376,134,1,83,251,3,74
779,972785,134,3,72,251,7,84
780,448504,134,1,66,251,21,66
781,579612,134,1,74,251,3,82
782,448579,134,1,87,251,7,89
784,973110,134,1,70,251,3,87
785,973230,134,11,58,251,13,20
786,973230,134,11,58,251,21,68
787,448964,134,1,70,251,13,71
788,186926,134,3,84,251,7,77
789,318056,134,3,71,251,11,67
790,711314,134,3,96,251,11,93
791,973582,134,3,70,251,11,64
793,318260,134,5,56,251,7,56
794,580428,134,7,87,251,13,81
795,580539,134,3,87,251,11,85
796,973827,134,7,74,251,13,67
797,449627,134,7,80,251,11,62
798,842889,134,3,73,251,11,78
799,318602,134,1,93,251,27,98
800,318668,134,3,69,251,11,59
801,580819,134,3,80,251,11,77
802,449767,134,3,72,251,11,74
803,843003,134,3,64,251,13,74
804,318789,134,11,62,251,19,57
805,187751,134,1,94,251,3,80
806,580993,134,3,63,251,17,75
807,843205,134,3,85,251,11,82
808,581104,134,3,58,251,11,79
809,712223,134,5,78,251,9,66
810,581163,134,3,78,251,33,76
811,319082,134,1,66,251,11,69
813,712311,134,13,61,251,21,64
814,450211,134,1,50,251,13,72
815,450211,134,7,56,251,13,72
816,188091,134,7,81,251,13,65
817,974586,134,13,58,251,21,77
818,450405,134,7,87,251,13,79
819,450477,134,3,76,251,11,81
821,843737,134,9,38,251,11,60
824,450561,134,3,83,251,7,60
825,712756,134,7,72,251,13,77
826,974916,134,7,85,251,11,83
827,712795,134,7,59,251,13,79
828,581795,134,7,67,251,21,88
829,843983,134,1,72,251,3,83
830,581912,134,5,80,251,9,69
831,975145,134,7,83,251,13,76
832,975230,134,7,91,251,13,84
833,975355,134,1,62,251,3,54
834,189009,134,1,83,251,13,85
835,189073,134,3,70,251,11,85
837,451429,134,9,57,251,15,83
838,844796,134,7,85,251,13,81
839,713858,134,3,82,251,11,68
840,713905,134,1,90,251,3,87
841,189719,134,3,78,251,11,80
842,714011,134,3,85,251,11,84
843,582947,134,1,80,251,11,86
844,583065,134,1,74,251,13,68
845,189867,134,13,74,251,21,64
846,845250,134,3,76,251,11,91
847,714194,134,7,55,251,41,71
848,714194,134,13,76,251,41,71
849,321069,134,1,43,251,13,71
850,321069,134,7,72,251,13,71
852,583552,134,3,79,251,11,64
853,976944,134,1,76,251,3,71
856,190900,134,3,72,251,11,83
857,190969,134,9,78,251,11,60
859,584199,134,1,84,251,3,83
861,322092,134,1,75,251,7,62
862,846387,134,1,79,251,11,81
863,584309,134,1,67,251,3,72
864,584313,134,1,64,251,7,62
865,453280,134,1,73,251,13,70
866,453383,134,3,88,251,11,82
867,977723,134,1,68,251,3,56
868,846692,134,1,70,251,3,74
869,584571,134,1,72,251,13,89
870,584625,134,7,69,251,13,69
871,322491,134,3,66,251,11,73
872,191544,134,7,72,251,13,69
873,453691,134,1,71,251,3,79
874,453710,134,7,82,251,13,80
875,322683,134,9,61,251,11,56
876,978148,134,3,81,251,11,79
877,847173,134,3,81,251,11,76
878,716203,134,7,77,251,13,83
879,847409,134,7,63,251,13,72
880,716353,134,1,82,251,13,68
881,454225,134,1,55,251,13,82
882,192215,134,3,67,251,11,84
883,192242,134,1,89,251,7,92
884,847754,134,7,99,251,13,91
885,978876,134,7,85,251,13,86
886,323602,134,1,73,251,7,68
887,585777,134,3,73,251,17,71
888,192756,134,3,59,251,11,70
889,455006,134,11,61,251,13,46
890,455006,134,11,61,251,21,82
891,848348,134,7,77,251,13,76
892,586217,134,1,57,251,9,70
893,586296,134,1,67,251,7,66
894,979691,134,1,67,251,3,80
895,848930,134,13,79,251,21,81
896,193702,134,9,68,251,19,79
897,324824,134,7,76,251,21,74
898,586994,134,1,71,251,3,83
899,324856,134,3,64,251,11,76
900,849449,134,17,91,251,21,60
901,194153,134,7,92,251,13,89
902,456329,134,9,64,251,11,69
904,587720,134,11,60,251,23,57
905,587764,134,3,68,251,11,59
906,981072,134,5,71,251,11,65
907,587957,134,3,54,251,11,38
908,587957,134,3,54,251,17,84
910,194810,134,3,94,251,23,86
911,456955,134,7,72,251,13,59
912,456977,134,1,84,251,7,81
913,456981,134,3,85,251,11,86
914,719166,134,1,86,251,7,93
915,719326,134,1,76,251,3,74
916,981625,134,3,80,251,11,82
917,326304,134,1,85,251,11,74
918,719980,134,5,87,251,11,75
919,982159,134,3,60,251,11,53
920,851141,134,7,76,251,13,69
921,195878,134,7,91,251,13,90
922,327083,134,3,74,251,11,71
923,589263,134,7,62,251,13,82
924,196125,134,7,64,251,13,55
925,196135,134,3,83,251,11,80
926,196170,134,7,69,251,13,70
927,458364,134,7,81,251,13,93
928,327443,134,3,92,251,11,82
929,458718,134,3,65,251,11,54
930,983146,134,7,81,251,13,84
931,589943,134,7,81,251,13,83
932,589976,134,3,82,251,11,80
933,721141,134,7,87,251,13,75
934,983330,134,11,59,251,15,77
935,327978,134,1,83,251,11,71
936,328033,134,51,84,251,53,77
937,721302,134,1,75,251,3,75
938,590285,134,7,72,251,13,62
939,983567,134,1,96,251,11,98
940,721569,134,3,80,251,11,78
941,852690,134,7,83,251,13,76
942,459539,134,1,59,251,7,76
943,983879,134,1,50,251,11,74
944,853165,134,3,74,251,7,82
945,591043,134,3,82,251,7,73
946,197881,134,3,76,251,11,55
949,460210,134,9,66,251,11,65
951,460307,134,11,83,251,13,78
953,984759,134,7,80,251,13,85
954,853796,134,3,81,251,11,88
955,198444,134,1,95,251,7,95
956,854095,134,7,77,251,13,70
957,198769,134,9,62,251,11,62
958,460960,134,1,65,251,13,88
959,461072,134,1,89,251,7,85
960,330040,134,3,80,251,11,75
961,330046,134,7,81,251,13,75
962,592238,134,13,77,251,17,75
963,199112,134,11,79,251,13,82
965,854705,134,1,88,251,3,82
966,723806,134,7,73,251,13,80
967,461704,134,3,86,251,11,83
968,986152,134,1,78,251,7,79
969,986211,134,3,76,251,11,70
970,724257,134,13,76,251,21,71
971,855333,134,9,46,251,11,62
973,724341,134,1,77,251,7,81
974,200101,134,3,63,251,11,55
975,462370,134,11,68,251,13,71
976,986672,134,7,89,251,13,78
977,200326,134,3,86,251,11,81
979,200422,134,3,88,251,11,85
980,855793,134,3,85,251,11,82
981,331557,134,3,79,251,11,68
982,986951,134,7,81,251,11,64
983,855932,134,3,84,251,11,76
984,987083,134,7,50,251,13,50
985,331770,134,7,82,251,13,77
987,594032,134,11,58,251,17,81
988,331919,134,1,94,251,3,83
990,201045,134,1,80,251,3,83
991,987479,134,3,73,251,13,66
992,332142,134,7,77,251,13,77
993,463242,134,7,78,251,13,81
994,725474,134,1,89,251,7,82
995,463388,134,7,79,251,13,90
996,332385,134,7,76,251,13,78
997,332396,134,1,59,251,3,63
998,987777,134,3,72,251,11,63
999,594720,134,7,72,251,13,79
1000,463651,134,1,79,251,11,65
1001,463773,134,1,86,251,9,73
1002,857058,134,7,80,251,13,63
1003,463990,134,3,75,251,11,71
1004,857379,134,3,75,251,11,68
1005,988567,134,3,84,251,13,80
1006,202136,134,1,81,251,13,72
1007,595358,134,1,82,251,3,70
1008,595424,134,1,71,251,7,68
1009,464421,134,1,97,251,3,96
1010,988805,134,3,58,251,11,63
1011,464520,134,3,80,251,11,90
1012,595834,134,3,81,251,11,87
1013,726915,134,11,61,251,15,63
1014,858006,134,3,72,251,13,79
1015,595921,134,3,72,251,7,71
1016,989166,134,11,76,251,13,69
1017,595955,134,7,50,251,13,72
1018,333837,134,3,57,251,11,57
1019,333878,134,7,84,251,11,82
1020,727097,134,1,80,251,11,75
1021,464961,134,3,69,251,11,50
1022,858284,134,7,80,251,13,78
1023,596203,134,3,79,251,11,89
1024,334070,134,3,90,251,11,77
1025,465175,134,5,90,251,7,83
1026,858664,134,1,69,251,7,55
1027,858664,134,1,69,251,13,88
1028,858707,134,3,61,251,11,54
1029,465896,134,1,65,251,3,69
1030,990337,134,7,80,251,13,82
1031,859304,134,3,71,251,11,82
1032,204078,134,1,73,251,3,58
1033,204094,134,3,80,251,17,72
1034,859548,134,7,60,251,13,64
1035,335262,134,1,68,251,11,77
1036,859571,134,3,68,251,11,44
1037,859571,134,3,68,251,23,82
1038,859678,134,3,82,251,11,80
1039,859699,134,1,64,251,9,44
1040,859699,134,1,64,251,15,90
1042,728898,134,3,81,251,11,75
1043,204674,134,11,51,251,13,46
1044,204674,134,11,51,251,21,56
1045,991243,134,3,85,251,11,85
1046,205043,134,3,69,251,11,62
1047,860468,134,7,85,251,13,91
1048,991696,134,3,67,251,11,83
1049,598481,134,7,92,251,13,91
1050,598574,134,7,71,251,27,81
1052,991857,134,1,74,251,21,72
1053,467655,134,11,59,251,13,50
1054,860920,134,3,67,251,11,59
1055,598805,134,11,82,251,13,73
1056,467787,134,3,90,251,11,89
1057,205764,134,7,66,251,13,67
1059,337130,134,3,86,251,11,81
1060,599298,134,7,84,251,13,80
1062,992766,134,1,70,251,13,68
1063,468600,134,1,84,251,5,80
1064,206528,134,1,82,251,3,70
1065,468781,134,7,90,251,13,89
1067,993216,134,7,79,251,13,81
1068,206799,134,7,71,251,13,68
1069,468945,134,3,74,251,11,84
1070,337892,134,1,75,251,9,74
1071,731136,134,7,70,251,13,56
1072,731229,134,7,69,251,13,69
1073,206966,134,1,80,251,3,77
1074,206978,134,1,90,251,7,96
1076,600205,134,7,65,251,11,69
1077,862353,134,1,74,251,3,87
1078,338114,134,11,82,251,17,90
1079,469242,134,7,82,251,11,76
1080,338314,134,3,81,251,11,74
1082,862759,134,3,88,251,11,95
1083,862804,134,11,85,251,17,85
1084,993946,134,3,87,251,11,89
1085,600744,134,1,83,251,3,78
1086,731918,134,3,80,251,11,62
1087,994105,134,7,83,251,13,86
1088,207735,134,1,93,251,13,100
1089,863151,134,7,79,251,13,59
1090,207804,134,3,84,251,11,75
1091,207934,134,1,85,251,3,92
1092,601356,134,3,33,251,17,71
1093,601356,134,11,58,251,17,71
1094,470315,134,13,76,251,21,51
1095,732693,134,7,95,251,13,76
1096,863783,134,3,82,251,11,76
1097,994897,134,7,82,251,13,84
1098,470742,134,1,71,251,7,87
1099,471017,134,3,81,251,11,64
1100,471025,134,9,73,251,11,57
1101,995406,134,3,86,251,11,77
1102,602193,134,1,77,251,13,71
1103,471336,134,13,73,251,21,67
1104,864581,134,7,83,251,13,67
1105,995654,134,1,84,251,11,84
1106,995797,134,1,82,251,3,81
1107,209462,134,3,92,251,11,89
1108,733831,134,3,81,251,11,66
1109,209764,134,7,81,251,15,79
1110,209846,134,1,76,251,3,74
1111,472265,134,3,81,251,11,81
1112,603374,134,1,71,251,3,70
1113,341241,134,3,76,251,11,79
1114,734472,134,11,66,251,13,65
1115,472339,134,7,57,251,13,69
1117,472361,134,11,69,251,17,60
1119,865618,134,1,77,251,17,79
1120,603550,134,13,80,251,21,91
1121,996767,134,1,72,251,3,72
1122,341410,134,3,87,251,11,84
1123,210526,134,7,81,251,13,87
1124,996959,134,1,94,251,3,100
1125,210543,134,3,73,251,11,72
1126,603786,134,7,73,251,11,68
1127,210593,134,3,66,251,11,76
1128,210747,134,7,82,251,13,87
1129,997298,134,3,92,251,11,98
1130,604300,134,3,65,251,11,84
1131,604412,134,3,78,251,11,68
1132,735525,134,7,73,251,13,75
1133,473457,134,3,67,251,11,60
1134,604538,134,7,61,251,13,67
1135,998433,134,5,72,251,7,72
1136,212027,134,1,65,251,13,76
1137,605447,134,15,67,251,17,75
1139,343377,134,1,86,251,7,79
1140,212338,134,3,73,251,11,53
1141,605558,134,1,93,251,7,99
1142,998861,134,1,74,251,5,68
1143,736761,134,7,73,251,13,70
1145,999029,134,3,83,251,11,92
1146,212602,134,3,80,251,11,84
1147,736895,134,3,70,251,11,63
1148,474754,134,7,82,251,13,86
1149,736900,134,7,83,251,13,66
1150,605864,134,3,75,251,11,82
1151,736998,134,3,85,251,11,90
1153,343902,134,27,53,251,33,55
1154,475101,134,13,77,251,21,77
1155,344060,134,3,67,251,11,64
1156,475198,134,1,74,251,7,53
1158,475271,134,1,93,251,3,93
1159,475295,134,3,78,251,11,80
1160,737440,134,3,89,251,11,61
1161,213192,134,3,73,251,11,67
1162,868666,134,3,51,251,23,72
1163,868699,134,7,78,251,11,76
1164,737879,134,1,88,251,11,84
1165,475829,134,3,74,251,11,74
1166,738051,134,7,46,251,21,85
1167,738051,134,13,76,251,21,85
1168,475963,134,7,90,251,13,96
1169,738198,134,7,78,251,13,83
1170,738234,134,7,79,251,13,78
1171,738415,134,1,91,251,7,72
1172,214155,134,7,82,251,13,84
1173,476353,134,7,84,251,13,83
1174,607575,134,3,75,251,7,74
1175,476535,134,1,63,251,7,60
1176,476552,134,1,80,251,3,82
1177,476637,134,7,56,251,11,63
1178,345603,134,3,50,251,17,81
1179,345603,134,11,71,251,17,81
1180,345811,134,3,72,251,11,75
1181,870102,134,7,70,251,13,58
1182,870223,134,7,85,251,13,91
1183,214974,134,7,50,251,13,59
1184,215026,134,3,71,251,11,50
1185,346194,134,3,42,251,17,75
1186,346194,134,11,85,251,17,75
1187,215186,134,7,91,251,21,98
1188,739497,134,1,75,251,11,59
1189,739505,134,7,74,251,13,85
1190,477636,134,7,73,251,11,55
1191,346601,134,7,76,251,13,70
1192,346876,134,3,69,251,11,69
1193,478067,134,7,71,251,13,73
1194,216073,134,7,77,251,13,85
1195,609338,134,7,93,251,13,94
1197,871591,134,3,82,251,11,76
1199,347473,134,7,79,251,13,90
1200,609737,134,1,72,251,3,71
1202,741084,134,3,62,251,11,32
1203,741084,134,3,62,251,17,78
1204,741351,134,3,80,251,11,82
1205,217088,134,13,63,251,17,84
1207,479549,134,9,81,251,11,68
1208,741943,134,1,76,251,3,46
1209,741943,134,1,76,251,11,67
1210,479916,134,1,90,251,11,79
1211,479959,134,7,76,251,13,69
1212,348979,134,7,64,251,13,66
1213,348993,134,3,88,251,11,81
1214,348995,134,3,93,251,23,82
1215,873312,134,7,64,251,13,83
1216,611330,134,3,81,251,11,84
1219,742868,134,3,79,251,11,73
1220,349725,134,1,72,251,5,69
1222,742965,134,13,70,251,21,70
1223,743057,134,3,79,251,11,73
1224,743295,134,7,65,251,21,86
1225,350328,134,7,72,251,13,64
1226,874681,134,1,94,251,3,91
1227,219457,134,3,68,251,11,66
1228,743900,134,7,63,251,13,85
1229,874976,134,11,68,251,13,68
1231,744019,134,1,87,251,7,79
1232,481876,134,7,84,251,13,88
1233,219758,134,3,79,251,7,61
1234,481904,134,1,74,251,21,62
1235,219874,134,1,84,251,3,81
1236,219884,134,1,75,251,7,82
1237,613199,134,3,62,251,11,86
1238,744326,134,3,60,251,11,50
1239,744326,134,3,60,251,23,71
1240,613418,134,3,75,251,11,80
1241,875633,134,1,74,251,31,64
1242,351376,134,1,66,251,5,68
1243,351450,134,7,73,251,13,65
1244,613828,134,3,53,251,11,44
1245,613828,134,3,53,251,17,83
1246,351725,134,13,93,251,17,94
1247,220720,134,1,85,251,21,98
1248,745016,134,3,76,251,11,54
1249,613958,134,1,81,251,3,80
1250,482890,134,1,73,251,3,58
1251,351962,134,3,91,251,11,94
1252,483181,134,1,72,251,13,70
1253,483216,134,3,63,251,11,51
1255,876498,134,7,84,251,13,62
1256,614383,134,3,85,251,11,89
1257,483364,134,3,66,251,11,69
1258,746323,134,1,60,251,9,79
1259,484317,134,7,77,251,11,70
1260,615617,134,3,76,251,11,65
1261,746859,134,1,74,251,3,66
1262,222612,134,1,58,251,3,58
1263,353699,134,3,76,251,11,80
1264,353817,134,3,85,251,11,63
1265,222861,134,3,86,251,11,92
1266,878423,134,3,78,251,7,85
1267,616318,134,1,81,251,3,78
1268,878579,134,7,74,251,13,62
1269,223242,134,7,66,251,13,70
1270,354374,134,7,66,251,13,68
1271,747686,134,3,61,251,11,50
1272,485739,134,3,72,251,11,78
1273,616836,134,7,71,251,13,80
1274,616845,134,3,88,251,11,70
1275,616953,134,7,78,251,13,73
1276,223825,134,7,80,251,11,77
1277,748196,134,1,74,251,7,73
1278,879301,134,1,86,251,7,87
1279,486118,134,11,82,251,17,88
1280,879361,134,1,85,251,3,81
1281,355306,134,3,69,251,11,61
1282,224284,134,7,69,251,13,87
1284,224408,134,7,83,251,13,77
1285,355480,134,7,92,251,13,83
1286,224540,134,3,65,251,11,73
1287,355687,134,7,72,251,13,75
1288,486792,134,3,88,251,11,82
1289,486892,134,3,69,251,11,59
1290,224802,134,3,71,251,7,63
1291,880321,134,1,70,251,7,78
1292,224963,134,11,59,251,13,80
1293,749303,134,3,78,251,11,79
1294,749370,134,3,72,251,11,56
1295,618350,134,7,61,251,13,80
1296,487313,134,11,88,251,13,76
1297,618429,134,3,82,251,11,79
1298,225543,134,9,70,251,15,60
1299,487698,134,7,68,251,13,46
1300,487698,134,7,68,251,33,76
1301,618936,134,3,80,251,7,84
1302,619201,134,7,50,251,13,71
1303,619241,134,7,70,251,13,75
1304,881437,134,1,83,251,11,52
1305,488245,134,1,65,251,7,85
1306,488286,134,3,76,251,11,69
1307,226187,134,13,70,251,21,70
1308,881730,134,1,87,251,3,92
1309,881818,134,7,81,251,21,75
1310,881832,134,13,69,251,23,59
1311,488753,134,3,70,251,11,74
1312,226648,134,1,73,251,3,72
1313,488815,134,13,58,251,23,74
1314,619897,134,7,56,251,13,67
1316,751003,134,13,84,251,17,94
1317,488886,134,5,64,251,11,78
1318,882555,134,3,83,251,11,69
1319,620507,134,7,80,251,13,72
1320,358392,134,5,83,251,11,87
1321,751616,134,1,78,251,3,85
1322,358439,134,7,83,251,13,86
1323,358597,134,7,90,251,13,86
1324,489837,134,7,93,251,13,82
1325,227834,134,1,94,251,7,92
1326,227964,134,3,73,251,11,68
1327,228065,134,3,76,251,11,74
1328,359156,134,1,80,251,17,86
1329,883450,134,7,64,251,15,54
1330,490250,134,13,71,251,21,55
1331,490343,134,3,80,251,11,77
1332,490394,134,7,84,251,13,78
1333,752642,134,7,84,251,13,57
1334,359475,134,3,64,251,11,69
1336,883885,134,1,68,251,11,64
1337,752888,134,3,64,251,11,46
1338,752888,134,3,64,251,13,46
1339,752888,134,3,64,251,21,61
1340,752888,134,3,64,251,31,76
1341,228641,134,7,77,251,13,84
1342,753021,134,11,72,251,15,69
1343,228896,134,3,82,251,11,66
1344,491142,134,3,73,251,11,68
1345,229007,134,3,72,251,11,64
1346,360153,134,3,73,251,11,86
1347,491236,134,3,59,251,11,50
1348,622463,134,11,64,251,27,46
1349,491431,134,3,69,251,13,76
1350,229325,134,7,80,251,13,82
1351,229365,134,7,84,251,13,57
1352,360509,134,1,77,251,7,61
1353,491648,134,1,86,251,7,72
1354,360593,134,1,67,251,11,65
1355,622740,134,1,54,251,13,77
1356,885022,134,3,60,251,11,61
1357,491868,134,7,81,251,13,66
1358,622976,134,7,42,251,21,58
1359,622976,134,13,64,251,21,58
1360,360949,134,5,78,251,11,75
1361,623146,134,1,56,251,9,54
1363,754307,134,11,53,251,17,60
1364,361253,134,1,66,251,17,71
1365,885592,134,3,64,251,11,55
1366,230295,134,7,90,251,11,89
1367,885705,134,3,75,251,7,73
1368,361513,134,3,95,251,7,91
1370,492695,134,3,81,251,11,81
1371,492712,134,3,70,251,11,59
1372,230760,134,13,79,251,17,75
1373,493125,134,1,81,251,17,76
1374,231018,134,9,60,251,15,71
1375,231018,134,11,79,251,15,71
1376,493191,134,7,66,251,13,83
1377,755336,134,1,84,251,7,77
1378,362142,134,3,57,251,11,66
1379,231120,134,3,70,251,21,88
1380,100134,134,7,79,251,13,81
1381,755603,134,7,80,251,13,68
1382,886834,134,3,82,251,11,90
1384,231534,134,7,86,251,13,78
1386,886957,134,3,66,251,11,63
1387,362682,134,3,42,251,21,74
1388,362682,134,11,71,251,21,74
1389,100728,134,3,76,251,11,76
1390,362948,134,7,80,251,13,90
1391,494021,134,7,80,251,13,68
1392,756232,134,1,79,251,3,80
1393,232022,134,11,78,251,13,87
1394,887441,134,7,79,251,13,72
1395,887666,134,3,93,251,11,89
1396,363423,134,3,90,251,11,46
1397,363423,134,3,90,251,17,92
1398,101324,134,3,73,251,11,66
1399,887798,134,3,76,251,11,84
1402,101474,134,3,74,251,7,78
1403,363625,134,7,73,251,13,64
1404,756932,134,1,85,251,3,73
1406,364132,134,7,67,251,13,62
1407,757369,134,3,70,251,11,68
1408,626370,134,3,83,251,11,79
1409,233392,134,1,85,251,9,83
1410,626789,134,3,82,251,11,72
1411,888934,134,1,65,251,7,64
1413,364752,134,11,66,251,21,83
1414,626992,134,7,82,251,13,73
1415,102745,134,1,71,251,3,56
1416,495977,134,1,68,251,3,73
1417,102763,134,3,43,251,17,52
1418,102763,134,3,43,251,23,78
1419,102763,134,11,68,251,17,52
1420,102763,134,11,68,251,23,78
1421,627073,134,3,57,251,11,69
1422,496069,134,3,60,251,11,50
1423,627180,134,9,72,251,15,87
1424,365271,134,1,100,251,3,99
1425,234236,134,3,65,251,11,34
1426,234236,134,3,65,251,17,81
1427,365349,134,3,73,251,11,52
1428,103216,134,3,83,251,11,77
1429,628068,134,3,80,251,11,84
1430,366018,134,7,58,251,13,62
1431,628260,134,3,84,251,11,75
1432,890406,134,3,83,251,13,85
1433,104016,134,1,99,251,3,100
1434,890499,134,3,59,251,7,63
1435,890548,134,7,79,251,13,83
1437,497362,134,7,63,251,13,84
1438,628510,134,7,74,251,13,87
1439,890687,134,1,80,251,3,84
1440,628781,134,3,70,251,11,79
1441,628806,134,7,87,251,13,89
1442,104655,134,3,95,251,11,94
1443,628979,134,3,80,251,11,69
1444,498116,134,3,67,251,7,81
1445,891420,134,1,88,251,7,85
1446,629282,134,3,84,251,11,69
1447,105233,134,7,73,251,13,67
1448,629566,134,1,64,251,11,85
1449,891794,134,3,77,251,11,87
1450,498686,134,3,70,251,17,50
1451,367687,134,1,86,251,11,79
1452,498827,134,3,74,251,11,70
1453,367763,134,1,84,251,13,83
1454,892060,134,7,83,251,13,88
1455,367784,134,7,78,251,13,79
1456,498863,134,3,70,251,11,91
1457,630010,134,3,74,251,7,71
1458,761126,134,7,76,251,11,46
1459,761126,134,7,76,251,23,65
1461,236947,134,1,74,251,3,65
1462,368144,134,1,85,251,21,93
1463,368181,134,7,72,251,11,76
1464,499277,134,3,78,251,11,78
1465,761574,134,1,74,251,3,75
1466,499434,134,7,95,251,13,96
1467,630751,134,3,55,251,11,65
1468,892934,134,7,80,251,13,69
1469,761890,134,7,46,251,23,86
1470,761890,134,17,84,251,23,86
1471,237627,134,13,88,251,17,67
1472,500063,134,3,68,251,11,71
1474,106994,134,7,66,251,13,78
1475,631333,134,7,67,251,13,79
1476,369321,134,1,56,251,7,56
1477,631476,134,3,83,251,11,59
1478,369336,134,3,78,251,11,70
1479,762732,134,3,60,251,11,67
1480,893883,134,1,63,251,3,67
1481,893883,134,1,63,251,11,46
1482,631757,134,13,75,251,41,72
1483,893984,134,11,70,251,13,65
1484,107606,134,7,82,251,13,72
1485,500918,134,1,74,251,13,68
1487,238895,134,5,75,251,11,72
1488,239055,134,7,76,251,13,67
1489,763357,134,3,79,251,11,90
1490,894432,134,1,74,251,9,72
1491,632304,134,1,57,251,7,82
1492,370189,134,7,57,251,13,57
1493,108104,134,3,79,251,11,83
1494,370369,134,1,86,251,3,88
1495,370401,134,7,87,251,13,77
1496,894735,134,1,77,251,7,91
1497,763886,134,7,89,251,13,89
1498,894965,134,1,70,251,3,69
1499,632879,134,1,63,251,11,85
1500,632883,134,11,87,251,21,70
1501,239685,134,9,82,251,11,85
1502,632916,134,7,90,251,13,76
1503,632923,134,3,65,251,11,80
1504,501869,134,5,88,251,11,65
1505,239764,134,7,89,251,13,84
1506,895235,134,1,84,251,11,75
1507,633101,134,5,73,251,9,64
1508,108904,134,11,75,251,13,65
1509,240013,134,7,55,251,13,58
1510,633284,134,7,80,251,13,80
1511,371297,134,11,86,251,13,80
1512,109191,134,7,68,251,13,62
1513,502431,134,3,74,251,11,68
1514,502458,134,7,87,251,13,86
1515,895725,134,7,80,251,21,78
1516,371597,134,3,67,251,11,57
1517,109583,134,3,75,251,7,92
1518,633871,134,1,61,251,7,75
1519,633975,134,3,68,251,11,79
1520,765222,134,7,77,251,13,77
1521,896338,134,7,83,251,13,74
1522,896416,134,3,78,251,7,62
1523,241229,134,3,57,251,11,78
1524,634522,134,3,75,251,11,61
1525,634570,134,3,68,251,11,76
1527,372449,134,3,80,251,11,82
1528,765735,134,1,77,251,11,77
1529,241630,134,3,57,251,11,72
1530,372931,134,7,57,251,13,60
1532,373117,134,1,69,251,13,77
1533,766745,134,13,76,251,21,73
1534,504622,134,7,73,251,13,86
1535,635702,134,1,50,251,7,88
1536,897918,134,7,80,251,13,70
1537,504735,134,3,73,251,11,79
1538,766899,134,1,68,251,3,60
1539,766939,134,5,72,251,11,63
1540,111725,134,3,67,251,11,75
1541,636160,134,7,86,251,13,87
1542,767256,134,11,63,251,19,50
1543,767256,134,11,63,251,31,83
1544,898333,134,3,83,251,7,72
1545,374049,134,3,71,251,11,70
1546,505132,134,7,78,251,13,67
1547,243016,134,7,70,251,13,68
1548,112075,134,7,65,251,13,80
1549,898630,134,7,87,251,13,79
1550,636892,134,1,43,251,19,59
1551,636892,134,11,73,251,19,59
1552,767989,134,3,90,251,11,89
1553,505852,134,3,87,251,11,72
1554,768096,134,3,80,251,23,88
1555,899194,134,11,53,251,17,66
1556,112786,134,7,62,251,13,66
1557,637088,134,3,77,251,11,60
1558,768234,134,1,71,251,3,36
1559,768234,134,1,71,251,7,52
1560,375276,134,7,62,251,13,60
1561,244302,134,7,64,251,11,69
1562,768598,134,3,71,251,11,78
1563,637540,134,1,76,251,11,83
1564,375409,134,3,93,251,11,97
1565,768803,134,3,71,251,11,76
1566,375647,134,1,99,251,7,96
1567,375657,134,1,82,251,3,94
1568,244825,134,7,82,251,13,83
1569,900211,134,7,54,251,11,42
1570,900211,134,7,54,251,13,66
1571,769467,134,3,81,251,11,69
1572,638432,134,3,78,251,11,65
1573,376323,134,3,80,251,11,77
1574,114251,134,3,88,251,11,68
1575,900951,134,1,64,251,3,65
1576,770022,134,1,96,251,3,100
1577,770031,134,3,78,251,13,62
1578,376844,134,1,97,251,11,84
1579,377037,134,5,94,251,9,89
1580,639227,134,3,66,251,11,60
1581,246057,134,1,73,251,3,82
1582,246072,134,13,77,251,21,82
1583,115091,134,1,66,251,7,71
1584,246253,134,11,68,251,13,55
1585,770570,134,3,79,251,11,92
1586,377435,134,3,71,251,11,80
1587,639661,134,3,84,251,11,77
1588,115390,134,3,61,251,11,59
1589,377569,134,1,65,251,3,74
1590,901942,134,11,76,251,23,84
1591,246595,134,3,67,251,11,65
1592,508799,134,7,87,251,13,81
1593,115745,134,1,61,251,13,62
1594,115779,134,1,81,251,11,62
1595,115792,134,3,42,251,17,70
1596,115792,134,11,76,251,17,70
1597,771173,134,11,74,251,17,75
1598,640108,134,3,80,251,11,78
1599,115860,134,7,87,251,21,94
1600,115908,134,7,84,251,13,78
1601,640287,134,3,66,251,11,61
1602,378369,134,3,71,251,11,70
1603,509483,134,1,77,251,11,80
1604,771921,134,1,88,251,7,85
1605,509806,134,1,56,251,7,54
1606,509806,134,1,56,251,13,78
1607,116897,134,3,81,251,11,70
1608,772295,134,3,70,251,17,82
1609,379213,134,7,75,251,13,90
1610,641362,134,7,72,251,13,55
1611,641436,134,9,79,251,39,82
1612,248227,134,13,76,251,21,61
1613,772538,134,13,58,251,21,45
1614,772538,134,13,58,251,33,76
1615,903640,134,7,97,251,13,97
1616,248346,134,7,80,251,13,78
1618,772654,134,3,68,251,11,91
1619,248422,134,1,83,251,7,90
1620,772868,134,3,78,251,11,84
1621,248613,134,7,90,251,13,90
1622,117800,134,7,92,251,13,87
1623,117876,134,3,73,251,11,72
1624,773420,134,1,70,251,3,75
1625,380235,134,3,51,251,17,66
1626,118092,134,1,70,251,3,33
1627,118092,134,1,70,251,11,67
1628,773507,134,3,42,251,13,66
1629,773507,134,11,50,251,13,66
1630,642550,134,13,75,251,21,75
1631,118287,134,11,81,251,13,73
1633,904836,134,9,67,251,11,60
1634,380573,134,7,83,251,13,94
1635,511846,134,7,68,251,13,75
1636,642974,134,3,77,251,11,89
1638,905254,134,3,77,251,11,77
1639,774213,134,7,87,251,41,85
1640,905311,134,1,57,251,9,58
1641,381111,134,1,87,251,11,85
1642,381127,134,7,71,251,13,81
1643,512223,134,3,94,251,11,94
1644,250100,134,1,81,251,13,87
1645,643421,134,3,79,251,11,82
1647,381432,134,7,79,251,13,63
1648,119339,134,3,78,251,11,69
1649,774771,134,3,83,251,11,86
1650,774811,134,3,63,251,11,67
1651,119515,134,5,66,251,9,66
1652,905955,134,7,91,251,13,96
1653,512823,134,7,73,251,13,67
1654,644059,134,1,96,251,3,87
1655,644105,134,13,72,251,21,71
1656,382062,134,3,59,251,7,67
1658,120050,134,1,88,251,3,89
1659,120215,134,3,78,251,11,96
1660,120364,134,9,78,251,11,81
1661,120378,134,3,85,251,11,84
1662,775823,134,7,69,251,13,79
1663,251596,134,1,82,251,7,80
1665,513894,134,3,69,251,7,66
1666,776061,134,7,85,251,13,89
1667,776139,134,3,66,251,11,65
1668,645183,134,7,71,251,13,72
1669,251978,134,3,72,251,11,46
1670,251978,134,3,72,251,17,74
1671,120936,134,3,79,251,11,74
1672,776335,134,7,81,251,13,89
1673,514205,134,11,61,251,17,68
1674,776404,134,7,77,251,13,81
1675,252296,134,9,77,251,15,65
1676,645552,134,3,80,251,11,67
1677,645642,134,11,65,251,13,80
1678,121392,134,7,72,251,13,67
1679,383570,134,1,81,251,9,70
1680,645724,134,3,76,251,11,61
1681,645741,134,9,72,251,15,80
1682,776878,134,1,72,251,11,70
1683,383689,134,7,75,251,13,77
1684,383763,134,7,84,251,13,85
1685,121661,134,3,81,251,31,89
1686,908120,134,13,76,251,27,80
1688,908161,134,13,46,251,21,58
1690,646218,134,5,51,251,7,43
1691,646218,134,5,51,251,11,78
1692,646346,134,3,88,251,7,90
1693,908561,134,3,89,251,7,52
1694,646445,134,5,94,251,15,85
1695,384348,134,7,79,251,13,70
1696,384386,134,1,91,251,5,88
1697,646601,134,7,61,251,13,70
1698,122472,134,1,84,251,7,87
1699,646820,134,3,74,251,11,66
1700,909032,134,3,73,251,11,74
1701,122665,134,3,82,251,11,79
1702,778032,134,1,67,251,9,56
1704,778399,134,1,60,251,7,65
1705,123187,134,3,79,251,11,77
1706,909623,134,7,55,251,13,50
1708,385436,134,1,76,251,11,76
1709,647590,134,1,82,251,3,79
1710,909823,134,3,86,251,11,92
1711,778841,134,3,37,251,13,50
1712,778841,134,11,66,251,13,50
1713,909980,134,3,94,251,11,94
1714,910055,134,7,67,251,13,75
1715,254739,134,3,80,251,7,89
1716,516981,134,7,83,251,13,67
1717,910200,134,1,77,251,7,88
1718,779164,134,7,68,251,13,68
1719,255096,134,7,89,251,13,86
1720,779462,134,3,82,251,11,83
1721,517366,134,3,73,251,7,83
1722,386436,134,7,71,251,13,79
1723,386471,134,7,64,251,13,75
1724,124369,134,1,57,251,35,80
1725,124369,134,21,83,251,35,80
1726,648672,134,7,92,251,13,86
1727,779772,134,1,93,251,11,90
1728,910893,134,3,78,251,11,65
1729,255542,134,1,70,251,3,63
1730,124550,134,7,87,251,13,83
1731,255716,134,3,78,251,11,68
1732,386823,134,3,45,251,17,82
1733,386823,134,11,53,251,17,82
1734,911172,134,3,91,251,11,96
1735,255833,134,1,88,251,7,74
1736,911260,134,3,70,251,11,46
1737,911260,134,3,70,251,17,76
1738,518161,134,7,72,251,13,61
1739,518208,134,1,79,251,11,86
1740,256091,134,3,76,251,11,68
1741,649404,134,7,67,251,13,76
1742,387277,134,7,94,251,13,95
1743,649454,134,3,70,251,17,85
1744,780616,134,9,85,251,11,81
1745,125322,134,1,85,251,9,78
1746,911794,134,7,60,251,13,61
1747,518605,134,1,43,251,13,60
1748,518605,134,7,74,251,13,60
1750,387798,134,3,84,251,11,92
1751,781031,134,7,67,251,11,76
1752,387912,134,7,70,251,13,76
1753,125780,134,7,60,251,13,71
1754,912312,134,1,62,251,11,56
1755,781255,134,7,86,251,13,89
1756,256970,134,3,92,251,17,88
1757,912408,134,3,87,251,11,76
1758,781353,134,7,73,251,13,82
1759,650380,134,1,86,251,3,88
1760,126131,134,1,52,251,11,84
1761,781716,134,5,79,251,9,75
1762,519633,134,1,80,251,3,86
1763,388684,134,7,89,251,21,67
1765,781922,134,11,69,251,21,82
1767,126772,134,7,76,251,13,81
1768,651171,134,7,59,251,13,64
1770,520372,134,3,59,251,11,75
1772,651702,134,1,95,251,7,93
1773,914167,134,1,90,251,7,99
1774,127843,134,3,80,251,11,84
1775,783260,134,7,82,251,11,46
1776,783260,134,7,82,251,13,71
1777,652192,134,3,79,251,11,60
1778,390061,134,1,98,251,3,88
1780,390232,134,1,91,251,11,78
1781,652446,134,1,78,251,21,91
1783,521410,134,7,52,251,13,55
1784,783574,134,1,52,251,11,75
1785,783605,134,3,89,251,13,77
1786,783907,134,7,79,251,13,79
1787,259654,134,7,79,251,13,81
1788,915015,134,3,91,251,7,92
1789,390839,134,7,77,251,11,84
1790,784071,134,3,78,251,11,63
1791,390860,134,7,74,251,13,70
1792,915208,134,3,79,251,11,88
1793,653126,134,3,75,251,11,80
1794,653133,134,7,88,251,13,89
1795,522108,134,3,75,251,11,82
1796,915429,134,3,74,251,11,75
1797,915442,134,5,87,251,9,84
1798,653399,134,7,83,251,11,86
1799,784479,134,1,86,251,11,86
1800,915647,134,1,87,251,3,81
1801,260290,134,7,59,251,13,72
1802,391425,134,7,87,251,13,69
1803,784675,134,7,81,251,13,80
1804,785014,134,7,80,251,13,82
1805,391981,134,7,74,251,27,92
1806,260970,134,7,83,251,13,77
1807,261000,134,1,75,251,11,83
1808,785372,134,1,87,251,7,96
1809,523428,134,7,84,251,13,89
1810,654503,134,3,76,251,11,83
1811,130217,134,11,57,251,13,64
1812,654571,134,7,82,251,13,80
1813,130302,134,3,61,251,11,55
1814,523643,134,1,93,251,5,89
1815,785788,134,7,78,251,11,80
1816,523731,134,5,65,251,15,70
1817,261605,134,3,70,251,11,87
1818,654883,134,3,69,251,17,69
1819,261820,134,7,90,251,13,83
1820,261829,134,7,60,251,21,42
1821,130852,134,1,86,251,7,80
1823,917303,134,11,71,251,27,88
1825,393059,134,13,83,251,17,84
