,StudentID,CourseNumber_x,Term_x,Grade_x,CourseNumber_y,Term_y,Grade_y
0,131252,134,7,80,349,27,77
1,918408,134,7,69,349,43,81
2,263554,134,1,75,349,33,74
3,526102,134,3,81,349,37,86
4,526806,134,7,63,349,27,74
5,264967,134,7,50,349,43,49
6,134110,134,3,91,349,23,77
7,396481,134,3,80,349,43,91
8,789824,134,9,82,349,41,80
9,266750,134,13,73,349,43,81
10,398060,134,7,86,349,43,76
11,660594,134,3,65,349,37,84
12,922902,134,1,74,349,31,53
13,136770,134,11,85,349,37,87
14,398948,134,1,78,349,27,86
15,530055,134,3,88,349,27,73
16,399262,134,1,81,349,33,55
17,137521,134,3,69,349,17,60
18,399788,134,1,82,349,23,63
19,269007,134,11,78,349,43,65
20,924461,134,3,68,349,43,76
21,793596,134,3,78,349,37,95
22,138275,134,7,73,349,33,62
23,793641,134,5,90,349,25,85
24,531965,134,7,76,349,43,60
25,925225,134,11,77,349,47,50
26,269954,134,7,71,349,33,60
27,794306,134,3,75,349,37,67
28,139307,134,3,56,349,47,63
29,664346,134,7,56,349,47,69
30,533296,134,7,76,349,43,74
31,533953,134,11,57,349,47,54
32,927188,134,1,60,349,23,41
33,927348,134,1,75,349,27,70
34,796317,134,1,69,349,43,83
35,534333,134,3,81,349,37,64
36,272299,134,11,68,349,31,75
37,403411,134,7,67,349,43,65
38,403623,134,7,74,349,43,42
39,273106,134,9,79,349,21,85
40,928493,134,1,79,349,27,70
41,273411,134,9,73,349,31,72
42,142656,134,7,87,349,27,84
43,142701,134,3,67,349,47,67
44,143436,134,3,85,349,43,83
45,929911,134,7,79,349,43,82
46,930012,134,3,88,349,37,65
47,274686,134,7,77,349,37,78
48,143989,134,3,64,349,37,73
49,800073,134,3,82,349,43,76
50,275968,134,3,79,349,23,71
51,538243,134,11,85,349,27,77
52,669558,134,3,84,349,37,95
53,669744,134,3,81,349,47,77
54,932001,134,7,87,349,47,84
55,932347,134,3,73,349,27,90
56,146601,134,1,68,349,23,46
57,933068,134,11,90,349,25,85
58,802148,134,3,73,349,37,72
59,278032,134,13,95,349,33,83
60,933410,134,3,83,349,37,95
61,540811,134,3,57,349,47,83
62,672188,134,7,77,349,33,70
63,148002,134,7,73,349,33,72
64,934488,134,1,70,349,37,77
65,804026,134,11,81,349,27,76
66,673036,134,3,93,349,43,85
67,280343,134,1,43,349,41,72
68,280343,134,9,64,349,41,72
69,149604,134,7,84,349,27,83
70,673919,134,1,75,349,27,83
71,411831,134,13,73,349,43,65
72,280810,134,7,64,349,43,78
73,674212,134,3,76,349,27,64
74,936396,134,3,75,349,23,73
75,674288,134,11,61,349,27,78
76,543267,134,3,79,349,43,88
77,150281,134,3,72,349,27,87
78,543870,134,3,65,349,37,90
79,150906,134,7,73,349,43,65
80,806285,134,1,50,349,37,62
81,806285,134,3,76,349,37,62
82,675371,134,9,66,349,25,61
83,675865,134,1,79,349,27,66
84,938333,134,1,69,349,33,63
85,807636,134,1,84,349,33,85
86,283569,134,3,78,349,23,39
87,283841,134,3,73,349,23,71
88,808153,134,1,80,349,33,69
89,939437,134,7,76,349,33,72
90,284521,134,1,62,349,27,77
91,940068,134,1,89,349,43,77
92,809226,134,1,84,349,43,82
93,416222,134,3,73,349,43,67
94,809553,134,3,58,349,43,74
95,285269,134,13,69,349,47,67
96,154198,134,9,62,349,25,66
97,416608,134,11,81,349,43,80
98,154672,134,7,79,349,33,70
99,286285,134,7,64,349,33,72
100,810736,134,3,79,349,37,69
101,417524,134,7,72,349,27,78
102,287048,134,3,85,349,47,86
103,811535,134,7,77,349,27,87
104,418755,134,7,75,349,33,62
105,549939,134,3,91,349,43,72
106,419004,134,3,82,349,23,66
107,287964,134,3,72,349,33,50
108,943538,134,7,68,349,27,67
109,419303,134,3,77,349,23,74
110,419311,134,1,79,349,27,77
111,288426,134,11,69,349,33,71
112,157391,134,1,72,349,23,67
113,158133,134,1,75,349,33,77
114,289655,134,3,82,349,23,74
115,683125,134,3,69,349,17,46
116,945996,134,13,72,349,37,91
117,683941,134,3,75,349,37,67
118,684112,134,1,79,349,33,73
119,684720,134,3,67,349,23,80
120,553831,134,7,61,349,43,60
121,947140,134,13,57,349,47,60
122,947403,134,1,58,349,27,81
123,947543,134,1,80,349,27,73
124,292516,134,1,79,349,53,62
125,161520,134,3,82,349,27,78
126,161887,134,1,87,349,43,84
127,948783,134,1,93,349,23,62
128,949298,134,1,91,349,27,61
129,163053,134,1,74,349,23,73
130,163687,134,3,80,349,23,68
131,950474,134,3,72,349,33,73
132,164440,134,3,71,349,33,70
133,950975,134,3,70,349,33,86
134,426693,134,11,77,349,43,66
135,164711,134,11,75,349,43,44
136,164726,134,13,67,349,47,60
137,296334,134,3,77,349,37,75
138,165313,134,3,86,349,47,66
139,165391,134,1,69,349,37,83
140,689685,134,3,73,349,47,90
141,165431,134,3,83,349,33,74
142,689890,134,3,71,349,43,64
143,823350,134,1,82,349,37,96
144,692363,134,7,64,349,43,82
145,168125,134,1,95,349,23,82
146,954629,134,7,86,349,33,71
147,299287,134,7,74,349,33,76
148,299531,134,7,94,349,43,83
149,168500,134,7,78,349,27,80
150,168888,134,7,88,349,33,74
151,562572,134,1,71,349,23,69
152,562886,134,7,92,349,43,89
153,169772,134,7,84,349,27,90
154,169987,134,7,56,349,43,67
155,563252,134,1,87,349,37,75
156,432215,134,7,78,349,37,23
157,694446,134,7,72,349,33,66
158,563507,134,3,83,349,43,88
159,170527,134,1,87,349,27,83
160,170728,134,1,72,349,43,80
161,564970,134,7,81,349,33,83
162,434052,134,3,71,349,37,78
163,172214,134,1,68,349,27,88
164,172708,134,5,90,349,21,63
165,828144,134,3,87,349,37,87
166,828405,134,3,70,349,23,56
167,304120,134,3,75,349,23,60
168,173087,134,15,58,349,37,52
169,566705,134,7,57,349,33,60
170,959934,134,7,82,349,43,84
171,435703,134,3,93,349,43,87
172,305072,134,3,99,349,27,93
173,305087,134,3,76,349,23,80
174,436839,134,3,60,349,23,74
175,305770,134,3,58,349,37,78
176,961399,134,3,96,349,23,94
177,699303,134,3,92,349,27,93
178,175111,134,11,76,349,41,64
179,568477,134,7,85,349,43,82
180,699709,134,1,70,349,27,69
181,830783,134,7,51,349,27,65
182,437764,134,7,87,349,33,80
183,175724,134,1,63,349,27,67
184,438427,134,7,62,349,33,77
185,831705,134,1,82,349,47,83
186,176665,134,3,76,349,37,63
187,307903,134,11,72,349,43,50
188,832304,134,7,87,349,33,66
189,701263,134,1,88,349,27,70
190,570491,134,1,75,349,45,70
191,177333,134,1,64,349,41,50
192,702161,134,7,76,349,23,66
193,309029,134,3,87,349,33,78
194,702533,134,3,57,349,43,72
195,309903,134,7,68,349,33,72
196,965887,134,3,74,349,27,52
197,703751,134,7,84,349,43,87
198,179629,134,3,81,349,37,97
199,966693,134,7,72,349,27,64
200,180559,134,3,63,349,37,73
201,180625,134,1,94,349,33,91
202,312164,134,1,78,349,37,56
203,181332,134,7,69,349,43,71
204,574548,134,5,86,349,21,69
205,705758,134,1,80,349,53,67
206,574772,134,1,81,349,23,53
207,837135,134,7,71,349,43,82
208,313006,134,1,82,349,33,80
209,837314,134,3,71,349,43,50
210,837331,134,1,74,349,33,61
211,445380,134,7,87,349,63,91
212,576550,134,9,87,349,21,73
213,707629,134,7,80,349,47,73
214,445790,134,3,76,349,53,67
215,708323,134,3,55,349,37,66
216,446423,134,7,72,349,43,83
217,577553,134,1,82,349,33,82
218,709140,134,7,69,349,27,50
219,316009,134,1,68,349,27,71
220,840768,134,9,58,349,25,55
221,185693,134,3,73,349,37,76
222,972460,134,3,50,349,37,80
223,317727,134,1,91,349,35,42
224,580428,134,7,87,349,33,89
225,842889,134,3,73,349,37,65
226,318668,134,3,69,349,37,77
227,187751,134,1,94,349,37,78
228,581163,134,3,78,349,33,70
229,450211,134,1,50,349,47,60
230,450211,134,7,56,349,47,60
231,450561,134,3,83,349,33,59
232,712756,134,7,72,349,33,68
233,712795,134,7,59,349,47,76
234,581795,134,7,67,349,27,68
235,975355,134,1,62,349,37,72
236,451429,134,9,57,349,25,61
237,714011,134,3,85,349,23,60
238,845404,134,11,88,349,27,78
239,190900,134,3,72,349,33,75
240,190969,134,9,78,349,25,56
241,977405,134,11,82,349,37,81
242,584313,134,1,64,349,33,72
243,584571,134,1,72,349,43,76
244,584625,134,7,69,349,47,66
245,847409,134,7,63,349,27,69
246,716353,134,1,82,349,27,85
247,979691,134,1,67,349,23,66
248,849449,134,17,91,349,27,65
249,325448,134,11,89,349,23,81
250,587720,134,11,60,349,33,46
251,587764,134,3,68,349,37,80
252,194810,134,3,94,349,23,76
253,456955,134,7,72,349,43,86
254,456977,134,1,84,349,27,85
255,456981,134,3,85,349,37,91
256,719166,134,1,86,349,43,83
257,719326,134,1,76,349,43,74
258,326304,134,1,85,349,23,56
259,982159,134,3,60,349,37,55
260,196125,134,7,64,349,47,59
261,196135,134,3,83,349,23,85
262,458364,134,7,81,349,33,77
263,327443,134,3,92,349,23,96
264,589943,134,7,81,349,33,80
265,328033,134,51,84,349,73,57
266,721569,134,3,80,349,37,77
267,459539,134,1,59,349,27,86
268,983879,134,1,50,349,23,36
269,459945,134,1,60,349,35,67
270,853165,134,3,74,349,57,62
271,198444,134,1,95,349,43,87
272,854095,134,7,77,349,33,76
273,460960,134,1,65,349,33,67
274,854705,134,1,88,349,37,90
275,724257,134,13,76,349,43,80
276,855333,134,9,46,349,25,57
277,855333,134,11,73,349,25,57
278,724341,134,1,77,349,27,69
279,200101,134,3,63,349,43,75
280,855793,134,3,85,349,43,82
281,986951,134,7,81,349,21,53
282,463242,134,7,78,349,33,83
283,725474,134,1,89,349,27,78
284,463624,134,7,84,349,33,87
285,594720,134,7,72,349,43,82
286,595424,134,1,71,349,33,63
287,464520,134,3,80,349,43,88
288,595834,134,3,81,349,43,75
289,595955,134,7,50,349,47,41
290,727097,134,1,80,349,47,85
291,464961,134,3,69,349,37,78
292,858284,134,7,80,349,33,70
293,465896,134,1,65,349,17,69
294,859304,134,3,71,349,43,87
295,204094,134,3,80,349,37,91
296,859699,134,1,64,349,45,69
297,728898,134,3,81,349,37,81
298,205043,134,3,69,349,37,66
299,991696,134,3,67,349,37,91
300,205764,134,7,66,349,33,82
301,730056,134,7,87,349,33,84
302,337130,134,3,86,349,33,78
303,992766,134,1,70,349,47,83
304,337892,134,1,75,349,31,72
305,731136,134,7,70,349,27,76
306,862759,134,3,88,349,37,96
307,993946,134,3,87,349,23,88
308,600744,134,1,83,349,37,84
309,731918,134,3,80,349,33,91
310,863151,134,7,79,349,33,67
311,863783,134,3,82,349,33,73
312,470742,134,1,71,349,33,63
313,995406,134,3,86,349,43,95
314,471336,134,13,73,349,47,65
315,864581,134,7,83,349,57,73
316,995797,134,1,82,349,37,56
317,472265,134,3,81,349,47,83
318,603374,134,1,71,349,33,64
319,865618,134,1,77,349,27,94
320,210526,134,7,81,349,33,64
321,210593,134,3,66,349,37,81
322,997298,134,3,92,349,23,84
323,343377,134,1,86,349,27,67
324,736761,134,7,73,349,33,64
325,344060,134,3,67,349,47,62
326,475198,134,1,74,349,27,52
327,738198,134,7,78,349,43,85
328,214155,134,7,82,349,33,51
329,345603,134,3,50,349,47,81
330,345603,134,11,71,349,47,81
331,215168,134,1,96,349,43,86
332,215186,134,7,91,349,33,84
333,609737,134,1,72,349,43,60
334,479916,134,1,90,349,37,82
335,479959,134,7,76,349,33,80
336,348995,134,3,93,349,23,79
337,874976,134,11,68,349,47,64
338,481876,134,7,84,349,33,77
339,481904,134,1,74,349,37,67
340,613199,134,3,62,349,33,75
341,744326,134,3,60,349,37,70
342,613418,134,3,75,349,43,70
343,351376,134,1,66,349,31,60
344,351450,134,7,73,349,43,73
345,613828,134,3,53,349,43,65
346,745016,134,3,76,349,33,72
347,483181,134,1,72,349,33,81
348,483239,134,11,76,349,27,70
349,353699,134,3,76,349,43,83
350,223242,134,7,66,349,43,80
351,485739,134,3,72,349,37,87
352,616845,134,3,88,349,43,73
353,616953,134,7,78,349,43,56
354,224284,134,7,69,349,27,85
355,224540,134,3,65,349,27,58
356,880321,134,1,70,349,23,68
357,749303,134,3,78,349,37,50
358,618350,134,7,61,349,43,63
359,225543,134,9,70,349,35,50
360,882074,134,11,72,349,27,63
361,358392,134,5,83,349,25,80
362,489837,134,7,93,349,27,80
363,359156,134,1,80,349,37,97
364,490394,134,7,84,349,27,88
365,359475,134,3,64,349,47,69
366,883885,134,1,68,349,47,67
367,491236,134,3,59,349,23,62
368,229325,134,7,80,349,27,85
369,622740,134,1,54,349,33,78
370,491868,134,7,81,349,27,64
371,622976,134,7,42,349,47,50
372,622976,134,13,64,349,47,50
373,623146,134,1,56,349,35,68
374,885705,134,3,75,349,23,67
375,361513,134,3,95,349,13,87
376,492695,134,3,81,349,37,76
377,492712,134,3,70,349,23,54
378,231018,134,9,60,349,31,44
379,231018,134,9,60,349,35,68
380,231018,134,11,79,349,31,44
381,231018,134,11,79,349,35,68
382,493191,134,7,66,349,47,89
383,362218,134,3,68,349,37,74
384,886834,134,3,82,349,37,75
385,100485,134,7,82,349,27,79
386,362682,134,3,42,349,33,56
387,362682,134,11,71,349,33,56
388,100728,134,3,76,349,23,84
389,362948,134,7,80,349,27,92
390,101324,134,3,73,349,27,58
391,756932,134,1,85,349,37,80
392,364752,134,11,66,349,37,80
393,495977,134,1,68,349,37,67
394,496069,134,3,60,349,33,55
395,628068,134,3,80,349,37,90
396,628260,134,3,84,349,33,62
397,890499,134,3,59,349,17,56
398,628979,134,3,80,349,33,58
399,629282,134,3,84,349,33,74
400,367784,134,7,78,349,47,62
401,499277,134,3,78,349,37,87
402,761574,134,1,74,349,23,70
403,499434,134,7,95,349,27,90
404,630751,134,3,55,349,43,89
405,369321,134,1,56,349,23,60
406,631476,134,3,83,349,37,79
407,893883,134,1,63,349,37,69
408,893984,134,11,70,349,23,61
409,894171,134,11,74,349,37,85
410,239055,134,7,76,349,33,65
411,894432,134,1,74,349,25,81
412,632304,134,1,57,349,27,67
413,370189,134,7,57,349,47,81
414,894735,134,1,77,349,27,79
415,763886,134,7,89,349,37,95
416,894965,134,1,70,349,33,76
417,632883,134,11,87,349,37,95
418,239764,134,7,89,349,43,83
419,371297,134,11,86,349,33,70
420,502458,134,7,87,349,43,87
421,109583,134,3,75,349,27,69
422,765222,134,7,77,349,37,89
423,634570,134,3,68,349,37,65
424,372449,134,3,80,349,37,90
425,241630,134,3,57,349,23,80
426,504135,134,7,76,349,33,88
427,242213,134,1,83,349,27,87
428,897918,134,7,80,349,27,74
429,898333,134,3,83,349,33,62
430,505132,134,7,78,349,43,68
431,112075,134,7,65,349,33,72
432,375276,134,7,62,349,47,66
433,768803,134,3,71,349,23,85
434,375657,134,1,82,349,23,93
435,638432,134,3,78,349,37,65
436,770031,134,3,78,349,37,42
437,771173,134,11,74,349,37,62
438,115860,134,7,87,349,33,71
439,509483,134,1,77,349,23,80
440,772295,134,3,70,349,37,66
441,772538,134,13,58,349,43,67
442,903640,134,7,97,349,33,95
443,772868,134,3,78,349,43,66
444,117876,134,3,73,349,37,87
445,773343,134,7,87,349,27,92
446,118092,134,1,70,349,37,81
447,773507,134,3,42,349,23,62
448,773507,134,11,50,349,23,62
449,380573,134,7,83,349,33,87
450,905311,134,1,57,349,35,81
451,643421,134,3,79,349,23,78
452,381387,134,11,87,349,25,87
453,774771,134,3,83,349,43,82
454,774811,134,3,63,349,37,88
455,905955,134,7,91,349,27,85
456,382062,134,3,59,349,17,67
457,775823,134,7,69,349,33,76
458,645183,134,7,71,349,33,70
459,645741,134,9,72,349,35,80
460,776878,134,1,72,349,37,46
461,383689,134,7,75,349,27,83
462,908134,134,3,85,349,17,79
463,908161,134,13,46,349,33,67
464,908161,134,21,68,349,33,67
465,646820,134,3,74,349,43,72
466,384815,134,3,85,349,37,72
467,778399,134,1,60,349,33,65
468,909623,134,7,55,349,43,59
469,647590,134,1,82,349,33,87
470,909980,134,3,94,349,37,80
471,254739,134,3,80,349,17,86
472,779164,134,7,68,349,27,74
473,517366,134,3,73,349,27,82
474,386436,134,7,71,349,33,77
475,124550,134,7,87,349,33,90
476,911260,134,3,70,349,33,76
477,518161,134,7,72,349,43,65
478,518208,134,1,79,349,23,86
479,780616,134,9,85,349,25,67
480,518605,134,1,43,349,27,78
481,518605,134,7,74,349,27,78
482,911863,134,7,77,349,17,65
483,387798,134,3,84,349,43,97
484,781255,134,7,86,349,27,79
485,912408,134,3,87,349,37,85
486,781922,134,11,69,349,27,72
487,520372,134,3,59,349,23,50
488,127292,134,11,53,349,47,66
489,652192,134,3,79,349,37,77
490,390061,134,1,98,349,17,89
491,127988,134,11,61,349,35,70
492,521410,134,7,52,349,27,63
493,783574,134,1,52,349,37,77
494,783907,134,7,79,349,33,86
495,390839,134,7,77,349,33,54
496,784071,134,3,78,349,43,63
497,915208,134,3,79,349,23,89
498,522108,134,3,75,349,47,66
499,785014,134,7,80,349,33,90
500,391981,134,7,74,349,43,85
501,260970,134,7,83,349,43,81
502,261000,134,1,75,349,47,90
503,654571,134,7,82,349,27,78
504,523731,134,5,65,349,25,61
505,393040,134,11,65,349,37,62
