,StudentID,CourseNumber_x,Term_x,Grade_x,CourseNumber_y,Term_y,Grade_y
0,131188,134,7,39,456,43,53
1,131188,134,13,50,456,43,53
2,787296,134,1,87,456,27,51
3,918408,134,7,69,456,47,78
4,394640,134,1,82,456,33,78
5,525934,134,9,75,456,31,73
6,394865,134,17,66,456,47,73
7,526102,134,3,81,456,43,76
8,788547,134,7,87,456,31,94
9,526476,134,1,76,456,61,99
10,133520,134,7,66,456,51,70
11,395676,134,5,71,456,29,71
12,526806,134,7,63,456,41,57
13,264746,134,3,84,456,43,93
14,264967,134,7,50,456,47,85
15,265140,134,9,62,456,35,50
16,134110,134,3,91,456,31,70
17,789824,134,9,82,456,31,78
18,265831,134,7,79,456,27,54
19,528297,134,7,81,456,43,72
20,266156,134,3,83,456,43,82
21,266249,134,3,77,456,43,81
22,266465,134,7,74,456,53,79
23,266931,134,1,72,456,37,95
24,660594,134,3,65,456,33,79
25,922902,134,1,74,456,25,64
26,398834,134,3,86,456,47,96
27,136770,134,11,85,456,43,80
28,398948,134,1,78,456,21,77
29,399262,134,1,81,456,31,55
30,530559,134,7,67,456,21,68
31,530702,134,11,75,456,27,73
32,137521,134,3,69,456,17,67
33,399758,134,7,78,456,31,63
34,924089,134,3,76,456,51,50
35,269007,134,11,78,456,47,82
36,793596,134,3,78,456,37,89
37,138275,134,7,73,456,43,79
38,793641,134,5,90,456,39,85
39,924921,134,7,85,456,43,83
40,925225,134,11,77,456,37,50
41,532023,134,9,73,456,25,75
42,138858,134,7,81,456,43,85
43,794306,134,3,75,456,37,61
44,401612,134,7,76,456,41,75
45,925909,134,3,90,456,17,82
46,270650,134,1,87,456,33,88
47,532935,134,7,83,456,31,50
48,795093,134,3,80,456,43,76
49,401989,134,3,81,456,37,84
50,664243,134,7,71,456,41,84
51,664346,134,7,56,456,41,73
52,533296,134,7,76,456,53,79
53,533465,134,5,89,456,29,79
54,533628,134,3,84,456,47,61
55,533953,134,11,57,456,51,50
56,927348,134,1,75,456,33,77
57,534333,134,3,81,456,33,59
58,927632,134,9,78,456,25,57
59,272299,134,11,68,456,39,57
60,403404,134,1,76,456,21,89
61,534603,134,3,97,456,43,89
62,534620,134,11,76,456,43,72
63,403623,134,7,74,456,43,34
64,272814,134,3,84,456,37,95
65,273106,134,9,79,456,25,88
66,928493,134,1,79,456,33,64
67,273177,134,7,71,456,41,65
68,273411,134,9,73,456,25,61
69,797723,134,3,88,456,43,98
70,142656,134,7,87,456,41,81
71,273977,134,1,93,456,33,87
72,142952,134,7,85,456,33,75
73,536307,134,1,90,456,31,45
74,536307,134,1,90,456,37,50
75,143106,134,13,73,456,43,52
76,405442,134,11,64,456,37,79
77,929778,134,3,78,456,43,92
78,798862,134,11,82,456,33,78
79,143989,134,3,64,456,51,54
80,930463,134,1,95,456,13,79
81,144275,134,1,79,456,33,64
82,275464,134,3,77,456,43,68
83,800073,134,3,82,456,41,83
84,669024,134,3,80,456,37,72
85,275968,134,3,79,456,31,75
86,144975,134,3,67,456,37,79
87,538191,134,7,81,456,41,79
88,538243,134,11,85,456,27,52
89,800535,134,7,85,456,41,91
90,800560,134,5,60,456,25,60
91,538625,134,3,91,456,17,74
92,669744,134,3,81,456,33,60
93,145566,134,3,70,456,37,65
94,932001,134,7,87,456,41,92
95,669968,134,3,63,456,37,65
96,932437,134,7,88,456,43,86
97,146062,134,1,77,456,37,45
98,146062,134,1,77,456,41,62
99,801457,134,1,78,456,53,77
100,670826,134,7,68,456,41,37
101,146601,134,1,68,456,31,70
102,933068,134,11,90,456,45,91
103,671211,134,3,70,456,37,77
104,278032,134,13,95,456,41,86
105,671697,134,1,80,456,35,50
106,540811,134,3,57,456,47,81
107,278894,134,3,91,456,31,76
108,148002,134,7,73,456,33,63
109,934488,134,1,70,456,31,71
110,803496,134,13,70,456,43,64
111,148179,134,3,71,456,33,59
112,803613,134,7,43,456,51,68
113,803613,134,21,66,456,51,68
114,410494,134,3,78,456,33,83
115,410514,134,3,68,456,27,78
116,541730,134,7,78,456,43,68
117,804026,134,11,81,456,31,81
118,672977,134,1,69,456,37,80
119,673030,134,7,73,456,41,73
120,542140,134,9,65,456,39,78
121,411554,134,1,75,456,37,72
122,935908,134,5,74,456,29,67
123,673919,134,1,75,456,27,91
124,805149,134,1,79,456,53,81
125,280876,134,1,64,456,23,82
126,805252,134,7,81,456,43,85
127,674212,134,3,76,456,23,64
128,674288,134,11,61,456,31,63
129,674299,134,1,80,456,37,80
130,543267,134,3,79,456,37,95
131,150060,134,5,60,456,35,51
132,150281,134,3,72,456,33,82
133,543870,134,3,65,456,37,82
134,675020,134,7,63,456,43,88
135,544112,134,3,65,456,43,84
136,806285,134,1,50,456,37,64
137,806285,134,3,76,456,37,64
138,544250,134,1,77,456,37,69
139,675371,134,9,66,456,25,67
140,282169,134,3,91,456,31,93
141,937616,134,7,70,456,47,64
142,282296,134,11,65,456,47,66
143,675865,134,1,79,456,33,76
144,938326,134,7,84,456,41,83
145,283256,134,3,81,456,21,62
146,283452,134,1,91,456,33,85
147,283569,134,3,78,456,27,50
148,152510,134,3,73,456,31,52
149,152740,134,9,66,456,35,66
150,283841,134,3,73,456,31,82
151,808153,134,1,80,456,43,81
152,677095,134,1,76,456,31,69
153,808173,134,3,61,456,27,74
154,939437,134,7,76,456,33,77
155,677437,134,3,90,456,23,70
156,677618,134,3,68,456,31,80
157,415529,134,3,66,456,31,56
158,284521,134,1,62,456,33,80
159,939882,134,3,81,456,43,81
160,808900,134,1,84,456,43,94
161,940068,134,1,89,456,33,75
162,415986,134,5,68,456,49,72
163,547192,134,7,79,456,43,87
164,154029,134,3,81,456,37,89
165,809553,134,3,58,456,41,68
166,285269,134,13,69,456,43,64
167,154198,134,9,62,456,25,59
168,416608,134,11,81,456,43,90
169,286285,134,7,64,456,33,74
170,810574,134,7,83,456,41,73
171,417409,134,7,89,456,51,70
172,286600,134,5,81,456,17,54
173,155674,134,7,86,456,21,73
174,942196,134,1,98,456,37,95
175,549082,134,1,96,456,31,81
176,418078,134,1,83,456,29,89
177,287048,134,3,85,456,37,94
178,418755,134,7,75,456,37,51
179,419004,134,3,82,456,37,80
180,287964,134,3,72,456,31,56
181,550330,134,3,71,456,31,67
182,419303,134,3,77,456,37,79
183,288426,134,11,69,456,33,77
184,157391,134,1,72,456,31,70
185,943989,134,7,87,456,33,74
186,288636,134,7,89,456,41,87
187,288910,134,1,24,456,39,50
188,288910,134,9,71,456,39,50
189,158040,134,1,76,456,41,58
190,158133,134,1,75,456,43,82
191,551784,134,3,80,456,41,62
192,289655,134,3,82,456,33,85
193,158683,134,1,80,456,33,74
194,158753,134,3,86,456,41,50
195,683125,134,3,69,456,21,57
196,552151,134,11,57,456,47,61
197,421562,134,3,76,456,37,86
198,290499,134,7,69,456,47,80
199,683941,134,3,75,456,43,62
200,553068,134,13,89,456,43,73
201,947140,134,13,57,456,47,68
202,291891,134,13,76,456,43,89
203,816273,134,9,66,456,31,73
204,160927,134,1,79,456,31,59
205,685309,134,3,87,456,31,58
206,947692,134,3,78,456,33,79
207,947724,134,7,81,456,41,78
208,292516,134,1,79,456,37,41
209,292516,134,1,79,456,47,67
210,554702,134,13,85,456,43,94
211,161520,134,3,82,456,27,88
212,423722,134,7,74,456,31,55
213,423961,134,5,73,456,25,57
214,292930,134,13,82,456,43,77
215,161887,134,1,87,456,43,88
216,424300,134,3,86,456,31,71
217,555508,134,1,91,456,21,86
218,424473,134,7,81,456,43,90
219,817796,134,1,80,456,27,56
220,162604,134,3,75,456,37,87
221,818164,134,11,74,456,27,78
222,949298,134,1,91,456,33,58
223,162883,134,3,73,456,37,61
224,687361,134,3,72,456,37,50
225,425297,134,3,81,456,31,50
226,818549,134,7,68,456,43,74
227,163852,134,9,70,456,35,79
228,426025,134,7,84,456,33,82
229,950563,134,7,73,456,43,83
230,688654,134,1,71,456,27,55
231,164440,134,3,71,456,33,84
232,950975,134,3,70,456,27,90
233,164711,134,11,75,456,43,52
234,164726,134,13,67,456,51,43
235,689026,134,1,80,456,23,81
236,427170,134,1,92,456,31,90
237,427251,134,1,69,456,33,84
238,296334,134,3,77,456,43,70
239,165313,134,3,86,456,43,72
240,951816,134,9,78,456,35,53
241,165391,134,1,69,456,43,77
242,689890,134,3,71,456,37,77
243,296695,134,3,75,456,37,72
244,428007,134,7,90,456,31,82
245,690183,134,7,67,456,27,69
246,297285,134,1,77,456,41,70
247,952972,134,1,81,456,21,73
248,297685,134,3,87,456,37,64
249,822260,134,3,65,456,37,61
250,691350,134,7,68,456,43,56
251,298316,134,7,73,456,31,90
252,691665,134,3,76,456,43,80
253,429712,134,3,71,456,37,73
254,823053,134,13,71,456,47,75
255,167734,134,1,53,456,37,66
256,430084,134,7,79,456,41,83
257,823350,134,1,82,456,31,75
258,692363,134,7,64,456,41,74
259,430402,134,1,97,456,33,76
260,299531,134,7,94,456,41,84
261,430643,134,1,84,456,27,86
262,693007,134,3,78,456,31,61
263,168888,134,7,88,456,33,77
264,562238,134,1,50,456,41,80
265,169136,134,1,57,456,35,55
266,693452,134,7,83,456,33,68
267,300369,134,1,79,456,41,68
268,562572,134,1,71,456,31,65
269,169401,134,3,76,456,37,88
270,824996,134,7,81,456,43,57
271,694043,134,7,82,456,47,82
272,169987,134,7,56,456,43,58
273,563222,134,11,81,456,47,84
274,170058,134,3,64,456,27,91
275,432215,134,7,78,456,37,38
276,432215,134,7,78,456,47,66
277,432224,134,1,84,456,27,87
278,432265,134,1,75,456,43,66
279,170256,134,1,86,456,31,79
280,563507,134,3,83,456,37,95
281,694658,134,9,60,456,39,62
282,694809,134,3,81,456,27,63
283,170677,134,7,63,456,33,55
284,432822,134,1,85,456,37,80
285,170728,134,1,72,456,47,67
286,170904,134,7,84,456,43,74
287,564635,134,3,94,456,21,83
288,172214,134,1,68,456,33,88
289,434487,134,3,85,456,43,87
290,828202,134,9,62,456,25,66
291,959339,134,7,62,456,27,50
292,304120,134,3,75,456,31,53
293,173087,134,15,58,456,35,71
294,304558,134,7,56,456,43,68
295,959934,134,7,82,456,33,72
296,959987,134,13,62,456,43,50
297,828971,134,7,80,456,41,78
298,173740,134,15,70,456,59,32
299,173740,134,15,70,456,69,50
300,304838,134,1,83,456,23,66
301,305087,134,3,76,456,37,64
302,567658,134,3,69,456,37,70
303,567813,134,3,79,456,27,90
304,305770,134,3,58,456,51,57
305,306113,134,7,88,456,41,76
306,175111,134,11,76,456,27,26
307,175111,134,11,76,456,35,86
308,568353,134,7,82,456,43,52
309,568477,134,7,85,456,33,89
310,961782,134,3,87,456,47,52
311,699709,134,1,70,456,35,75
312,568680,134,21,50,456,57,61
313,437764,134,7,87,456,43,94
314,437785,134,7,93,456,43,90
315,175724,134,1,63,456,23,50
316,831219,134,9,56,456,35,72
317,569396,134,11,79,456,33,73
318,700582,134,1,74,456,37,80
319,831705,134,1,82,456,57,83
320,176665,134,3,76,456,31,58
321,569944,134,9,80,456,25,52
322,832180,134,3,68,456,31,80
323,832304,134,7,87,456,41,65
324,832340,134,11,78,456,33,81
325,177270,134,3,80,456,37,73
326,570491,134,1,75,456,51,65
327,177333,134,1,64,456,31,72
328,177445,134,3,68,456,27,51
329,439930,134,1,65,456,23,83
330,702161,134,7,76,456,37,67
331,833590,134,3,46,456,51,71
332,833590,134,11,64,456,51,71
333,702533,134,3,57,456,43,87
334,178415,134,7,89,456,41,92
335,178609,134,15,69,456,35,67
336,309903,134,7,68,456,33,58
337,703675,134,7,81,456,31,81
338,179629,134,3,81,456,37,89
339,441836,134,7,70,456,41,80
340,966157,134,11,59,456,35,63
341,835449,134,11,79,456,37,58
342,442320,134,9,81,456,41,64
343,442324,134,7,56,456,43,77
344,704831,134,7,75,456,43,76
345,573779,134,5,69,456,41,59
346,311798,134,1,85,456,37,79
347,181332,134,7,69,456,41,75
348,574548,134,5,86,456,19,83
349,705758,134,1,80,456,51,81
350,574772,134,1,81,456,23,62
351,443708,134,7,84,456,23,88
352,837135,134,7,71,456,47,89
353,313006,134,1,82,456,43,85
354,837331,134,1,74,456,51,77
355,706794,134,1,74,456,37,66
356,313781,134,3,90,456,43,94
357,838142,134,3,84,456,43,94
358,838344,134,1,64,456,33,69
359,969552,134,3,70,456,31,91
360,445348,134,7,90,456,37,78
361,445380,134,7,87,456,61,96
362,707629,134,7,80,456,57,63
363,576712,134,7,60,456,33,79
364,315048,134,3,72,456,27,43
365,446440,134,3,87,456,37,76
366,577594,134,7,83,456,41,29
367,577618,134,5,77,456,29,74
368,315523,134,11,59,456,37,65
369,184522,134,3,83,456,37,89
370,315884,134,1,65,456,31,53
371,971247,134,7,84,456,41,90
372,316009,134,1,68,456,23,74
373,447139,134,7,82,456,41,75
374,185080,134,11,69,456,39,50
375,709403,134,3,62,456,31,67
376,840768,134,9,58,456,25,67
377,447575,134,1,67,456,43,63
378,185885,134,5,67,456,25,76
379,317057,134,3,65,456,33,61
380,972460,134,3,50,456,37,73
381,841534,134,7,85,456,43,94
382,186289,134,1,77,456,41,87
383,972785,134,3,72,456,23,75
384,448504,134,1,66,456,15,58
385,579612,134,1,74,456,23,80
386,317560,134,7,84,456,47,86
387,973110,134,1,70,456,23,68
388,448964,134,1,70,456,37,66
389,318056,134,3,71,456,37,84
390,711314,134,3,96,456,31,94
391,449201,134,1,82,456,43,89
392,842542,134,9,70,456,35,43
393,842542,134,9,70,456,41,78
394,318260,134,5,56,456,25,64
395,449627,134,7,80,456,23,70
396,318668,134,3,69,456,33,62
397,580819,134,3,80,456,37,51
398,449767,134,3,72,456,37,53
399,318789,134,11,62,456,39,53
400,581104,134,3,58,456,63,89
401,712223,134,5,78,456,21,78
402,581163,134,3,78,456,33,65
403,712311,134,13,61,456,51,64
404,843737,134,9,38,456,45,61
405,843737,134,11,64,456,45,61
406,450561,134,3,83,456,41,70
407,712756,134,7,72,456,33,57
408,581795,134,7,67,456,33,79
409,975230,134,7,91,456,41,88
410,189073,134,3,70,456,31,72
411,451429,134,9,57,456,25,71
412,844796,134,7,85,456,33,56
413,713858,134,3,82,456,53,83
414,845250,134,3,76,456,37,79
415,714194,134,7,55,456,53,83
416,714194,134,13,76,456,53,83
417,845404,134,11,88,456,23,84
418,583552,134,3,79,456,37,89
419,976944,134,1,76,456,23,74
420,190900,134,3,72,456,37,82
421,977405,134,11,82,456,27,77
422,584199,134,1,84,456,33,85
423,191006,134,17,66,456,47,72
424,584313,134,1,64,456,41,83
425,715465,134,1,93,456,39,100
426,977723,134,1,68,456,23,68
427,846692,134,1,70,456,37,75
428,584625,134,7,69,456,47,79
429,191544,134,7,72,456,43,76
430,453691,134,1,71,456,21,76
431,453710,134,7,82,456,41,92
432,847173,134,3,81,456,37,79
433,847409,134,7,63,456,41,77
434,716353,134,1,82,456,33,91
435,454225,134,1,55,456,43,78
436,192215,134,3,67,456,43,87
437,847754,134,7,99,456,41,92
438,323602,134,1,73,456,35,71
439,585777,134,3,73,456,37,70
440,192756,134,3,59,456,37,63
441,455006,134,11,61,456,31,50
442,848348,134,7,77,456,41,94
443,586217,134,1,57,456,31,63
444,586296,134,1,67,456,33,55
445,979691,134,1,67,456,23,79
446,586709,134,1,88,456,41,84
447,586994,134,1,71,456,31,76
448,324856,134,3,64,456,37,65
449,849449,134,17,91,456,37,45
450,587720,134,11,60,456,41,64
451,981072,134,5,71,456,39,59
452,587957,134,3,54,456,47,75
453,194747,134,7,79,456,27,87
454,456955,134,7,72,456,43,87
455,456981,134,3,85,456,43,90
456,719166,134,1,86,456,27,93
457,981625,134,3,80,456,37,89
458,326304,134,1,85,456,31,59
459,719980,134,5,87,456,41,91
460,327083,134,3,74,456,33,87
461,589263,134,7,62,456,41,75
462,983146,134,7,81,456,33,76
463,589976,134,3,82,456,37,96
464,721141,134,7,87,456,41,77
465,983330,134,11,59,456,35,69
466,328033,134,51,84,456,71,77
467,721302,134,1,75,456,43,85
468,590285,134,7,72,456,33,73
469,983567,134,1,96,456,33,81
470,459539,134,1,59,456,41,69
471,591043,134,3,82,456,23,65
472,460210,134,9,66,456,25,54
473,329175,134,13,63,456,41,74
474,853796,134,3,81,456,33,78
475,854095,134,7,77,456,43,81
476,198769,134,9,62,456,35,75
477,460960,134,1,65,456,41,96
478,461072,134,1,89,456,41,91
479,330040,134,3,80,456,43,88
480,199112,134,11,79,456,33,89
481,854705,134,1,88,456,43,84
482,986152,134,1,78,456,41,65
483,986211,134,3,76,456,37,93
484,855333,134,9,46,456,25,71
485,855333,134,11,73,456,25,71
486,724341,134,1,77,456,41,81
487,200101,134,3,63,456,37,70
488,462370,134,11,68,456,27,67
489,986672,134,7,89,456,37,82
490,200326,134,3,86,456,37,88
491,986829,134,9,73,456,39,65
492,855793,134,3,85,456,37,67
493,986951,134,7,81,456,21,61
494,855932,134,3,84,456,31,71
495,331810,134,7,87,456,33,83
496,594032,134,11,58,456,37,74
497,331919,134,1,94,456,41,50
498,201045,134,1,80,456,31,63
499,332142,134,7,77,456,41,81
500,725474,134,1,89,456,33,86
501,987777,134,3,72,456,31,62
502,463624,134,7,84,456,41,78
503,594720,134,7,72,456,41,72
504,463773,134,1,86,456,31,88
505,857058,134,7,80,456,37,68
506,463990,134,3,75,456,41,72
507,988567,134,3,84,456,31,74
508,202136,134,1,81,456,27,62
509,595358,134,1,82,456,23,69
510,595424,134,1,71,456,33,50
511,988805,134,3,58,456,43,70
512,464520,134,3,80,456,31,78
513,595834,134,3,81,456,41,87
514,858006,134,3,72,456,37,91
515,595921,134,3,72,456,23,45
516,595921,134,3,72,456,27,73
517,989166,134,11,76,456,41,79
518,333878,134,7,84,456,33,71
519,727097,134,1,80,456,37,86
520,858284,134,7,80,456,33,61
521,465175,134,5,90,456,31,78
522,858664,134,1,69,456,47,32
523,858707,134,3,61,456,27,72
524,465896,134,1,65,456,23,63
525,859304,134,3,71,456,37,86
526,204094,134,3,80,456,37,89
527,335262,134,1,68,456,33,86
528,859678,134,3,82,456,31,90
529,859699,134,1,64,456,45,37
530,859699,134,1,64,456,49,57
531,990822,134,9,78,456,35,55
532,204674,134,11,51,456,37,55
533,204747,134,1,81,456,27,69
534,860468,134,7,85,456,43,82
535,991857,134,1,74,456,43,30
536,860920,134,3,67,456,43,75
537,205764,134,7,66,456,43,71
538,730151,134,7,85,456,33,82
539,337130,134,3,86,456,31,80
540,468600,134,1,84,456,21,66
541,468781,134,7,90,456,41,85
542,993216,134,7,79,456,43,60
543,468945,134,3,74,456,47,75
544,337892,134,1,75,456,31,88
545,731136,134,7,70,456,41,66
546,206966,134,1,80,456,37,73
547,206978,134,1,90,456,43,86
548,338114,134,11,82,456,53,81
549,469242,134,7,82,456,37,80
550,862804,134,11,85,456,37,75
551,993946,134,3,87,456,31,80
552,600744,134,1,83,456,37,59
553,731918,134,3,80,456,31,72
554,207804,134,3,84,456,37,92
555,207934,134,1,85,456,21,86
556,601356,134,3,33,456,37,80
557,601356,134,11,58,456,37,80
558,863783,134,3,82,456,31,81
559,994897,134,7,82,456,43,73
560,470742,134,1,71,456,43,54
561,471025,134,9,73,456,39,75
562,995406,134,3,86,456,37,90
563,864581,134,7,83,456,51,81
564,995797,134,1,82,456,37,56
565,209462,134,3,92,456,31,88
566,209846,134,1,76,456,33,74
567,472265,134,3,81,456,47,95
568,603374,134,1,71,456,47,67
569,734472,134,11,66,456,37,67
570,472339,134,7,57,456,43,68
571,603463,134,11,72,456,61,59
572,603550,134,13,80,456,41,82
573,210526,134,7,81,456,41,51
574,210543,134,3,73,456,37,69
575,210593,134,3,66,456,43,80
576,997298,134,3,92,456,31,89
577,604300,134,3,65,456,43,84
578,604412,134,3,78,456,27,87
579,735525,134,7,73,456,43,52
580,473457,134,3,67,456,37,73
581,342706,134,13,83,456,43,89
582,998433,134,5,72,456,25,58
583,343076,134,7,71,456,41,68
584,212027,134,1,65,456,43,78
585,605447,134,15,67,456,35,51
586,605447,134,17,83,456,35,51
587,343377,134,1,86,456,41,73
588,998861,134,1,74,456,31,57
589,736895,134,3,70,456,33,52
590,474754,134,7,82,456,41,82
591,736998,134,3,85,456,37,93
592,343902,134,27,53,456,47,75
593,475198,134,1,74,456,33,62
594,475199,134,11,76,456,27,78
595,737440,134,3,89,456,43,54
596,868666,134,3,51,456,41,55
597,868699,134,7,78,456,21,68
598,737879,134,1,88,456,37,88
599,475829,134,3,74,456,43,75
600,738198,134,7,78,456,41,82
601,738234,134,7,79,456,43,60
602,738415,134,1,91,456,31,73
603,214155,134,7,82,456,41,61
604,476353,134,7,84,456,41,79
605,607575,134,3,75,456,23,81
606,476535,134,1,63,456,33,64
607,476552,134,1,80,456,27,63
608,476637,134,7,56,456,43,51
609,345603,134,3,50,456,51,70
610,345603,134,11,71,456,51,70
611,345811,134,3,72,456,37,84
612,870223,134,7,85,456,41,92
613,214974,134,7,50,456,47,76
614,346194,134,3,42,456,37,71
615,346194,134,11,85,456,37,71
616,215168,134,1,96,456,41,91
617,215186,134,7,91,456,33,51
618,739497,134,1,75,456,53,85
619,477636,134,7,73,456,33,43
620,477636,134,7,73,456,43,58
621,346601,134,7,76,456,41,65
622,347233,134,7,83,456,31,50
623,609737,134,1,72,456,37,61
624,609843,134,11,76,456,31,54
625,348184,134,11,78,456,43,75
626,479549,134,9,81,456,29,90
627,479916,134,1,90,456,37,87
628,479959,134,7,76,456,41,61
629,348993,134,3,88,456,37,96
630,611330,134,3,81,456,43,84
631,349725,134,1,72,456,17,40
632,349725,134,1,72,456,21,29
633,742951,134,9,79,456,35,53
634,743057,134,3,79,456,43,84
635,481096,134,1,77,456,33,77
636,874681,134,1,94,456,43,85
637,743900,134,7,63,456,33,79
638,874976,134,11,68,456,43,55
639,612889,134,11,92,456,37,75
640,481876,134,7,84,456,47,85
641,219758,134,3,79,456,21,59
642,481904,134,1,74,456,47,53
643,219874,134,1,84,456,31,64
644,744326,134,3,60,456,51,54
645,613418,134,3,75,456,43,74
646,351376,134,1,66,456,31,62
647,351450,134,7,73,456,43,59
648,483181,134,1,72,456,41,73
649,483216,134,3,63,456,37,88
650,483239,134,11,76,456,23,64
651,483364,134,3,66,456,37,50
652,746323,134,1,60,456,35,88
653,484317,134,7,77,456,27,74
654,878423,134,3,78,456,31,90
655,616318,134,1,81,456,23,77
656,878579,134,7,74,456,33,70
657,747686,134,3,61,456,41,72
658,616836,134,7,71,456,33,86
659,748196,134,1,74,456,31,58
660,879361,134,1,85,456,21,63
661,355306,134,3,69,456,41,51
662,224284,134,7,69,456,33,77
663,224540,134,3,65,456,31,75
664,355687,134,7,72,456,33,74
665,486792,134,3,88,456,37,77
666,224802,134,3,71,456,31,65
667,880321,134,1,70,456,31,70
668,224963,134,11,59,456,37,77
669,749303,134,3,78,456,43,41
670,749370,134,3,72,456,37,72
671,618350,134,7,61,456,43,57
672,618429,134,3,82,456,37,46
673,618429,134,3,82,456,47,53
674,225543,134,9,70,456,35,50
675,487698,134,7,68,456,51,79
676,619241,134,7,70,456,33,58
677,881437,134,1,83,456,31,50
678,488245,134,1,65,456,27,41
679,488286,134,3,76,456,43,82
680,226187,134,13,70,456,43,67
681,881818,134,7,81,456,43,90
682,226648,134,1,73,456,31,55
683,488815,134,13,58,456,41,57
684,619897,134,7,56,456,51,68
685,882074,134,11,72,456,33,67
686,489068,134,7,86,456,41,71
687,882555,134,3,83,456,37,85
688,358392,134,5,83,456,39,73
689,751616,134,1,78,456,31,63
690,359163,134,7,61,456,41,58
691,490394,134,7,84,456,41,73
692,359475,134,3,64,456,37,60
693,883885,134,1,68,456,31,29
694,883885,134,1,68,456,41,70
695,753021,134,11,72,456,35,60
696,228896,134,3,82,456,43,71
697,360153,134,3,73,456,43,85
698,491431,134,3,69,456,33,59
699,229325,134,7,80,456,41,72
700,229365,134,7,84,456,41,67
701,360509,134,1,77,456,33,76
702,360593,134,1,67,456,33,54
703,885022,134,3,60,456,37,72
704,491868,134,7,81,456,41,75
705,622976,134,7,42,456,51,68
706,622976,134,13,64,456,51,68
707,360949,134,5,78,456,39,50
708,754307,134,11,53,456,31,55
709,361253,134,1,66,456,37,50
710,885592,134,3,64,456,37,79
711,230295,134,7,90,456,21,75
712,885705,134,3,75,456,23,76
713,361513,134,3,95,456,17,93
714,230455,134,7,73,456,31,56
715,230760,134,13,79,456,43,57
716,493125,134,1,81,456,37,86
717,231018,134,9,60,456,29,64
718,231018,134,11,79,456,29,64
719,493191,134,7,66,456,43,67
720,362218,134,3,68,456,37,81
721,100134,134,7,79,456,43,84
722,362557,134,11,69,456,31,50
723,231534,134,7,86,456,43,87
724,100485,134,7,82,456,31,68
725,886957,134,3,66,456,37,57
726,100728,134,3,76,456,33,82
727,494021,134,7,80,456,43,85
728,100816,134,1,64,456,31,55
729,232022,134,11,78,456,31,76
730,101324,134,3,73,456,33,59
731,887798,134,3,76,456,43,86
732,887826,134,13,80,456,47,74
733,494623,134,11,79,456,31,65
734,101474,134,3,74,456,21,33
735,626789,134,3,82,456,33,90
736,757882,134,11,75,456,37,71
737,102745,134,1,71,456,31,79
738,495977,134,1,68,456,37,69
739,102763,134,3,43,456,47,73
740,102763,134,11,68,456,47,73
741,496069,134,3,60,456,33,75
742,627180,134,9,72,456,41,77
743,103216,134,3,83,456,37,65
744,366018,134,7,58,456,43,63
745,628260,134,3,84,456,37,75
746,890406,134,3,83,456,23,68
747,104016,134,1,99,456,21,100
748,890499,134,3,59,456,23,60
749,890548,134,7,79,456,41,80
750,366278,134,3,87,456,21,83
751,104345,134,3,83,456,31,88
752,628781,134,3,70,456,37,79
753,628806,134,7,87,456,41,89
754,498116,134,3,67,456,23,55
755,629282,134,3,84,456,33,81
756,629566,134,1,64,456,33,78
757,760680,134,3,83,456,21,70
758,367687,134,1,86,456,37,67
759,367784,134,7,78,456,47,41
760,367784,134,7,78,456,57,75
761,498863,134,3,70,456,31,33
762,498863,134,3,70,456,43,56
763,630010,134,3,74,456,21,75
764,499055,134,13,80,456,41,83
765,368144,134,1,85,456,41,86
766,630751,134,3,55,456,37,82
767,237627,134,13,88,456,41,81
768,500063,134,3,68,456,33,69
769,762273,134,11,63,456,33,64
770,631333,134,7,67,456,27,77
771,369321,134,1,56,456,27,77
772,631476,134,3,83,456,43,83
773,762732,134,3,60,456,31,69
774,893883,134,1,63,456,43,76
775,893984,134,11,70,456,27,58
776,238895,134,5,75,456,31,80
777,894432,134,1,74,456,25,88
778,894735,134,1,77,456,41,53
779,763886,134,7,89,456,43,92
780,894965,134,1,70,456,37,67
781,632879,134,1,63,456,41,83
782,239685,134,9,82,456,31,82
783,632923,134,3,65,456,27,79
784,501869,134,5,88,456,35,74
785,239764,134,7,89,456,41,71
786,895235,134,1,84,456,37,71
787,633101,134,5,73,456,25,64
788,240013,134,7,55,456,37,75
789,633284,134,7,80,456,43,44
790,502458,134,7,87,456,41,88
791,109583,134,3,75,456,23,79
792,633975,134,3,68,456,37,78
793,765222,134,7,77,456,33,85
794,896338,134,7,83,456,43,75
795,634570,134,3,68,456,37,55
796,372433,134,13,64,456,43,39
797,372449,134,3,80,456,37,85
798,241630,134,3,57,456,43,85
799,242213,134,1,83,456,33,87
800,635702,134,1,50,456,53,60
801,897918,134,7,80,456,41,50
802,766899,134,1,68,456,23,77
803,766939,134,5,72,456,45,76
804,767256,134,11,63,456,49,70
805,898333,134,3,83,456,27,76
806,505132,134,7,78,456,41,61
807,243016,134,7,70,456,41,71
808,898420,134,1,85,456,33,83
809,505852,134,3,87,456,43,73
810,899194,134,11,53,456,43,68
811,112786,134,7,62,456,43,50
812,637088,134,3,77,456,51,56
813,244302,134,7,64,456,23,68
814,637540,134,1,76,456,31,86
815,375657,134,1,82,456,31,77
816,244825,134,7,82,456,41,85
817,769467,134,3,81,456,43,76
818,638432,134,3,78,456,31,67
819,376323,134,3,80,456,37,74
820,114251,134,3,88,456,37,56
821,900951,134,1,64,456,23,67
822,770022,134,1,96,456,31,97
823,770031,134,3,78,456,33,38
824,770031,134,3,78,456,51,55
825,639227,134,3,66,456,33,82
826,246057,134,1,73,456,31,62
827,246072,134,13,77,456,37,77
828,115091,134,1,66,456,37,60
829,770570,134,3,79,456,31,73
830,115390,134,3,61,456,37,79
831,377569,134,1,65,456,31,74
832,901942,134,11,76,456,43,68
833,246595,134,3,67,456,37,74
834,115745,134,1,61,456,43,75
835,640108,134,3,80,456,43,80
836,115860,134,7,87,456,31,80
837,509483,134,1,77,456,31,73
838,116897,134,3,81,456,37,74
839,772295,134,3,70,456,31,72
840,641362,134,7,72,456,43,53
841,772868,134,3,78,456,37,66
842,248613,134,7,90,456,41,86
843,117876,134,3,73,456,43,77
844,773343,134,7,87,456,41,91
845,118092,134,1,70,456,37,89
846,773507,134,3,42,456,33,79
847,773507,134,11,50,456,33,79
848,118287,134,11,81,456,31,72
849,904836,134,9,67,456,29,36
850,511846,134,7,68,456,43,63
851,642974,134,3,77,456,47,89
852,249857,134,11,67,456,33,80
853,905311,134,1,57,456,41,72
854,381111,134,1,87,456,37,95
855,381127,134,7,71,456,41,66
856,512223,134,3,94,456,27,82
857,643421,134,3,79,456,37,87
858,381387,134,11,87,456,35,78
859,119339,134,3,78,456,43,64
860,774771,134,3,83,456,37,85
861,774811,134,3,63,456,41,83
862,119515,134,5,66,456,29,59
863,905955,134,7,91,456,33,83
864,119688,134,7,77,456,41,72
865,382062,134,3,59,456,23,67
866,775286,134,7,73,456,33,65
867,120050,134,1,88,456,37,93
868,120364,134,9,78,456,29,75
869,120378,134,3,85,456,33,89
870,775823,134,7,69,456,41,90
871,776139,134,3,66,456,47,85
872,645183,134,7,71,456,41,86
873,120936,134,3,79,456,43,80
874,776335,134,7,81,456,47,90
875,514205,134,11,61,456,47,46
876,514205,134,11,61,456,51,60
877,776404,134,7,77,456,33,57
878,252296,134,9,77,456,29,60
879,645642,134,11,65,456,27,71
880,121392,134,7,72,456,33,59
881,645741,134,9,72,456,25,79
882,776878,134,1,72,456,37,69
883,383689,134,7,75,456,47,58
884,383763,134,7,84,456,43,80
885,908120,134,13,76,456,47,59
886,646346,134,3,88,456,17,65
887,908561,134,3,89,456,21,55
888,384348,134,7,79,456,41,61
889,646601,134,7,61,456,43,57
890,122472,134,1,84,456,33,84
891,646820,134,3,74,456,47,78
892,909032,134,3,73,456,33,59
893,122665,134,3,82,456,33,87
894,384815,134,3,85,456,37,70
895,516037,134,7,75,456,41,87
896,123181,134,7,96,456,27,82
897,385436,134,1,76,456,37,89
898,647590,134,1,82,456,31,71
899,909823,134,3,86,456,43,92
900,910055,134,7,67,456,47,63
901,254739,134,3,80,456,23,82
902,516981,134,7,83,456,37,85
903,910200,134,1,77,456,41,78
904,779164,134,7,68,456,41,57
905,255096,134,7,89,456,41,83
906,517366,134,3,73,456,27,75
907,386436,134,7,71,456,33,86
908,124369,134,1,57,456,41,64
909,124369,134,21,83,456,41,64
910,779772,134,1,93,456,31,92
911,124550,134,7,87,456,43,91
912,386823,134,3,45,456,43,77
913,386823,134,11,53,456,43,77
914,255833,134,1,88,456,53,79
915,518208,134,1,79,456,37,81
916,649404,134,7,67,456,41,65
917,649454,134,3,70,456,43,85
918,780616,134,9,85,456,29,55
919,911863,134,7,77,456,25,61
920,781031,134,7,67,456,23,68
921,387912,134,7,70,456,41,70
922,912312,134,1,62,456,37,76
923,256970,134,3,92,456,37,95
924,912408,134,3,87,456,37,76
925,650380,134,1,86,456,23,58
926,388684,134,7,89,456,57,80
927,126560,134,9,68,456,25,71
928,781922,134,11,69,456,37,81
929,126772,134,7,76,456,33,74
930,258184,134,13,81,456,41,55
931,520372,134,3,59,456,31,57
932,127292,134,11,53,456,47,79
933,914167,134,1,90,456,31,96
934,127843,134,3,80,456,43,81
935,390061,134,1,98,456,51,96
936,127988,134,11,61,456,31,66
937,390335,134,11,55,456,49,54
938,521410,134,7,52,456,41,61
939,783605,134,3,89,456,23,61
940,259654,134,7,79,456,43,80
941,915015,134,3,91,456,27,73
942,390839,134,7,77,456,27,72
943,390860,134,7,74,456,37,65
944,915208,134,3,79,456,31,76
945,653126,134,3,75,456,37,82
946,653133,134,7,88,456,53,79
947,522108,134,3,75,456,47,76
948,784479,134,1,86,456,43,88
949,915647,134,1,87,456,43,91
950,260290,134,7,59,456,41,77
951,784675,134,7,81,456,37,85
952,261000,134,1,75,456,51,80
953,785372,134,1,87,456,27,95
954,523428,134,7,84,456,43,89
955,654503,134,3,76,456,43,94
956,130217,134,11,57,456,31,60
957,654571,134,7,82,456,37,75
958,130302,134,3,61,456,43,68
959,261605,134,3,70,456,41,78
960,654883,134,3,69,456,37,87
961,130852,134,1,86,456,41,84
962,917303,134,11,71,456,41,45
963,917303,134,11,71,456,47,65
964,393040,134,11,65,456,43,44
965,393040,134,11,65,456,47,59
