,StudentID,CourseNumber_x,Term_x,Grade_x,CourseNumber_y,Term_y,Grade_y
0,524634,134,7,82,360,27,72
1,918214,134,3,72,360,23,55
2,787296,134,1,87,360,13,71
3,787766,134,3,80,360,13,64
4,394640,134,1,82,360,17,86
5,525934,134,9,75,360,19,69
6,526165,134,7,91,360,21,91
7,264142,134,1,91,360,15,91
8,526476,134,1,76,360,23,38
9,526476,134,1,76,360,31,58
10,133520,134,7,66,360,33,59
11,527032,134,3,72,360,23,74
12,265140,134,9,62,360,29,56
13,396242,134,3,75,360,21,98
14,658523,134,1,85,360,11,83
15,265831,134,7,79,360,21,65
16,265956,134,1,78,360,23,70
17,134978,134,5,94,360,29,82
18,266156,134,3,83,360,23,69
19,266465,134,7,74,360,41,55
20,790931,134,11,80,360,31,80
21,398060,134,7,86,360,27,66
22,922902,134,1,74,360,31,71
23,267721,134,3,85,360,23,92
24,398834,134,3,86,360,23,73
25,792065,134,3,72,360,23,77
26,136770,134,11,85,360,43,85
27,398948,134,1,78,360,17,69
28,530055,134,3,88,360,23,63
29,661296,134,3,70,360,31,64
30,399262,134,1,81,360,23,50
31,661514,134,1,86,360,29,85
32,923674,134,1,85,360,11,87
33,530559,134,7,67,360,25,75
34,399758,134,7,78,360,27,83
35,530835,134,9,58,360,25,61
36,399788,134,1,82,360,13,88
37,924089,134,3,76,360,21,59
38,530912,134,1,66,360,41,84
39,269007,134,11,78,360,31,73
40,924461,134,3,68,360,23,70
41,793641,134,5,90,360,39,73
42,531706,134,7,58,360,27,59
43,531965,134,7,76,360,33,75
44,925225,134,11,77,360,37,80
45,532023,134,9,73,360,19,71
46,269954,134,7,71,360,27,66
47,663311,134,3,70,360,23,67
48,794400,134,7,80,360,31,65
49,139307,134,3,56,360,33,59
50,925909,134,3,90,360,13,88
51,663821,134,1,74,360,21,81
52,270650,134,1,87,360,41,69
53,664243,134,7,71,360,27,57
54,533296,134,7,76,360,33,75
55,271379,134,7,70,360,33,83
56,271472,134,1,80,360,27,57
57,533628,134,3,84,360,31,85
58,140636,134,3,73,360,23,63
59,272064,134,7,67,360,33,75
60,534333,134,3,81,360,23,68
61,927632,134,9,78,360,19,72
62,272299,134,11,68,360,29,50
63,403404,134,1,76,360,11,86
64,927785,134,7,79,360,27,59
65,534603,134,3,97,360,23,85
66,141393,134,21,60,360,43,88
67,403679,134,7,85,360,41,80
68,272678,134,1,84,360,21,69
69,403860,134,7,81,360,27,56
70,272814,134,3,84,360,23,89
71,928379,134,1,66,360,21,72
72,273177,134,7,71,360,33,65
73,797723,134,3,88,360,23,91
74,535638,134,7,75,360,21,70
75,273575,134,1,81,360,31,93
76,666823,134,3,63,360,31,72
77,404743,134,3,91,360,23,96
78,142656,134,7,87,360,43,91
79,142701,134,3,67,360,47,58
80,273977,134,1,93,360,21,76
81,143030,134,13,75,360,37,61
82,667372,134,7,86,360,27,84
83,536307,134,1,90,360,31,79
84,929778,134,3,78,360,37,58
85,143436,134,3,85,360,23,75
86,798862,134,11,82,360,21,75
87,930012,134,3,88,360,31,81
88,667935,134,3,75,360,31,51
89,144003,134,1,79,360,21,57
90,930463,134,1,95,360,11,81
91,537387,134,7,73,360,33,66
92,799627,134,1,88,360,21,89
93,144275,134,1,79,360,27,68
94,537542,134,3,80,360,21,81
95,275464,134,3,77,360,33,63
96,406619,134,7,84,360,27,69
97,668864,134,3,68,360,41,85
98,669024,134,3,80,360,23,66
99,931291,134,1,93,360,23,91
100,275968,134,3,79,360,23,73
101,144975,134,3,67,360,31,62
102,538191,134,7,81,360,27,72
103,538243,134,11,85,360,23,85
104,276171,134,1,77,360,21,50
105,800535,134,7,85,360,33,89
106,276256,134,3,80,360,21,50
107,800560,134,5,60,360,21,64
108,145284,134,3,69,360,23,69
109,669744,134,3,81,360,41,53
110,407676,134,7,80,360,33,76
111,669968,134,3,63,360,23,52
112,932347,134,3,73,360,21,83
113,277011,134,7,76,360,23,91
114,932437,134,7,88,360,33,93
115,146062,134,1,77,360,27,74
116,801457,134,1,78,360,13,30
117,801457,134,1,78,360,41,81
118,670702,134,1,90,360,21,87
119,670826,134,7,68,360,33,55
120,146601,134,1,68,360,21,54
121,802148,134,3,73,360,37,55
122,671191,134,7,89,360,27,74
123,802383,134,7,85,360,43,86
124,671697,134,1,80,360,21,67
125,540811,134,3,57,360,31,70
126,278894,134,3,91,360,37,78
127,672162,134,7,79,360,33,77
128,803347,134,3,82,360,23,83
129,803496,134,13,70,360,33,60
130,541367,134,1,64,360,33,76
131,148179,134,3,71,360,21,68
132,803613,134,7,43,360,51,52
133,803613,134,21,66,360,51,52
134,410514,134,3,68,360,21,79
135,148423,134,7,83,360,27,74
136,804026,134,11,81,360,23,85
137,672977,134,1,69,360,21,66
138,673036,134,3,93,360,37,85
139,542140,134,9,65,360,29,55
140,804514,134,3,54,360,43,65
141,411554,134,1,75,360,23,78
142,935908,134,5,74,360,25,78
143,673919,134,1,75,360,23,72
144,542953,134,7,63,360,23,58
145,805149,134,1,79,360,27,75
146,280876,134,1,64,360,21,75
147,805252,134,7,81,360,33,74
148,543267,134,3,79,360,23,84
149,150060,134,5,60,360,31,64
150,674495,134,19,73,360,29,65
151,543870,134,3,65,360,37,68
152,675020,134,7,63,360,33,81
153,544112,134,3,65,360,31,73
154,150906,134,7,73,360,51,55
155,806285,134,1,50,360,33,75
156,806285,134,3,76,360,33,75
157,544250,134,1,77,360,27,63
158,675371,134,9,66,360,19,69
159,282169,134,3,91,360,23,91
160,151211,134,3,59,360,21,75
161,282296,134,11,65,360,43,59
162,937875,134,1,58,360,29,58
163,544800,134,1,94,360,23,98
164,544834,134,9,67,360,29,66
165,151689,134,7,64,360,27,81
166,938326,134,7,84,360,41,83
167,938333,134,1,69,360,17,68
168,545134,134,13,83,360,23,84
169,545362,134,1,82,360,21,89
170,283256,134,3,81,360,17,72
171,283569,134,3,78,360,31,61
172,545723,134,5,67,360,29,57
173,152510,134,3,73,360,23,65
174,677095,134,1,76,360,15,56
175,808173,134,3,61,360,13,68
176,677437,134,3,90,360,17,69
177,415529,134,3,66,360,23,72
178,939882,134,3,81,360,23,73
179,808900,134,1,84,360,33,78
180,940068,134,1,89,360,33,90
181,153736,134,3,68,360,23,82
182,415986,134,5,68,360,45,64
183,809226,134,1,84,360,33,70
184,547192,134,7,79,360,27,63
185,154029,134,3,81,360,31,84
186,154198,134,9,62,360,19,46
187,154672,134,7,79,360,27,51
188,679394,134,3,61,360,41,56
189,417409,134,7,89,360,27,50
190,810736,134,3,79,360,37,71
191,286551,134,7,70,360,27,55
192,155496,134,7,79,360,43,84
193,286600,134,5,81,360,17,73
194,679954,134,3,86,360,23,69
195,155674,134,7,86,360,27,93
196,942196,134,1,98,360,31,98
197,418078,134,1,83,360,21,74
198,287048,134,3,85,360,31,82
199,942524,134,7,72,360,31,75
200,549481,134,7,83,360,33,74
201,418755,134,7,75,360,27,68
202,549939,134,3,91,360,41,75
203,287896,134,1,80,360,43,90
204,287987,134,7,83,360,27,89
205,287990,134,3,75,360,33,80
206,943538,134,7,68,360,21,56
207,419311,134,1,79,360,21,63
208,157391,134,1,72,360,21,58
209,681731,134,13,38,360,51,55
210,681731,134,21,60,360,51,55
211,943990,134,1,89,360,27,62
212,157683,134,3,66,360,23,68
213,419973,134,1,91,360,33,76
214,288910,134,1,24,360,29,59
215,288910,134,9,71,360,29,59
216,158040,134,1,76,360,27,72
217,158128,134,7,72,360,47,57
218,158133,134,1,75,360,27,62
219,813779,134,3,82,360,23,71
220,289655,134,3,82,360,21,72
221,158683,134,1,80,360,21,84
222,158753,134,3,86,360,23,72
223,290499,134,7,69,360,31,55
224,290808,134,3,75,360,23,75
225,684112,134,1,79,360,21,56
226,684225,134,3,66,360,31,69
227,159949,134,7,71,360,27,51
228,422108,134,7,87,360,41,68
229,160205,134,3,63,360,23,40
230,160205,134,3,63,360,31,51
231,815657,134,1,75,360,29,77
232,815672,134,1,91,360,31,65
233,553777,134,3,80,360,21,88
234,553831,134,7,61,360,27,62
235,291758,134,7,64,360,27,50
236,947140,134,13,57,360,33,63
237,816273,134,9,66,360,21,60
238,685254,134,3,86,360,23,75
239,947403,134,1,58,360,23,65
240,685309,134,3,87,360,23,89
241,685338,134,1,81,360,31,95
242,947692,134,3,78,360,21,63
243,947724,134,7,81,360,33,86
244,292516,134,1,79,360,47,65
245,554702,134,13,85,360,41,74
246,423722,134,7,74,360,17,63
247,423917,134,1,60,360,23,50
248,423961,134,5,73,360,15,72
249,292930,134,13,82,360,33,65
250,424473,134,7,81,360,27,78
251,686674,134,7,77,360,33,81
252,162450,134,3,86,360,23,90
253,162604,134,3,75,360,31,66
254,818143,134,3,89,360,21,82
255,818164,134,11,74,360,23,80
256,949298,134,1,91,360,27,57
257,162883,134,3,73,360,23,66
258,818362,134,1,85,360,23,96
259,687361,134,3,72,360,23,65
260,294200,134,7,76,360,27,65
261,818549,134,7,68,360,27,53
262,818566,134,3,86,360,21,89
263,425378,134,1,70,360,21,70
264,819070,134,3,84,360,21,74
265,295038,134,3,65,360,23,71
266,950474,134,3,72,360,23,82
267,950563,134,7,73,360,33,64
268,819549,134,3,84,360,23,88
269,295424,134,3,85,360,31,78
270,688654,134,1,71,360,13,74
271,164440,134,3,71,360,21,76
272,950922,134,3,90,360,23,100
273,950975,134,3,70,360,23,79
274,164711,134,11,75,360,21,53
275,689026,134,1,80,360,17,84
276,689050,134,3,97,360,23,92
277,820372,134,1,79,360,27,77
278,427251,134,1,69,360,33,84
279,296334,134,3,77,360,23,62
280,165313,134,3,86,360,23,86
281,951816,134,9,78,360,29,73
282,689685,134,3,73,360,27,72
283,558618,134,7,84,360,33,66
284,165577,134,13,83,360,33,85
285,690183,134,7,67,360,17,57
286,297285,134,1,77,360,31,56
287,952972,134,1,81,360,11,71
288,297685,134,3,87,360,31,93
289,822137,134,3,78,360,23,60
290,297917,134,1,97,360,21,96
291,822260,134,3,65,360,31,74
292,298316,134,7,73,360,21,60
293,691539,134,11,57,360,27,68
294,429612,134,1,77,360,27,56
295,822875,134,3,85,360,21,76
296,429712,134,3,71,360,23,73
297,954248,134,1,81,360,31,100
298,561100,134,9,55,360,31,59
299,823350,134,1,82,360,37,78
300,692363,134,7,64,360,33,60
301,168125,134,1,95,360,21,95
302,954629,134,7,86,360,23,67
303,430402,134,1,97,360,21,94
304,299531,134,7,94,360,33,96
305,430725,134,1,84,360,29,75
306,562238,134,1,50,360,23,89
307,693452,134,7,83,360,27,74
308,169231,134,11,78,360,47,68
309,300369,134,1,79,360,27,59
310,824996,134,7,81,360,27,75
311,562886,134,7,92,360,27,76
312,694043,134,7,82,360,47,70
313,956230,134,9,67,360,31,72
314,563080,134,3,73,360,31,57
315,169987,134,7,56,360,41,51
316,563222,134,11,81,360,41,75
317,563252,134,1,87,360,23,81
318,432215,134,7,78,360,57,55
319,563305,134,3,61,360,31,56
320,432265,134,1,75,360,31,63
321,694446,134,7,72,360,27,59
322,694809,134,3,81,360,23,67
323,432822,134,1,85,360,23,81
324,563916,134,3,78,360,43,73
325,170728,134,1,72,360,27,66
326,170904,134,7,84,360,27,62
327,564635,134,3,94,360,21,81
328,958197,134,3,61,360,37,79
329,434487,134,3,85,360,31,77
330,827715,134,7,80,360,27,82
331,827970,134,11,98,360,23,93
332,959110,134,3,84,360,23,79
333,828144,134,3,87,360,23,86
334,828202,134,9,62,360,19,62
335,959339,134,7,62,360,23,62
336,828405,134,3,70,360,23,68
337,304120,134,3,75,360,21,65
338,173087,134,15,58,360,27,59
339,304558,134,7,56,360,33,79
340,435703,134,3,93,360,23,91
341,828971,134,7,80,360,27,63
342,173740,134,15,70,360,41,44
343,304838,134,1,83,360,31,80
344,305072,134,3,99,360,21,95
345,305087,134,3,76,360,23,63
346,960530,134,7,78,360,33,66
347,567658,134,3,69,360,31,71
348,567813,134,3,79,360,23,88
349,305970,134,3,89,360,31,95
350,961399,134,3,96,360,23,77
351,699303,134,3,92,360,21,82
352,306113,134,7,88,360,27,80
353,175111,134,11,76,360,21,66
354,961568,134,3,73,360,41,68
355,961782,134,3,87,360,31,55
356,437503,134,11,74,360,25,73
357,568680,134,21,50,360,51,50
358,568698,134,1,83,360,19,78
359,961965,134,3,70,360,31,65
360,175686,134,3,95,360,21,94
361,175724,134,1,63,360,21,73
362,437907,134,7,83,360,33,77
363,306840,134,7,75,360,31,51
364,831219,134,9,56,360,29,57
365,569396,134,11,79,360,27,61
366,438427,134,7,62,360,27,60
367,831705,134,1,82,360,21,71
368,569944,134,9,80,360,19,75
369,832180,134,3,68,360,17,50
370,307903,134,11,72,360,33,75
371,832304,134,7,87,360,33,76
372,701263,134,1,88,360,41,60
373,832340,134,11,78,360,27,58
374,439308,134,3,57,360,21,55
375,570398,134,1,89,360,47,66
376,177333,134,1,64,360,41,50
377,177445,134,3,68,360,23,56
378,308855,134,7,87,360,27,77
379,439930,134,1,65,360,13,84
380,308859,134,1,65,360,13,68
381,309029,134,3,87,360,23,86
382,702533,134,3,57,360,23,60
383,178264,134,1,79,360,27,71
384,440425,134,1,73,360,21,76
385,178415,134,7,89,360,27,79
386,964944,134,3,85,360,23,59
387,964997,134,7,83,360,17,62
388,702855,134,7,93,360,27,98
389,178609,134,15,69,360,29,69
390,703751,134,7,84,360,27,70
391,966157,134,11,59,360,21,46
392,180024,134,7,71,360,33,89
393,835449,134,11,79,360,37,61
394,442320,134,9,81,360,39,59
395,442324,134,7,56,360,37,64
396,835564,134,7,80,360,41,57
397,966693,134,7,72,360,17,67
398,835703,134,1,90,360,29,92
399,966950,134,7,86,360,43,88
400,704831,134,7,75,360,27,63
401,180559,134,3,63,360,23,77
402,311798,134,1,85,360,23,93
403,967409,134,7,66,360,27,60
404,705377,134,1,74,360,21,97
405,181332,134,7,69,360,37,65
406,705758,134,1,80,360,17,88
407,574721,134,5,84,360,19,50
408,443657,134,3,50,360,21,72
409,837135,134,7,71,360,33,83
410,313006,134,1,82,360,21,74
411,837314,134,3,71,360,23,66
412,837331,134,1,74,360,21,68
413,313105,134,3,61,360,23,50
414,575695,134,3,79,360,23,82
415,706794,134,1,74,360,21,82
416,313781,134,3,90,360,23,93
417,838142,134,3,84,360,23,91
418,576188,134,1,88,360,23,77
419,838344,134,1,64,360,23,70
420,445431,134,3,80,360,23,92
421,576550,134,9,87,360,19,85
422,707629,134,7,80,360,47,56
423,445790,134,3,76,360,23,65
424,577330,134,3,78,360,31,64
425,970736,134,7,82,360,43,79
426,577555,134,7,92,360,33,89
427,577594,134,7,83,360,33,53
428,577618,134,5,77,360,29,63
429,315523,134,11,59,360,31,67
430,184522,134,3,83,360,37,83
431,315787,134,1,64,360,23,64
432,315884,134,1,65,360,13,66
433,971247,134,7,84,360,33,85
434,184825,134,1,75,360,31,68
435,971321,134,11,75,360,31,58
436,316009,134,1,68,360,13,64
437,316033,134,11,72,360,21,64
438,971438,134,3,62,360,23,55
439,578277,134,7,75,360,41,70
440,185080,134,11,69,360,29,47
441,185080,134,11,69,360,39,57
442,709403,134,3,62,360,17,85
443,840768,134,9,58,360,19,68
444,447575,134,1,67,360,23,57
445,709876,134,1,92,360,21,100
446,316681,134,3,85,360,23,82
447,316801,134,3,71,360,37,86
448,317057,134,3,65,360,23,58
449,186041,134,7,78,360,37,75
450,579481,134,3,67,360,21,77
451,317376,134,1,83,360,13,72
452,972785,134,3,72,360,21,82
453,579612,134,1,74,360,11,79
454,317727,134,1,91,360,29,69
455,973110,134,1,70,360,13,67
456,448964,134,1,70,360,27,58
457,186926,134,3,84,360,13,50
458,318056,134,3,71,360,23,80
459,449201,134,1,82,360,41,72
460,842542,134,9,70,360,21,50
461,580428,134,7,87,360,41,96
462,580539,134,3,87,360,23,90
463,973827,134,7,74,360,27,65
464,449627,134,7,80,360,17,72
465,318602,134,1,93,360,21,88
466,318668,134,3,69,360,23,49
467,580819,134,3,80,360,23,84
468,449767,134,3,72,360,21,85
469,843003,134,3,64,360,33,84
470,580993,134,3,63,360,23,73
471,450211,134,1,50,360,41,73
472,450211,134,7,56,360,41,73
473,188091,134,7,81,360,31,74
474,450405,134,7,87,360,27,76
475,450477,134,3,76,360,23,56
476,843737,134,9,38,360,41,54
477,843737,134,11,64,360,41,54
478,450561,134,3,83,360,37,45
479,974916,134,7,85,360,25,70
480,712795,134,7,59,360,27,46
481,843983,134,1,72,360,11,73
482,581912,134,5,80,360,15,67
483,975230,134,7,91,360,27,83
484,975355,134,1,62,360,23,72
485,451429,134,9,57,360,21,77
486,844796,134,7,85,360,23,73
487,713858,134,3,82,360,31,37
488,713858,134,3,82,360,47,54
489,713905,134,1,90,360,23,79
490,189719,134,3,78,360,31,79
491,714011,134,3,85,360,31,72
492,582947,134,1,80,360,31,78
493,845250,134,3,76,360,23,79
494,714194,134,7,55,360,51,45
495,714194,134,7,55,360,53,88
496,714194,134,13,76,360,51,45
497,714194,134,13,76,360,53,88
498,321069,134,1,43,360,27,50
499,321069,134,7,72,360,27,50
500,845404,134,11,88,360,21,85
501,583552,134,3,79,360,23,73
502,976944,134,1,76,360,21,66
503,977405,134,11,82,360,21,68
504,584199,134,1,84,360,23,90
505,191006,134,17,66,360,37,51
506,846387,134,1,79,360,17,80
507,584309,134,1,67,360,23,76
508,715465,134,1,93,360,21,98
509,453383,134,3,88,360,23,86
510,977723,134,1,68,360,13,76
511,846692,134,1,70,360,31,63
512,584571,134,1,72,360,27,76
513,322491,134,3,66,360,31,55
514,191544,134,7,72,360,33,70
515,453691,134,1,71,360,13,79
516,453710,134,7,82,360,27,76
517,847173,134,3,81,360,31,51
518,192215,134,3,67,360,23,61
519,978876,134,7,85,360,41,81
520,585777,134,3,73,360,37,36
521,455006,134,11,61,360,21,58
522,586217,134,1,57,360,21,59
523,586296,134,1,67,360,21,64
524,979691,134,1,67,360,13,85
525,586709,134,1,88,360,21,93
526,848930,134,13,79,360,41,68
527,193702,134,9,68,360,19,71
528,324824,134,7,76,360,33,89
529,325448,134,11,89,360,23,86
530,587720,134,11,60,360,31,73
531,587957,134,3,54,360,43,56
532,194747,134,7,79,360,21,88
533,456955,134,7,72,360,27,55
534,456981,134,3,85,360,23,94
535,719166,134,1,86,360,41,58
536,719980,134,5,87,360,25,78
537,851141,134,7,76,360,33,58
538,327083,134,3,74,360,21,59
539,589263,134,7,62,360,33,71
540,196135,134,3,83,360,21,82
541,196170,134,7,69,360,41,60
542,458364,134,7,81,360,43,71
543,589943,134,7,81,360,27,58
544,589976,134,3,82,360,23,93
545,721141,134,7,87,360,27,71
546,983330,134,11,59,360,27,42
547,983330,134,11,59,360,31,81
548,327978,134,1,83,360,21,85
549,328033,134,51,84,360,61,60
550,721302,134,1,75,360,17,57
551,983567,134,1,96,360,13,93
552,721569,134,3,80,360,23,76
553,328498,134,1,51,360,31,61
554,328498,134,11,77,360,31,61
555,853165,134,3,74,360,23,85
556,591043,134,3,82,360,13,71
557,984389,134,3,77,360,31,58
558,460210,134,9,66,360,19,60
559,460307,134,11,83,360,21,77
560,329242,134,7,70,360,21,11
561,984759,134,7,80,360,27,78
562,853796,134,3,81,360,21,84
563,198769,134,9,62,360,29,69
564,460960,134,1,65,360,27,62
565,461072,134,1,89,360,23,79
566,330040,134,3,80,360,23,72
567,330046,134,7,81,360,27,79
568,592238,134,13,77,360,27,54
569,199112,134,11,79,360,31,72
570,854705,134,1,88,360,23,79
571,723806,134,7,73,360,27,43
572,723806,134,7,73,360,33,82
573,461704,134,3,86,360,23,87
574,986211,134,3,76,360,23,76
575,855333,134,9,46,360,21,54
576,855333,134,11,73,360,21,54
577,724341,134,1,77,360,47,87
578,986672,134,7,89,360,27,81
579,200246,134,1,65,360,29,56
580,855793,134,3,85,360,31,73
581,331557,134,3,79,360,21,83
582,986951,134,7,81,360,25,50
583,855932,134,3,84,360,23,79
584,331770,134,7,82,360,27,67
585,331810,134,7,87,360,33,87
586,725315,134,13,77,360,47,67
587,332142,134,7,77,360,27,76
588,725474,134,1,89,360,33,86
589,463388,134,7,79,360,33,79
590,332385,134,7,76,360,27,79
591,332396,134,1,59,360,13,67
592,987777,134,3,72,360,23,59
593,463624,134,7,84,360,43,77
594,594720,134,7,72,360,27,66
595,463651,134,1,79,360,23,82
596,202136,134,1,81,360,21,66
597,595424,134,1,71,360,21,70
598,988805,134,3,58,360,37,57
599,464520,134,3,80,360,23,81
600,726915,134,11,61,360,29,68
601,595921,134,3,72,360,27,55
602,989166,134,11,76,360,27,72
603,333837,134,3,57,360,31,61
604,333878,134,7,84,360,21,82
605,464961,134,3,69,360,23,59
606,596203,134,3,79,360,31,84
607,334070,134,3,90,360,31,54
608,465175,134,5,90,360,17,72
609,858664,134,1,69,360,43,38
610,858664,134,1,69,360,47,32
611,465896,134,1,65,360,13,55
612,859304,134,3,71,360,23,71
613,204094,134,3,80,360,31,74
614,859678,134,3,82,360,23,81
615,859699,134,1,64,360,39,84
616,990822,134,9,78,360,29,63
617,204674,134,11,51,360,33,67
618,204747,134,1,81,360,33,67
619,991243,134,3,85,360,23,88
620,205043,134,3,69,360,23,50
621,991857,134,1,74,360,53,74
622,598805,134,11,82,360,23,54
623,467787,134,3,90,360,23,96
624,205764,134,7,66,360,47,58
625,992766,134,1,70,360,27,63
626,468600,134,1,84,360,11,64
627,206528,134,1,82,360,17,65
628,468781,134,7,90,360,27,76
629,206730,134,3,83,360,33,92
630,993216,134,7,79,360,33,68
631,206799,134,7,71,360,23,63
632,468945,134,3,74,360,37,67
633,337892,134,1,75,360,21,71
634,731229,134,7,69,360,41,70
635,206978,134,1,90,360,27,88
636,600205,134,7,65,360,21,41
637,862353,134,1,74,360,21,68
638,469242,134,7,82,360,23,87
639,469473,134,9,92,360,19,90
640,862759,134,3,88,360,37,85
641,993946,134,3,87,360,23,92
642,600744,134,1,83,360,23,75
643,994105,134,7,83,360,33,85
644,863151,134,7,79,360,33,77
645,207804,134,3,84,360,23,82
646,470315,134,13,76,360,47,64
647,863783,134,3,82,360,21,79
648,994897,134,7,82,360,27,72
649,471025,134,9,73,360,31,77
650,995406,134,3,86,360,23,80
651,602193,134,1,77,360,33,90
652,471336,134,13,73,360,41,33
653,864581,134,7,83,360,23,71
654,995797,134,1,82,360,31,66
655,209462,134,3,92,360,23,85
656,733831,134,3,81,360,23,64
657,341241,134,3,76,360,21,64
658,734472,134,11,66,360,43,57
659,472339,134,7,57,360,41,72
660,865618,134,1,77,360,43,92
661,341410,134,3,87,360,21,85
662,603559,134,1,71,360,21,64
663,210543,134,3,73,360,23,65
664,603786,134,7,73,360,27,68
665,997298,134,3,92,360,23,91
666,604300,134,3,65,360,33,65
667,604412,134,3,78,360,23,62
668,735525,134,7,73,360,33,58
669,473457,134,3,67,360,43,50
670,342706,134,13,83,360,33,88
671,998433,134,5,72,360,21,70
672,212027,134,1,65,360,27,57
673,605447,134,15,67,360,31,68
674,605447,134,17,83,360,31,68
675,998861,134,1,74,360,19,68
676,999029,134,3,83,360,21,88
677,474754,134,7,82,360,33,79
678,736900,134,7,83,360,27,51
679,736998,134,3,85,360,23,86
680,475101,134,13,77,360,41,61
681,344060,134,3,67,360,37,62
682,475198,134,1,74,360,21,78
683,475199,134,11,76,360,25,69
684,475271,134,1,93,360,23,87
685,475295,134,3,78,360,21,85
686,213192,134,3,73,360,23,76
687,868699,134,7,78,360,21,69
688,475829,134,3,74,360,23,68
689,475963,134,7,90,360,27,85
690,738198,134,7,78,360,33,92
691,738415,134,1,91,360,27,79
692,476353,134,7,84,360,27,78
693,607575,134,3,75,360,13,72
694,476535,134,1,63,360,21,46
695,476535,134,1,63,360,31,63
696,345603,134,3,50,360,31,57
697,345603,134,11,71,360,31,57
698,345811,134,3,72,360,31,89
699,870223,134,7,85,360,27,70
700,215026,134,3,71,360,23,53
701,346194,134,3,42,360,31,50
702,346194,134,11,85,360,31,50
703,215168,134,1,96,360,27,91
704,739497,134,1,75,360,31,68
705,739505,134,7,74,360,27,70
706,477636,134,7,73,360,21,60
707,346601,134,7,76,360,33,73
708,346876,134,3,69,360,23,59
709,478067,134,7,71,360,27,68
710,347233,134,7,83,360,21,66
711,871591,134,3,82,360,23,84
712,347473,134,7,79,360,27,74
713,609737,134,1,72,360,17,63
714,609843,134,11,76,360,21,64
715,741084,134,3,62,360,23,62
716,741351,134,3,80,360,31,81
717,217088,134,13,63,360,27,50
718,348184,134,11,78,360,31,85
719,479916,134,1,90,360,23,88
720,479959,134,7,76,360,41,72
721,348993,134,3,88,360,23,91
722,611330,134,3,81,360,23,67
723,742868,134,3,79,360,31,77
724,349725,134,1,72,360,15,52
725,742951,134,9,79,360,29,63
726,742965,134,13,70,360,41,81
727,743057,134,3,79,360,47,73
728,743295,134,7,65,360,33,83
729,350328,134,7,72,360,41,83
730,874681,134,1,94,360,31,89
731,612889,134,11,92,360,37,69
732,744019,134,1,87,360,27,82
733,219758,134,3,79,360,13,64
734,481904,134,1,74,360,37,60
735,613418,134,3,75,360,31,58
736,875633,134,1,74,360,51,93
737,351376,134,1,66,360,19,64
738,613828,134,3,53,360,31,65
739,351725,134,13,93,360,31,94
740,613958,134,1,81,360,31,78
741,482890,134,1,73,360,31,63
742,351962,134,3,91,360,23,92
743,483181,134,1,72,360,27,67
744,483239,134,11,76,360,31,47
745,876498,134,7,84,360,41,72
746,746323,134,1,60,360,29,63
747,484317,134,7,77,360,21,71
748,615617,134,3,76,360,31,63
749,746859,134,1,74,360,13,62
750,222612,134,1,58,360,21,70
751,353699,134,3,76,360,23,80
752,353817,134,3,85,360,33,73
753,222861,134,3,86,360,23,96
754,878423,134,3,78,360,31,94
755,616318,134,1,81,360,13,70
756,616836,134,7,71,360,41,68
757,616845,134,3,88,360,23,70
758,616953,134,7,78,360,27,54
759,748196,134,1,74,360,13,87
760,879301,134,1,86,360,33,92
761,879361,134,1,85,360,13,72
762,486498,134,1,72,360,13,58
763,224408,134,7,83,360,33,62
764,355480,134,7,92,360,27,88
765,224540,134,3,65,360,17,77
766,486892,134,3,69,360,23,62
767,880321,134,1,70,360,17,66
768,224963,134,11,59,360,23,42
769,224963,134,11,59,360,37,62
770,749370,134,3,72,360,23,75
771,618350,134,7,61,360,27,54
772,487313,134,11,88,360,23,80
773,618429,134,3,82,360,23,44
774,618429,134,3,82,360,31,52
775,225543,134,9,70,360,31,61
776,487698,134,7,68,360,37,50
777,618936,134,3,80,360,13,82
778,619201,134,7,50,360,27,63
779,619241,134,7,70,360,21,41
780,619241,134,7,70,360,27,77
781,881437,134,1,83,360,13,64
782,488245,134,1,65,360,21,45
783,488245,134,1,65,360,43,85
784,488286,134,3,76,360,23,83
785,226187,134,13,70,360,37,60
786,881730,134,1,87,360,23,74
787,881818,134,7,81,360,43,69
788,881832,134,13,69,360,43,63
789,488753,134,3,70,360,31,59
790,226648,134,1,73,360,17,64
791,488815,134,13,58,360,33,57
792,619897,134,7,56,360,41,60
793,882074,134,11,72,360,31,57
794,751003,134,13,84,360,33,75
795,882555,134,3,83,360,31,82
796,358392,134,5,83,360,21,61
797,751616,134,1,78,360,13,81
798,358439,134,7,83,360,33,78
799,227964,134,3,73,360,31,69
800,883450,134,7,64,360,25,46
801,883450,134,7,64,360,27,71
802,359163,134,7,61,360,33,57
803,490343,134,3,80,360,23,78
804,490394,134,7,84,360,27,69
805,752642,134,7,84,360,43,83
806,621636,134,7,88,360,21,95
807,883885,134,1,68,360,23,61
808,753021,134,11,72,360,29,64
809,228896,134,3,82,360,23,58
810,491142,134,3,73,360,23,41
811,229007,134,3,72,360,23,62
812,360153,134,3,73,360,23,67
813,491236,134,3,59,360,31,51
814,491431,134,3,69,360,23,76
815,229365,134,7,84,360,27,61
816,360509,134,1,77,360,21,63
817,491648,134,1,86,360,51,71
818,360593,134,1,67,360,13,54
819,885022,134,3,60,360,23,50
820,491868,134,7,81,360,27,60
821,754307,134,11,53,360,25,39
822,754307,134,11,53,360,27,71
823,885592,134,3,64,360,31,65
824,230295,134,7,90,360,21,87
825,885705,134,3,75,360,13,77
826,361513,134,3,95,360,23,92
827,230455,134,7,73,360,17,58
828,492695,134,3,81,360,31,75
829,230760,134,13,79,360,23,66
830,493125,134,1,81,360,23,80
831,493191,134,7,66,360,27,66
832,755336,134,1,84,360,21,84
833,362142,134,3,57,360,31,68
834,231120,134,3,70,360,21,57
835,755603,134,7,80,360,43,84
836,100485,134,7,82,360,21,72
837,100816,134,1,64,360,13,56
838,756232,134,1,79,360,13,85
839,232022,134,11,78,360,21,77
840,887666,134,3,93,360,21,96
841,363423,134,3,90,360,31,98
842,101324,134,3,73,360,23,57
843,887798,134,3,76,360,23,80
844,494623,134,11,79,360,23,81
845,363625,134,7,73,360,41,65
846,756932,134,1,85,360,23,71
847,757369,134,3,70,360,23,63
848,233392,134,1,85,360,21,99
849,626789,134,3,82,360,21,75
850,364752,134,11,66,360,43,79
851,102745,134,1,71,360,17,64
852,102763,134,3,43,360,43,71
853,102763,134,11,68,360,43,71
854,627073,134,3,57,360,37,86
855,496069,134,3,60,360,21,60
856,627180,134,9,72,360,29,76
857,234236,134,3,65,360,17,63
858,628068,134,3,80,360,37,80
859,366018,134,7,58,360,41,60
860,628260,134,3,84,360,21,74
861,890406,134,3,83,360,17,62
862,890548,134,7,79,360,33,67
863,628781,134,3,70,360,23,80
864,628806,134,7,87,360,33,92
865,628979,134,3,80,360,21,69
866,498116,134,3,67,360,13,81
867,629282,134,3,84,360,21,68
868,105233,134,7,73,360,27,67
869,629566,134,1,64,360,13,70
870,760680,134,3,83,360,33,80
871,498686,134,3,70,360,37,70
872,367687,134,1,86,360,17,59
873,498827,134,3,74,360,23,76
874,367763,134,1,84,360,27,76
875,892060,134,7,83,360,27,78
876,367784,134,7,78,360,27,58
877,630010,134,3,74,360,13,65
878,761126,134,7,76,360,23,46
879,236947,134,1,74,360,17,79
880,368144,134,1,85,360,43,86
881,368181,134,7,72,360,21,45
882,499277,134,3,78,360,23,80
883,892934,134,7,80,360,33,64
884,237627,134,13,88,360,33,62
885,500063,134,3,68,360,21,63
886,762273,134,11,63,360,23,63
887,106994,134,7,66,360,33,59
888,369336,134,3,78,360,21,84
889,762732,134,3,60,360,23,40
890,762732,134,3,60,360,31,72
891,893883,134,1,63,360,47,60
892,631757,134,13,75,360,57,73
893,893984,134,11,70,360,21,67
894,107606,134,7,82,360,27,55
895,500918,134,1,74,360,21,55
896,894171,134,11,74,360,21,63
897,763357,134,3,79,360,23,84
898,632304,134,1,57,360,27,67
899,108104,134,3,79,360,31,80
900,370369,134,1,86,360,13,82
901,370401,134,7,87,360,31,68
902,763886,134,7,89,360,27,94
903,894965,134,1,70,360,21,74
904,632879,134,1,63,360,37,50
905,632883,134,11,87,360,31,100
906,239685,134,9,82,360,21,77
907,632916,134,7,90,360,27,76
908,632923,134,3,65,360,23,73
909,895235,134,1,84,360,17,73
910,108904,134,11,75,360,31,50
911,764296,134,3,88,360,27,76
912,240013,134,7,55,360,43,77
913,371297,134,11,86,360,21,76
914,109191,134,7,68,360,31,57
915,502431,134,3,74,360,23,70
916,502458,134,7,87,360,27,68
917,895725,134,7,80,360,41,77
918,109583,134,3,75,360,17,65
919,633871,134,1,61,360,21,66
920,633975,134,3,68,360,47,83
921,896338,134,7,83,360,33,79
922,896416,134,3,78,360,13,72
923,634522,134,3,75,360,21,52
924,634570,134,3,68,360,23,49
925,634570,134,3,68,360,33,67
926,372449,134,3,80,360,23,69
927,765735,134,1,77,360,23,75
928,373117,134,1,69,360,27,58
929,635702,134,1,50,360,51,43
930,635702,134,1,50,360,61,97
931,897918,134,7,80,360,33,50
932,504735,134,3,73,360,31,63
933,766899,134,1,68,360,17,65
934,766939,134,5,72,360,29,73
935,636160,134,7,86,360,27,95
936,767256,134,11,63,360,45,69
937,898333,134,3,83,360,17,71
938,374049,134,3,71,360,37,52
939,898420,134,1,85,360,21,76
940,505852,134,3,87,360,23,75
941,768096,134,3,80,360,33,71
942,899194,134,11,53,360,33,63
943,112786,134,7,62,360,47,42
944,637088,134,3,77,360,23,58
945,244302,134,7,64,360,21,83
946,768598,134,3,71,360,21,75
947,244825,134,7,82,360,27,86
948,769467,134,3,81,360,31,80
949,376323,134,3,80,360,23,77
950,114251,134,3,88,360,23,80
951,900951,134,1,64,360,11,45
952,900951,134,1,64,360,13,68
953,770022,134,1,96,360,43,95
954,770031,134,3,78,360,23,70
955,377037,134,5,94,360,25,70
956,639227,134,3,66,360,21,61
957,246057,134,1,73,360,13,76
958,115091,134,1,66,360,27,47
959,115091,134,1,66,360,33,62
960,377435,134,3,71,360,31,50
961,639661,134,3,84,360,31,67
962,377569,134,1,65,360,23,78
963,901942,134,11,76,360,31,73
964,246595,134,3,67,360,23,66
965,508799,134,7,87,360,27,58
966,115779,134,1,81,360,27,75
967,640108,134,3,80,360,23,73
968,115860,134,7,87,360,23,85
969,771921,134,1,88,360,31,55
970,509806,134,1,56,360,27,73
971,116897,134,3,81,360,23,78
972,772295,134,3,70,360,31,57
973,641436,134,9,79,360,25,54
974,248346,134,7,80,360,27,71
975,772654,134,3,68,360,27,68
976,248422,134,1,83,360,33,81
977,772868,134,3,78,360,43,72
978,773420,134,1,70,360,31,78
979,380235,134,3,51,360,43,72
980,642550,134,13,75,360,33,69
981,118287,134,11,81,360,21,64
982,904836,134,9,67,360,29,60
983,511846,134,7,68,360,33,80
984,642974,134,3,77,360,41,67
985,774213,134,7,87,360,33,93
986,381111,134,1,87,360,47,72
987,512223,134,3,94,360,23,85
988,250100,134,1,81,360,27,71
989,643421,134,3,79,360,23,77
990,381432,134,7,79,360,47,53
991,119339,134,3,78,360,33,66
992,774771,134,3,83,360,23,77
993,774811,134,3,63,360,23,50
994,905955,134,7,91,360,27,86
995,512823,134,7,73,360,41,62
996,119688,134,7,77,360,33,82
997,644059,134,1,96,360,11,90
998,382062,134,3,59,360,17,75
999,775286,134,7,73,360,23,70
1000,120050,134,1,88,360,37,75
1001,120364,134,9,78,360,25,84
1002,382748,134,13,65,360,41,72
1003,776061,134,7,85,360,27,70
1004,645183,134,7,71,360,27,71
1005,120936,134,3,79,360,23,93
1006,776335,134,7,81,360,31,55
1007,514205,134,11,61,360,37,57
1008,776404,134,7,77,360,33,62
1009,252296,134,9,77,360,25,77
1010,645552,134,3,80,360,21,66
1011,645642,134,11,65,360,21,56
1012,121392,134,7,72,360,33,54
1013,383570,134,1,81,360,21,60
1014,645724,134,3,76,360,23,60
1015,645741,134,9,72,360,19,50
1016,646218,134,5,51,360,25,44
1017,908561,134,3,89,360,13,82
1018,122472,134,1,84,360,21,89
1019,646820,134,3,74,360,23,62
1020,909032,134,3,73,360,17,61
1021,122665,134,3,82,360,23,67
1022,384815,134,3,85,360,31,72
1023,778032,134,1,67,360,21,62
1024,778120,134,3,85,360,23,100
1025,385133,134,1,56,360,23,42
1026,778399,134,1,60,360,23,59
1027,123181,134,7,96,360,27,76
1028,778643,134,13,66,360,23,55
1029,385436,134,1,76,360,17,70
1030,909823,134,3,86,360,31,88
1031,909980,134,3,94,360,23,84
1032,910055,134,7,67,360,33,63
1033,516981,134,7,83,360,33,67
1034,910200,134,1,77,360,21,72
1035,779164,134,7,68,360,27,44
1036,255096,134,7,89,360,27,76
1037,779462,134,3,82,360,23,78
1038,517366,134,3,73,360,21,76
1039,386471,134,7,64,360,23,67
1040,124369,134,1,57,360,35,84
1041,124369,134,21,83,360,35,84
1042,648672,134,7,92,360,33,89
1043,910893,134,3,78,360,31,68
1044,255716,134,3,78,360,23,77
1045,386823,134,3,45,360,31,32
1046,386823,134,11,53,360,31,32
1047,911172,134,3,91,360,23,99
1048,255833,134,1,88,360,21,75
1049,518161,134,7,72,360,41,45
1050,256091,134,3,76,360,23,64
1051,649404,134,7,67,360,33,68
1052,649426,134,1,88,360,15,83
1053,649454,134,3,70,360,23,75
1054,125322,134,1,85,360,21,87
1055,911794,134,7,60,360,27,62
1056,518605,134,1,43,360,33,80
1057,518605,134,7,74,360,33,80
1058,387798,134,3,84,360,23,100
1059,781255,134,7,86,360,27,74
1060,912408,134,3,87,360,23,91
1061,781353,134,7,73,360,27,63
1062,126131,134,1,52,360,21,77
1063,781716,134,5,79,360,15,51
1064,519633,134,1,80,360,41,80
1065,388684,134,7,89,360,57,74
1066,126560,134,9,68,360,19,70
1067,520372,134,3,59,360,23,71
1068,127843,134,3,80,360,23,69
1069,783260,134,7,82,360,33,59
1070,652192,134,3,79,360,23,67
1071,127988,134,11,61,360,29,65
1072,390232,134,1,91,360,21,75
1073,652446,134,1,78,360,31,65
1074,259654,134,7,79,360,27,79
1075,915015,134,3,91,360,21,76
1076,390839,134,7,77,360,17,66
1077,390860,134,7,74,360,27,46
1078,390860,134,7,74,360,33,54
1079,653133,134,7,88,360,51,51
1080,522108,134,3,75,360,23,56
1081,915429,134,3,74,360,17,51
1082,915442,134,5,87,360,11,88
1083,653399,134,7,83,360,17,78
1084,784479,134,1,86,360,17,87
1085,915647,134,1,87,360,23,83
1086,784675,134,7,81,360,41,68
1087,391981,134,7,74,360,27,90
1088,261000,134,1,75,360,31,74
1089,523428,134,7,84,360,41,86
1090,130302,134,3,61,360,23,51
1091,523643,134,1,93,360,11,95
1092,785788,134,7,78,360,17,68
1093,523731,134,5,65,360,31,61
1094,917303,134,11,71,360,21,72
