,StudentID,CourseNumber_x,Term_x,Grade_x,CourseNumber_y,Term_y,Grade_y
0,655430,134,13,86,246,27,84
1,131188,134,7,39,246,21,61
2,131188,134,13,50,246,21,61
3,131252,134,7,80,246,21,73
4,917788,134,1,87,246,11,62
5,524634,134,7,82,246,21,73
6,393886,134,3,80,246,17,77
7,918214,134,3,72,246,21,72
8,787296,134,1,87,246,11,65
9,918408,134,7,69,246,23,82
10,787766,134,3,80,246,11,69
11,656717,134,7,65,246,27,72
12,263554,134,1,75,246,21,70
13,394640,134,1,82,246,11,78
14,525934,134,9,75,246,15,66
15,394865,134,17,66,246,31,69
16,788210,134,1,91,246,15,92
17,526102,134,3,81,246,17,51
18,919338,134,3,77,246,17,75
19,526165,134,7,91,246,13,87
20,264142,134,1,91,246,9,80
21,526365,134,9,55,246,21,54
22,788547,134,7,87,246,17,54
23,526476,134,1,76,246,13,67
24,133520,134,7,66,246,21,70
25,395676,134,5,71,246,11,57
26,526806,134,7,63,246,21,69
27,264746,134,3,84,246,21,74
28,920196,134,7,78,246,21,62
29,527032,134,3,72,246,17,72
30,264967,134,7,50,246,27,78
31,265140,134,9,62,246,19,46
32,265140,134,9,62,246,25,65
33,396242,134,3,75,246,11,50
34,134110,134,3,91,246,17,82
35,920646,134,3,90,246,17,85
36,658523,134,1,85,246,11,84
37,396481,134,3,80,246,17,83
38,789824,134,9,82,246,19,80
39,265831,134,7,79,246,17,50
40,265956,134,1,78,246,17,65
41,134978,134,5,94,246,15,79
42,790412,134,9,70,246,15,48
43,790412,134,9,70,246,25,74
44,528297,134,7,81,246,21,70
45,266156,134,3,83,246,17,80
46,266249,134,3,77,246,17,71
47,266465,134,7,74,246,21,67
48,790931,134,11,80,246,17,70
49,266750,134,13,73,246,27,75
50,266931,134,1,72,246,11,92
51,398060,134,7,86,246,21,77
52,660594,134,3,65,246,21,43
53,660594,134,3,65,246,23,65
54,922902,134,1,74,246,15,64
55,267721,134,3,85,246,17,90
56,398834,134,3,86,246,17,80
57,398848,134,7,66,246,27,50
58,792065,134,3,72,246,21,66
59,136770,134,11,85,246,23,80
60,398948,134,1,78,246,11,74
61,530055,134,3,88,246,13,73
62,923384,134,3,93,246,17,85
63,661296,134,3,70,246,23,40
64,661296,134,3,70,246,31,68
65,399262,134,1,81,246,11,73
66,923620,134,3,72,246,17,34
67,923620,134,3,72,246,23,42
68,661514,134,1,86,246,15,88
69,923674,134,1,85,246,7,71
70,530559,134,7,67,246,15,62
71,530702,134,11,75,246,21,65
72,137521,134,3,69,246,11,70
73,399758,134,7,78,246,13,43
74,399758,134,7,78,246,17,50
75,530835,134,9,58,246,21,74
76,399788,134,1,82,246,7,74
77,924089,134,3,76,246,13,74
78,530912,134,1,66,246,11,78
79,662040,134,1,95,246,13,92
80,269007,134,11,78,246,23,77
81,137990,134,13,76,246,27,77
82,924461,134,3,68,246,17,84
83,924489,134,1,82,246,13,62
84,793596,134,3,78,246,17,83
85,138275,134,7,73,246,21,61
86,793641,134,5,90,246,19,81
87,662695,134,7,56,246,31,45
88,400629,134,17,81,246,23,62
89,924921,134,7,85,246,17,73
90,531706,134,7,58,246,21,79
91,531965,134,7,76,246,21,52
92,925225,134,11,77,246,17,60
93,532023,134,9,73,246,15,71
94,138858,134,7,81,246,21,76
95,269954,134,7,71,246,21,50
96,794306,134,3,75,246,17,81
97,663311,134,3,70,246,17,82
98,794400,134,7,80,246,21,46
99,794400,134,7,80,246,27,68
100,139307,134,3,56,246,21,46
101,139307,134,3,56,246,23,73
102,401612,134,7,76,246,21,69
103,925909,134,3,90,246,11,86
104,663821,134,1,74,246,15,81
105,270650,134,1,87,246,13,70
106,532935,134,7,83,246,13,72
107,795093,134,3,80,246,17,82
108,139739,134,3,79,246,13,80
109,139773,134,1,92,246,21,88
110,401989,134,3,81,246,17,78
111,139927,134,13,50,246,27,78
112,664243,134,7,71,246,21,85
113,664346,134,7,56,246,21,60
114,533296,134,7,76,246,27,73
115,533465,134,5,89,246,15,75
116,271379,134,7,70,246,21,78
117,271472,134,1,80,246,13,70
118,533628,134,3,84,246,17,74
119,664766,134,3,80,246,17,81
120,140636,134,3,73,246,17,80
121,271716,134,11,79,246,31,78
122,533953,134,11,57,246,23,56
123,927188,134,1,60,246,17,62
124,927348,134,1,75,246,13,75
125,796317,134,1,69,246,11,75
126,272064,134,7,67,246,21,69
127,403160,134,3,81,246,17,76
128,534333,134,3,81,246,21,79
129,403316,134,3,78,246,17,60
130,927632,134,9,78,246,15,75
131,272299,134,11,68,246,19,68
132,403404,134,1,76,246,9,83
133,403411,134,7,67,246,21,66
134,927785,134,7,79,246,21,65
135,665647,134,3,79,246,21,76
136,403527,134,1,93,246,9,87
137,534603,134,3,97,246,17,87
138,927823,134,13,79,246,27,73
139,141393,134,21,60,246,33,69
140,534620,134,11,76,246,23,82
141,403623,134,7,74,246,21,80
142,403679,134,7,85,246,21,87
143,272678,134,1,84,246,13,69
144,403860,134,7,81,246,21,74
145,272814,134,3,84,246,17,87
146,404037,134,1,79,246,13,88
147,928379,134,1,66,246,13,77
148,273106,134,9,79,246,15,81
149,928493,134,1,79,246,13,70
150,273177,134,7,71,246,21,71
151,797465,134,7,73,246,21,73
152,273411,134,9,73,246,19,73
153,797723,134,3,88,246,17,88
154,535638,134,7,75,246,13,68
155,273575,134,1,81,246,11,87
156,666823,134,3,63,246,17,66
157,404743,134,3,91,246,17,83
158,142656,134,7,87,246,21,67
159,142701,134,3,67,246,17,59
160,536105,134,7,93,246,21,82
161,273977,134,1,93,246,21,82
162,142952,134,7,85,246,21,77
163,143030,134,13,75,246,23,50
164,667372,134,7,86,246,21,93
165,536307,134,1,90,246,11,61
166,143106,134,13,73,246,27,73
167,143180,134,7,61,246,27,50
168,798583,134,3,72,246,17,60
169,405442,134,11,64,246,23,77
170,929778,134,3,78,246,17,84
171,143436,134,3,85,246,17,80
172,929911,134,7,79,246,21,70
173,798862,134,11,82,246,17,83
174,930012,134,3,88,246,17,82
175,274686,134,7,77,246,21,67
176,930059,134,7,76,246,21,83
177,667935,134,3,75,246,23,68
178,274882,134,13,81,246,27,71
179,799305,134,3,87,246,27,73
180,143989,134,3,64,246,17,61
181,144003,134,1,79,246,13,73
182,930463,134,1,95,246,7,81
183,930464,134,3,45,246,23,80
184,930464,134,11,69,246,23,80
185,537387,134,7,73,246,21,74
186,799627,134,1,88,246,13,79
187,144275,134,1,79,246,11,78
188,537542,134,3,80,246,13,79
189,275464,134,3,77,246,21,75
190,406619,134,7,84,246,21,73
191,668864,134,3,68,246,17,51
192,800073,134,3,82,246,17,78
193,669024,134,3,80,246,17,70
194,931291,134,1,93,246,13,87
195,275968,134,3,79,246,13,70
196,275984,134,11,66,246,21,48
197,275984,134,11,66,246,25,68
198,144975,134,3,67,246,17,68
199,538191,134,7,81,246,21,89
200,538243,134,11,85,246,17,70
201,276171,134,1,77,246,11,89
202,800535,134,7,85,246,21,86
203,276256,134,3,80,246,13,50
204,800560,134,5,60,246,11,63
205,407379,134,13,76,246,33,83
206,669558,134,3,84,246,17,79
207,145284,134,3,69,246,21,68
208,538625,134,3,91,246,11,71
209,669744,134,3,81,246,17,73
210,407676,134,7,80,246,21,73
211,145566,134,3,70,246,17,62
212,932001,134,7,87,246,21,81
213,669968,134,3,63,246,17,72
214,932347,134,3,73,246,13,70
215,277011,134,7,76,246,21,54
216,932437,134,7,88,246,21,80
217,146062,134,1,77,246,11,83
218,801457,134,1,78,246,11,59
219,801568,134,7,63,246,27,58
220,539567,134,13,67,246,27,80
221,670702,134,1,90,246,13,85
222,670826,134,7,68,246,21,72
223,146601,134,1,68,246,11,69
224,933068,134,11,90,246,19,70
225,802148,134,3,73,246,17,63
226,671191,134,7,89,246,21,84
227,933353,134,3,93,246,17,83
228,671211,134,3,70,246,17,50
229,278032,134,13,95,246,27,91
230,933410,134,3,83,246,17,82
231,802383,134,7,85,246,21,73
232,671697,134,1,80,246,15,79
233,671850,134,1,82,246,15,85
234,540811,134,3,57,246,17,60
235,278894,134,3,91,246,11,80
236,672162,134,7,79,246,27,76
237,672188,134,7,77,246,21,80
238,279009,134,9,64,246,29,56
239,279009,134,9,64,246,31,79
240,803347,134,3,82,246,17,84
241,148002,134,7,73,246,21,80
242,934488,134,1,70,246,17,87
243,279140,134,3,60,246,17,73
244,803496,134,13,70,246,27,56
245,541367,134,1,64,246,13,81
246,934598,134,1,61,246,15,70
247,148179,134,3,71,246,13,68
248,803613,134,7,43,246,43,80
249,803613,134,21,66,246,43,80
250,410494,134,3,78,246,11,70
251,410514,134,3,68,246,13,62
252,148423,134,7,83,246,21,85
253,148488,134,7,77,246,27,72
254,541730,134,7,78,246,21,79
255,804026,134,11,81,246,21,88
256,672977,134,1,69,246,13,74
257,673030,134,7,73,246,21,60
258,673036,134,3,93,246,17,86
259,542140,134,9,65,246,25,63
260,149016,134,9,68,246,21,79
261,804514,134,3,54,246,17,69
262,280343,134,1,43,246,29,67
263,280343,134,9,64,246,29,67
264,411554,134,1,75,246,17,71
265,935908,134,5,74,246,19,63
266,149604,134,7,84,246,21,69
267,673919,134,1,75,246,13,82
268,411831,134,13,73,246,27,64
269,542919,134,3,66,246,17,63
270,542945,134,1,50,246,21,68
271,542953,134,7,63,246,21,61
272,280810,134,7,64,246,21,65
273,805149,134,1,79,246,21,87
274,280876,134,1,64,246,11,79
275,805252,134,7,81,246,21,80
276,674212,134,3,76,246,13,67
277,936396,134,3,75,246,17,81
278,674288,134,11,61,246,21,73
279,674299,134,1,80,246,21,87
280,543267,134,3,79,246,17,86
281,150060,134,5,60,246,25,55
282,674495,134,19,73,246,25,51
283,150281,134,3,72,246,21,56
284,543870,134,3,65,246,17,73
285,675020,134,7,63,246,27,80
286,544112,134,3,65,246,17,59
287,150906,134,7,73,246,21,67
288,806285,134,1,50,246,17,68
289,806285,134,3,76,246,17,68
290,544250,134,1,77,246,21,73
291,675371,134,9,66,246,19,66
292,282169,134,3,91,246,17,81
293,937616,134,7,70,246,33,71
294,151211,134,3,59,246,13,57
295,282296,134,11,65,246,21,50
296,282296,134,11,65,246,23,68
297,937875,134,1,58,246,15,56
298,675865,134,1,79,246,13,64
299,544800,134,1,94,246,11,97
300,544834,134,9,67,246,19,74
301,151689,134,7,64,246,21,62
302,938326,134,7,84,246,21,81
303,938333,134,1,69,246,11,77
304,545134,134,13,83,246,21,76
305,545362,134,1,82,246,15,77
306,676457,134,1,79,246,13,70
307,283256,134,3,81,246,11,37
308,283256,134,3,81,246,13,73
309,807636,134,1,84,246,27,82
310,283452,134,1,91,246,11,91
311,414539,134,5,94,246,15,88
312,283569,134,3,78,246,13,60
313,545723,134,5,67,246,21,69
314,152510,134,3,73,246,21,72
315,152740,134,9,66,246,19,73
316,283841,134,3,73,246,13,72
317,808153,134,1,80,246,21,74
318,677095,134,1,76,246,11,64
319,808173,134,3,61,246,13,74
320,939316,134,3,80,246,13,66
321,939437,134,7,76,246,21,78
322,939574,134,3,81,246,17,50
323,677437,134,3,90,246,13,73
324,677618,134,3,68,246,17,81
325,546579,134,13,68,246,33,65
326,415529,134,3,66,246,17,73
327,284521,134,1,62,246,13,72
328,939882,134,3,81,246,17,72
329,153499,134,7,75,246,21,65
330,808900,134,1,84,246,13,87
331,940068,134,1,89,246,13,88
332,153736,134,3,68,246,17,79
333,415986,134,5,68,246,19,70
334,809226,134,1,84,246,27,80
335,284991,134,7,80,246,21,78
336,547192,134,7,79,246,21,79
337,154029,134,3,81,246,23,83
338,416222,134,3,73,246,17,68
339,809553,134,3,58,246,17,72
340,285269,134,13,69,246,27,63
341,154198,134,9,62,246,15,70
342,416608,134,11,81,246,21,83
343,154672,134,7,79,246,21,76
344,154687,134,21,46,246,41,53
345,154687,134,27,74,246,41,53
346,679013,134,13,61,246,27,37
347,679013,134,13,61,246,41,52
348,679394,134,3,61,246,17,66
349,155203,134,7,65,246,27,50
350,286285,134,7,64,246,21,60
351,810574,134,7,83,246,21,76
352,417409,134,7,89,246,21,66
353,810736,134,3,79,246,17,83
354,417524,134,7,72,246,21,76
355,286551,134,7,70,246,21,71
356,155496,134,7,79,246,21,78
357,286600,134,5,81,246,11,58
358,942002,134,1,95,246,11,84
359,679954,134,3,86,246,17,69
360,155674,134,7,86,246,15,79
361,417896,134,7,88,246,21,81
362,942196,134,1,98,246,17,92
363,549082,134,1,96,246,11,91
364,418078,134,1,83,246,15,83
365,287048,134,3,85,246,17,80
366,942524,134,7,72,246,21,71
367,811535,134,7,77,246,21,70
368,549481,134,7,83,246,21,79
369,418491,134,3,57,246,13,66
370,680809,134,1,84,246,11,88
371,418755,134,7,75,246,21,72
372,943075,134,3,95,246,17,87
373,549939,134,3,91,246,17,66
374,287896,134,1,80,246,13,70
375,419004,134,3,82,246,17,66
376,287964,134,3,72,246,13,52
377,287987,134,7,83,246,21,82
378,287990,134,3,75,246,17,88
379,550182,134,11,50,246,31,62
380,550182,134,17,82,246,31,62
381,943538,134,7,68,246,17,72
382,550330,134,3,71,246,17,50
383,288191,134,3,81,246,17,70
384,550368,134,1,93,246,15,91
385,419303,134,3,77,246,21,79
386,419311,134,1,79,246,7,60
387,157271,134,1,95,246,11,88
388,288426,134,11,69,246,17,55
389,812729,134,1,93,246,11,90
390,157391,134,1,72,246,21,75
391,681731,134,13,38,246,37,53
392,681731,134,21,60,246,37,53
393,681802,134,3,87,246,13,81
394,943989,134,7,87,246,21,58
395,943990,134,1,89,246,17,80
396,288636,134,7,89,246,21,86
397,157683,134,3,66,246,21,62
398,419973,134,1,91,246,13,75
399,288910,134,1,24,246,15,67
400,288910,134,9,71,246,15,67
401,158040,134,1,76,246,13,80
402,158128,134,7,72,246,21,81
403,158133,134,1,75,246,13,64
404,813779,134,3,82,246,17,71
405,420631,134,3,68,246,17,88
406,551784,134,3,80,246,21,60
407,289655,134,3,82,246,13,95
408,551818,134,3,63,246,13,58
409,158683,134,1,80,246,13,87
410,158753,134,3,86,246,17,80
411,683125,134,3,69,246,11,52
412,552151,134,11,57,246,23,69
413,421562,134,3,76,246,17,78
414,290499,134,7,69,246,23,70
415,945996,134,13,72,246,27,70
416,683941,134,3,75,246,17,85
417,946160,134,3,59,246,17,85
418,290808,134,3,75,246,17,63
419,684112,134,1,79,246,13,72
420,553068,134,13,89,246,27,72
421,684225,134,3,66,246,17,64
422,159949,134,7,71,246,21,82
423,422108,134,7,87,246,21,65
424,160205,134,3,63,246,17,73
425,815657,134,1,75,246,15,78
426,815672,134,1,91,246,11,73
427,684720,134,3,67,246,17,56
428,553777,134,3,80,246,13,83
429,553831,134,7,61,246,21,63
430,291758,134,7,64,246,21,64
431,947140,134,13,57,246,27,77
432,291891,134,13,76,246,33,91
433,422983,134,1,78,246,11,82
434,816273,134,9,66,246,19,70
435,160927,134,1,79,246,11,65
436,685254,134,3,86,246,17,78
437,947403,134,1,58,246,13,72
438,947423,134,17,95,246,31,80
439,685309,134,3,87,246,17,81
440,685338,134,1,81,246,11,95
441,947543,134,1,80,246,13,72
442,947692,134,3,78,246,17,77
443,947724,134,7,81,246,21,81
444,292516,134,1,79,246,27,79
445,554702,134,13,85,246,23,86
446,161520,134,3,82,246,13,76
447,423722,134,7,74,246,15,53
448,423917,134,1,60,246,11,72
449,423961,134,5,73,246,11,65
450,292930,134,13,82,246,27,82
451,161887,134,1,87,246,17,75
452,161999,134,3,60,246,17,54
453,424300,134,3,86,246,17,75
454,555508,134,1,91,246,15,84
455,424473,134,7,81,246,21,86
456,948783,134,1,93,246,13,82
457,686674,134,7,77,246,21,88
458,817796,134,1,80,246,13,59
459,293511,134,7,95,246,27,77
460,162450,134,3,86,246,17,84
461,162604,134,3,75,246,17,80
462,424866,134,3,94,246,17,74
463,818143,134,3,89,246,13,78
464,818164,134,11,74,246,17,73
465,949298,134,1,91,246,21,70
466,162883,134,3,73,246,17,78
467,818362,134,1,85,246,13,80
468,163053,134,1,74,246,17,60
469,687361,134,3,72,246,21,66
470,294200,134,7,76,246,21,82
471,425297,134,3,81,246,11,77
472,818549,134,7,68,246,21,74
473,818566,134,3,86,246,17,88
474,425378,134,1,70,246,11,73
475,556786,134,7,71,246,23,90
476,163687,134,3,80,246,17,81
477,819070,134,3,84,246,13,77
478,163852,134,9,70,246,21,78
479,426025,134,7,84,246,21,88
480,295038,134,3,65,246,13,68
481,950474,134,3,72,246,17,68
482,950563,134,7,73,246,21,79
483,819549,134,3,84,246,17,74
484,295424,134,3,85,246,17,86
485,688654,134,1,71,246,11,46
486,688654,134,1,71,246,17,65
487,164440,134,3,71,246,13,76
488,950922,134,3,90,246,21,77
489,164514,134,3,72,246,17,69
490,950975,134,3,70,246,13,75
491,426693,134,11,77,246,31,71
492,164711,134,11,75,246,17,70
493,164726,134,13,67,246,27,71
494,689026,134,1,80,246,13,78
495,689050,134,3,97,246,17,84
496,951256,134,7,76,246,21,81
497,820372,134,1,79,246,11,66
498,427170,134,1,92,246,17,81
499,427251,134,1,69,246,21,85
500,296334,134,3,77,246,17,73
501,165313,134,3,86,246,17,67
502,951816,134,9,78,246,19,64
503,165391,134,1,69,246,17,78
504,689685,134,3,73,246,13,78
505,558618,134,7,84,246,21,89
506,165431,134,3,83,246,17,83
507,165540,134,13,56,246,23,63
508,165577,134,13,83,246,27,72
509,689890,134,3,71,246,17,78
510,296695,134,3,75,246,17,88
511,427950,134,3,59,246,23,57
512,427950,134,13,75,246,23,57
513,165826,134,7,80,246,21,87
514,428007,134,7,90,246,17,75
515,690183,134,7,67,246,15,70
516,165964,134,13,71,246,27,69
517,690378,134,21,56,246,33,53
518,297285,134,1,77,246,17,75
519,821810,134,1,100,246,21,90
520,952972,134,1,81,246,7,67
521,297685,134,3,87,246,17,78
522,166635,134,11,67,246,29,46
523,166635,134,11,67,246,31,54
524,690974,134,7,53,246,13,66
525,822137,134,3,78,246,17,73
526,297917,134,1,97,246,21,96
527,822260,134,3,65,246,17,68
528,691350,134,7,68,246,21,64
529,298316,134,7,73,246,17,74
530,167249,134,1,91,246,11,91
531,691539,134,11,57,246,17,44
532,691539,134,11,57,246,21,61
533,691665,134,3,76,246,17,60
534,429612,134,1,77,246,23,74
535,429633,134,1,92,246,15,87
536,429651,134,3,65,246,23,52
537,822875,134,3,85,246,11,76
538,429712,134,3,71,246,17,76
539,823053,134,13,71,246,27,67
540,167734,134,1,53,246,17,62
541,954248,134,1,81,246,11,93
542,561100,134,9,55,246,29,54
543,430084,134,7,79,246,21,80
544,823350,134,1,82,246,11,82
545,954446,134,1,80,246,15,72
546,692363,134,7,64,246,21,95
547,168125,134,1,95,246,13,81
548,954629,134,7,86,246,21,81
549,299287,134,7,74,246,21,72
550,430402,134,1,97,246,13,89
551,299531,134,7,94,246,21,90
552,430643,134,1,84,246,13,86
553,168500,134,7,78,246,21,69
554,430725,134,1,84,246,15,79
555,693007,134,3,78,246,13,69
556,168888,134,7,88,246,21,87
557,562238,134,1,50,246,13,74
558,169136,134,1,57,246,9,61
559,693452,134,7,83,246,21,80
560,824529,134,1,81,246,15,83
561,169231,134,11,78,246,37,53
562,300369,134,1,79,246,13,67
563,562572,134,1,71,246,17,73
564,955808,134,1,82,246,13,78
565,169401,134,3,76,246,17,75
566,693823,134,3,93,246,17,92
567,824996,134,7,81,246,21,81
568,562886,134,7,92,246,21,94
569,694043,134,7,82,246,21,72
570,169772,134,7,84,246,21,74
571,956230,134,9,67,246,15,76
572,563080,134,3,73,246,13,70
573,432010,134,3,86,246,17,82
574,169987,134,7,56,246,27,59
575,563222,134,11,81,246,23,67
576,563252,134,1,87,246,11,62
577,170058,134,3,64,246,13,81
578,432215,134,7,78,246,21,63
579,432224,134,1,84,246,13,89
580,563305,134,3,61,246,17,55
581,432265,134,1,75,246,17,72
582,694446,134,7,72,246,21,71
583,170256,134,1,86,246,7,84
584,563507,134,3,83,246,17,77
585,694658,134,9,60,246,21,73
586,694809,134,3,81,246,13,75
587,170527,134,1,87,246,21,82
588,170677,134,7,63,246,21,71
589,432822,134,1,85,246,11,89
590,563916,134,3,78,246,23,63
591,170728,134,1,72,246,13,64
592,170904,134,7,84,246,21,76
593,433493,134,3,78,246,13,76
594,171363,134,1,92,246,11,96
595,564635,134,3,94,246,13,77
596,564970,134,7,81,246,21,84
597,958197,134,3,61,246,17,63
598,434052,134,3,71,246,17,59
599,172214,134,1,68,246,13,77
600,434487,134,3,85,246,17,75
601,827715,134,7,80,246,21,83
602,827970,134,11,98,246,21,81
603,959110,134,3,84,246,17,82
604,172708,134,5,90,246,15,79
605,828144,134,3,87,246,17,91
606,828202,134,9,62,246,15,60
607,828267,134,3,80,246,17,58
608,959339,134,7,62,246,21,58
609,828405,134,3,70,246,17,57
610,304120,134,3,75,246,13,77
611,173087,134,15,58,246,25,60
612,697577,134,1,86,246,11,80
613,304558,134,7,56,246,21,60
614,566705,134,7,57,246,27,61
615,959934,134,7,82,246,21,81
616,959987,134,13,62,246,31,55
617,435703,134,3,93,246,17,80
618,828971,134,7,80,246,21,92
619,304800,134,7,79,246,33,71
620,173740,134,15,70,246,29,46
621,173740,134,15,70,246,41,57
622,304838,134,1,83,246,11,76
623,305072,134,3,99,246,13,100
624,305087,134,3,76,246,17,51
625,960530,134,7,78,246,21,73
626,174206,134,7,81,246,21,85
627,567658,134,3,69,246,17,70
628,829866,134,3,80,246,17,83
629,567813,134,3,79,246,13,71
630,436839,134,3,60,246,17,54
631,305770,134,3,58,246,23,68
632,961292,134,11,69,246,23,74
633,305970,134,3,89,246,17,80
634,961399,134,3,96,246,13,83
635,699303,134,3,92,246,17,90
636,699310,134,7,79,246,21,70
637,306113,134,7,88,246,21,76
638,175111,134,11,76,246,17,57
639,568353,134,7,82,246,27,53
640,961568,134,3,73,246,21,66
641,568477,134,7,85,246,21,77
642,961782,134,3,87,246,17,85
643,437503,134,11,74,246,19,70
644,699709,134,1,70,246,15,86
645,830783,134,7,51,246,23,73
646,568680,134,21,50,246,41,68
647,437619,134,3,85,246,17,77
648,568698,134,1,83,246,11,79
649,175488,134,7,66,246,27,60
650,961965,134,3,70,246,21,65
651,437764,134,7,87,246,21,77
652,437785,134,7,93,246,21,83
653,175686,134,3,95,246,17,82
654,175724,134,1,63,246,13,82
655,437907,134,7,83,246,33,72
656,306840,134,7,75,246,17,63
657,831219,134,9,56,246,21,59
658,306962,134,3,76,246,17,80
659,700327,134,7,75,246,27,76
660,831534,134,7,74,246,21,91
661,569396,134,11,79,246,21,72
662,438427,134,7,62,246,21,65
663,700582,134,1,74,246,11,65
664,831705,134,1,82,246,13,80
665,569621,134,7,82,246,23,79
666,831941,134,1,87,246,13,85
667,176665,134,3,76,246,17,57
668,569944,134,9,80,246,15,84
669,832180,134,3,68,246,13,73
670,307903,134,11,72,246,21,46
671,307903,134,11,72,246,23,64
672,832304,134,7,87,246,21,71
673,701263,134,1,88,246,13,70
674,832340,134,11,78,246,21,83
675,439308,134,3,57,246,13,68
676,570398,134,1,89,246,17,84
677,177270,134,3,80,246,17,87
678,570491,134,1,75,246,25,77
679,963760,134,7,86,246,21,70
680,177333,134,1,64,246,19,51
681,177445,134,3,68,246,11,69
682,308855,134,7,87,246,21,80
683,439930,134,1,65,246,11,77
684,308859,134,1,65,246,11,77
685,702161,134,7,76,246,17,63
686,309029,134,3,87,246,17,78
687,833590,134,3,46,246,31,71
688,833590,134,11,64,246,31,71
689,702533,134,3,57,246,17,76
690,178264,134,1,79,246,13,83
691,440425,134,1,73,246,13,80
692,571620,134,3,89,246,17,91
693,178415,134,7,89,246,21,93
694,833862,134,1,54,246,21,55
695,964944,134,3,85,246,13,68
696,964997,134,7,83,246,13,54
697,702855,134,7,93,246,21,88
698,571796,134,1,87,246,13,70
699,178609,134,15,69,246,21,41
700,178609,134,15,69,246,25,61
701,178720,134,3,77,246,13,50
702,571993,134,1,94,246,11,88
703,309903,134,7,68,246,21,65
704,572145,134,7,79,246,21,76
705,703675,134,7,81,246,17,80
706,965848,134,3,91,246,17,82
707,965887,134,3,74,246,21,73
708,703751,134,7,84,246,21,78
709,179629,134,3,81,246,17,85
710,441836,134,7,70,246,21,66
711,966157,134,11,59,246,19,59
712,573237,134,7,42,246,27,58
713,573237,134,13,57,246,27,58
714,180024,134,7,71,246,21,82
715,835449,134,11,79,246,21,79
716,442320,134,9,81,246,25,67
717,442324,134,7,56,246,21,63
718,835564,134,7,80,246,21,74
719,966693,134,7,72,246,13,66
720,442466,134,1,63,246,15,72
721,835703,134,1,90,246,15,89
722,966950,134,7,86,246,21,77
723,704831,134,7,75,246,21,65
724,180559,134,3,63,246,13,46
725,180559,134,3,63,246,17,63
726,573779,134,5,69,246,19,67
727,180625,134,1,94,246,13,89
728,311798,134,1,85,246,13,90
729,967409,134,7,66,246,21,46
730,967409,134,7,66,246,23,66
731,967500,134,17,60,246,43,70
732,967500,134,23,60,246,43,70
733,705377,134,1,74,246,15,89
734,312164,134,1,78,246,17,70
735,181332,134,7,69,246,21,91
736,574548,134,5,86,246,11,76
737,705758,134,1,80,246,13,87
738,574721,134,5,84,246,11,79
739,443657,134,3,50,246,13,72
740,574772,134,1,81,246,11,74
741,443708,134,7,84,246,13,80
742,836955,134,13,81,246,27,81
743,968187,134,7,79,246,21,67
744,181761,134,7,65,246,33,51
745,837135,134,7,71,246,21,86
746,313006,134,1,82,246,13,74
747,837314,134,3,71,246,17,66
748,837331,134,1,74,246,13,70
749,313105,134,3,61,246,21,78
750,575695,134,3,79,246,17,81
751,706794,134,1,74,246,13,82
752,313781,134,3,90,246,17,80
753,838142,134,3,84,246,17,88
754,576188,134,1,88,246,11,83
755,838344,134,1,64,246,11,71
756,969552,134,3,70,246,13,60
757,445348,134,7,90,246,17,82
758,445380,134,7,87,246,21,94
759,838602,134,3,64,246,21,76
760,445431,134,3,80,246,17,89
761,576550,134,9,87,246,15,67
762,707629,134,7,80,246,21,82
763,576712,134,7,60,246,21,62
764,445790,134,3,76,246,17,74
765,970283,134,3,63,246,17,70
766,315048,134,3,72,246,13,65
767,708323,134,3,55,246,17,53
768,577330,134,3,78,246,17,66
769,708493,134,9,70,246,15,32
770,446423,134,7,72,246,21,79
771,446440,134,3,87,246,17,73
772,970736,134,7,82,246,21,79
773,184336,134,7,83,246,21,73
774,577553,134,1,82,246,11,91
775,577555,134,7,92,246,21,92
776,839734,134,1,62,246,21,38
777,839734,134,1,62,246,27,34
778,577594,134,7,83,246,21,65
779,577618,134,5,77,246,15,65
780,315523,134,11,59,246,21,60
781,184522,134,3,83,246,17,73
782,315787,134,1,64,246,11,72
783,315884,134,1,65,246,11,59
784,971247,134,7,84,246,21,85
785,184825,134,1,75,246,17,79
786,709140,134,7,69,246,21,53
787,971321,134,11,75,246,23,57
788,316009,134,1,68,246,7,72
789,447091,134,1,72,246,15,83
790,316033,134,11,72,246,17,45
791,316033,134,11,72,246,21,62
792,447139,134,7,82,246,21,85
793,971438,134,3,62,246,13,46
794,971438,134,3,62,246,17,62
795,578277,134,7,75,246,21,76
796,185080,134,11,69,246,29,59
797,709403,134,3,62,246,13,80
798,840768,134,9,58,246,15,67
799,447575,134,1,67,246,17,81
800,709876,134,1,92,246,11,96
801,316681,134,3,85,246,17,45
802,316681,134,3,85,246,23,77
803,185693,134,3,73,246,17,60
804,316801,134,3,71,246,23,69
805,185885,134,5,67,246,11,68
806,972337,134,1,88,246,27,66
807,317057,134,3,65,246,13,68
808,972460,134,3,50,246,17,67
809,186041,134,7,78,246,21,93
810,841534,134,7,85,246,21,79
811,841605,134,13,62,246,27,80
812,579481,134,3,67,246,13,69
813,186289,134,1,77,246,13,73
814,317376,134,1,83,246,11,76
815,972785,134,3,72,246,11,85
816,448504,134,1,66,246,9,72
817,579612,134,1,74,246,7,72
818,448579,134,1,87,246,13,86
819,448591,134,13,53,246,33,50
820,317560,134,7,84,246,21,87
821,317727,134,1,91,246,15,61
822,973110,134,1,70,246,11,69
823,973230,134,11,58,246,23,54
824,448964,134,1,70,246,21,65
825,186926,134,3,84,246,11,57
826,318056,134,3,71,246,21,68
827,711314,134,3,96,246,17,91
828,449201,134,1,82,246,13,82
829,973582,134,3,70,246,13,69
830,842542,134,9,70,246,19,62
831,318260,134,5,56,246,11,70
832,580428,134,7,87,246,21,76
833,580539,134,3,87,246,17,85
834,973827,134,7,74,246,21,78
835,449627,134,7,80,246,13,62
836,842889,134,3,73,246,17,57
837,318602,134,1,93,246,13,85
838,318668,134,3,69,246,21,44
839,318668,134,3,69,246,23,80
840,580819,134,3,80,246,17,70
841,449767,134,3,72,246,21,66
842,843003,134,3,64,246,17,76
843,318789,134,11,62,246,29,51
844,187751,134,1,94,246,17,82
845,580993,134,3,63,246,23,75
846,843205,134,3,85,246,17,64
847,581104,134,3,58,246,17,70
848,712223,134,5,78,246,11,72
849,581163,134,3,78,246,21,78
850,450108,134,3,80,246,17,80
851,319082,134,1,66,246,17,56
852,712311,134,13,61,246,33,42
853,712311,134,13,61,246,43,87
854,450211,134,1,50,246,21,53
855,450211,134,7,56,246,21,53
856,188091,134,7,81,246,23,81
857,974586,134,13,58,246,37,63
858,450405,134,7,87,246,21,87
859,450477,134,3,76,246,17,73
860,843737,134,9,38,246,21,57
861,843737,134,9,38,246,31,74
862,843737,134,11,64,246,21,57
863,843737,134,11,64,246,31,74
864,450561,134,3,83,246,21,70
865,712756,134,7,72,246,21,78
866,974916,134,7,85,246,17,76
867,712795,134,7,59,246,21,72
868,581795,134,7,67,246,21,72
869,843983,134,1,72,246,7,50
870,581912,134,5,80,246,11,60
871,975145,134,7,83,246,21,72
872,975230,134,7,91,246,21,96
873,975355,134,1,62,246,17,77
874,189009,134,1,83,246,21,77
875,189073,134,3,70,246,17,81
876,451429,134,9,57,246,15,61
877,844796,134,7,85,246,21,73
878,975901,134,1,75,246,15,69
879,713858,134,3,82,246,17,77
880,713905,134,1,90,246,11,80
881,189719,134,3,78,246,17,66
882,714011,134,3,85,246,17,79
883,582947,134,1,80,246,17,88
884,583065,134,1,74,246,13,80
885,189867,134,13,74,246,27,75
886,845250,134,3,76,246,17,60
887,714194,134,7,55,246,33,80
888,714194,134,13,76,246,33,80
889,321069,134,1,43,246,21,50
890,321069,134,7,72,246,21,50
891,845404,134,11,88,246,17,72
892,583552,134,3,79,246,17,80
893,976944,134,1,76,246,13,71
894,976970,134,13,75,246,33,66
895,190900,134,3,72,246,13,72
896,190969,134,9,78,246,15,51
897,190972,134,3,86,246,17,69
898,977405,134,11,82,246,17,68
899,584199,134,1,84,246,11,79
900,191006,134,17,66,246,31,58
901,322092,134,1,75,246,13,59
902,846387,134,1,79,246,13,85
903,584309,134,1,67,246,11,72
904,584313,134,1,64,246,13,59
905,453280,134,1,73,246,21,63
906,715465,134,1,93,246,15,87
907,453383,134,3,88,246,13,74
908,977723,134,1,68,246,11,68
909,846692,134,1,70,246,11,68
910,584571,134,1,72,246,21,82
911,584625,134,7,69,246,27,46
912,584625,134,7,69,246,31,62
913,322491,134,3,66,246,17,62
914,191544,134,7,72,246,21,75
915,453691,134,1,71,246,11,73
916,453710,134,7,82,246,21,80
917,322683,134,9,61,246,19,55
918,978148,134,3,81,246,17,64
919,847173,134,3,81,246,17,38
920,847173,134,3,81,246,23,67
921,716203,134,7,77,246,21,81
922,847409,134,7,63,246,21,67
923,716353,134,1,82,246,21,79
924,454225,134,1,55,246,33,93
925,192215,134,3,67,246,17,83
926,192242,134,1,89,246,13,72
927,847754,134,7,99,246,21,79
928,978876,134,7,85,246,21,91
929,323602,134,1,73,246,21,62
930,585777,134,3,73,246,23,62
931,192756,134,3,59,246,17,67
932,455006,134,11,61,246,17,55
933,848348,134,7,77,246,21,84
934,586217,134,1,57,246,15,68
935,586296,134,1,67,246,13,65
936,717507,134,1,86,246,15,86
937,979691,134,1,67,246,11,74
938,586709,134,1,88,246,21,91
939,848930,134,13,79,246,27,72
940,193702,134,9,68,246,15,70
941,324824,134,7,76,246,21,66
942,586994,134,1,71,246,11,81
943,324856,134,3,64,246,17,77
944,849449,134,17,91,246,23,77
945,194153,134,7,92,246,21,78
946,849641,134,7,85,246,21,92
947,980792,134,3,72,246,17,80
948,325448,134,11,89,246,21,78
949,587720,134,11,60,246,21,65
950,587764,134,3,68,246,23,76
951,981072,134,5,71,246,19,63
952,587957,134,3,54,246,23,57
953,194747,134,7,79,246,13,69
954,194810,134,3,94,246,17,86
955,456955,134,7,72,246,21,69
956,456977,134,1,84,246,13,79
957,456981,134,3,85,246,17,83
958,719166,134,1,86,246,13,90
959,719326,134,1,76,246,11,65
960,981625,134,3,80,246,17,89
961,326304,134,1,85,246,13,75
962,719980,134,5,87,246,19,88
963,982159,134,3,60,246,17,63
964,851141,134,7,76,246,21,54
965,195878,134,7,91,246,21,86
966,327083,134,3,74,246,13,65
967,589263,134,7,62,246,21,77
968,196125,134,7,64,246,21,51
969,196125,134,7,64,246,27,71
970,196135,134,3,83,246,13,78
971,196170,134,7,69,246,21,59
972,458364,134,7,81,246,27,75
973,327443,134,3,92,246,17,85
974,983146,134,7,81,246,21,88
975,589943,134,7,81,246,21,84
976,589976,134,3,82,246,17,82
977,721141,134,7,87,246,21,80
978,983330,134,11,59,246,17,50
979,327978,134,1,83,246,13,78
980,328033,134,51,84,246,57,85
981,721302,134,1,75,246,11,72
982,590285,134,7,72,246,21,63
983,983567,134,1,96,246,13,90
984,721569,134,3,80,246,17,81
985,852690,134,7,83,246,27,64
986,459539,134,1,59,246,13,71
987,328498,134,1,51,246,29,59
988,328498,134,11,77,246,29,59
989,983879,134,1,50,246,17,58
990,459945,134,1,60,246,15,67
991,853165,134,3,74,246,17,74
992,591043,134,3,82,246,11,65
993,197881,134,3,76,246,17,64
994,984389,134,3,77,246,11,70
995,460185,134,13,87,246,31,82
996,460210,134,9,66,246,15,53
997,329175,134,13,63,246,27,71
998,460307,134,11,83,246,21,75
999,329242,134,7,70,246,13,80
1000,984759,134,7,80,246,21,86
1001,853796,134,3,81,246,13,83
1002,198444,134,1,95,246,13,90
1003,854095,134,7,77,246,21,55
1004,198769,134,9,62,246,15,60
1005,460960,134,1,65,246,21,59
1006,461072,134,1,89,246,11,82
1007,330040,134,3,80,246,17,81
1008,330046,134,7,81,246,21,69
1009,592238,134,13,77,246,21,76
1010,199112,134,11,79,246,21,82
1011,854705,134,1,88,246,17,68
1012,723806,134,7,73,246,21,65
1013,461704,134,3,86,246,17,89
1014,986152,134,1,78,246,13,78
1015,986211,134,3,76,246,17,70
1016,724257,134,13,76,246,27,65
1017,855333,134,9,46,246,19,68
1018,855333,134,11,73,246,19,68
1019,724341,134,1,77,246,13,73
1020,200101,134,3,63,246,17,62
1021,462370,134,11,68,246,17,80
1022,986672,134,7,89,246,21,83
1023,200246,134,1,65,246,15,71
1024,200326,134,3,86,246,17,83
1025,986829,134,9,73,246,21,84
1026,200422,134,3,88,246,13,80
1027,855793,134,3,85,246,17,68
1028,331557,134,3,79,246,13,69
1029,986951,134,7,81,246,15,73
1030,855932,134,3,84,246,13,73
1031,331770,134,7,82,246,21,90
1032,331810,134,7,87,246,21,83
1033,594032,134,11,58,246,23,72
1034,200837,134,3,74,246,17,64
1035,331919,134,1,94,246,11,54
1036,725315,134,13,77,246,27,70
1037,201045,134,1,80,246,11,78
1038,987479,134,3,73,246,21,67
1039,332142,134,7,77,246,21,84
1040,463242,134,7,78,246,21,72
1041,725474,134,1,89,246,13,80
1042,463388,134,7,79,246,31,83
1043,332385,134,7,76,246,21,65
1044,332396,134,1,59,246,13,50
1045,987777,134,3,72,246,13,75
1046,463624,134,7,84,246,21,75
1047,594720,134,7,72,246,21,80
1048,463651,134,1,79,246,17,74
1049,463773,134,1,86,246,15,80
1050,857058,134,7,80,246,17,51
1051,463990,134,3,75,246,13,78
1052,857379,134,3,75,246,17,70
1053,988567,134,3,84,246,13,83
1054,202136,134,1,81,246,17,71
1055,595358,134,1,82,246,13,79
1056,595424,134,1,71,246,13,68
1057,464421,134,1,97,246,13,88
1058,988805,134,3,58,246,17,60
1059,464520,134,3,80,246,17,81
1060,595834,134,3,81,246,17,72
1061,726915,134,11,61,246,21,71
1062,858006,134,3,72,246,17,72
1063,595921,134,3,72,246,11,40
1064,595921,134,3,72,246,13,60
1065,989166,134,11,76,246,21,72
1066,595955,134,7,50,246,21,72
1067,333837,134,3,57,246,17,66
1068,333878,134,7,84,246,13,78
1069,727097,134,1,80,246,13,80
1070,464961,134,3,69,246,17,78
1071,858284,134,7,80,246,21,75
1072,596203,134,3,79,246,17,69
1073,334070,134,3,90,246,17,56
1074,465175,134,5,90,246,11,74
1075,858555,134,3,86,246,17,89
1076,858664,134,1,69,246,21,77
1077,858707,134,3,61,246,13,65
1078,465896,134,1,65,246,7,50
1079,990337,134,7,80,246,21,67
1080,859304,134,3,71,246,17,80
1081,204078,134,1,73,246,13,62
1082,204094,134,3,80,246,17,67
1083,859548,134,7,60,246,31,35
1084,859548,134,7,60,246,33,39
1085,335262,134,1,68,246,21,73
1086,859571,134,3,68,246,17,63
1087,859678,134,3,82,246,17,76
1088,859699,134,1,64,246,19,59
1089,990822,134,9,78,246,19,60
1090,728898,134,3,81,246,17,65
1091,204674,134,11,51,246,23,77
1092,204747,134,1,81,246,13,68
1093,991243,134,3,85,246,13,73
1094,205043,134,3,69,246,17,73
1095,860468,134,7,85,246,21,79
1096,991696,134,3,67,246,17,79
1097,598481,134,7,92,246,27,74
1098,598574,134,7,71,246,31,77
1099,729651,134,13,71,246,27,52
1100,991857,134,1,74,246,13,86
1101,467655,134,11,59,246,21,63
1102,860920,134,3,67,246,23,71
1103,598805,134,11,82,246,21,65
1104,467787,134,3,90,246,17,92
1105,205764,134,7,66,246,21,53
1106,730056,134,7,87,246,13,75
1107,730151,134,7,85,246,21,88
1108,337130,134,3,86,246,13,83
1109,599298,134,7,84,246,21,85
1110,992622,134,21,76,246,33,69
1111,992766,134,1,70,246,13,73
1112,468600,134,1,84,246,9,85
1113,206528,134,1,82,246,11,85
1114,468781,134,7,90,246,21,83
1115,206730,134,3,83,246,13,80
1116,993216,134,7,79,246,21,67
1117,206799,134,7,71,246,21,53
1118,468945,134,3,74,246,17,65
1119,337892,134,1,75,246,15,77
1120,731136,134,7,70,246,21,58
1121,731229,134,7,69,246,21,61
1122,206966,134,1,80,246,11,75
1123,206978,134,1,90,246,13,86
1124,600205,134,7,65,246,21,67
1125,862353,134,1,74,246,11,68
1126,338114,134,11,82,246,23,72
1127,469242,134,7,82,246,17,84
1128,338314,134,3,81,246,17,63
1129,469473,134,9,92,246,15,85
1130,862759,134,3,88,246,17,72
1131,862804,134,11,85,246,23,80
1132,993946,134,3,87,246,13,91
1133,600744,134,1,83,246,11,71
1134,731918,134,3,80,246,13,72
1135,994105,134,7,83,246,21,74
1136,207735,134,1,93,246,21,81
1137,863151,134,7,79,246,21,60
1138,207804,134,3,84,246,17,78
1139,207934,134,1,85,246,11,80
1140,601356,134,3,33,246,23,72
1141,601356,134,11,58,246,23,72
1142,470315,134,13,76,246,27,62
1143,732693,134,7,95,246,21,76
1144,863783,134,3,82,246,13,84
1145,994897,134,7,82,246,21,76
1146,470742,134,1,71,246,13,61
1147,733072,134,3,86,246,17,73
1148,471017,134,3,81,246,17,76
1149,471025,134,9,73,246,19,61
1150,995406,134,3,86,246,17,90
1151,602193,134,1,77,246,11,71
1152,471336,134,13,73,246,27,65
1153,864581,134,7,83,246,21,73
1154,995654,134,1,84,246,13,79
1155,995797,134,1,82,246,11,55
1156,209462,134,3,92,246,17,92
1157,733831,134,3,81,246,17,79
1158,209764,134,7,81,246,21,77
1159,209846,134,1,76,246,13,68
1160,472265,134,3,81,246,17,72
1161,603374,134,1,71,246,21,73
1162,341241,134,3,76,246,13,69
1163,734472,134,11,66,246,27,60
1164,472339,134,7,57,246,21,50
1165,603463,134,11,72,246,51,69
1166,865618,134,1,77,246,11,80
1167,603550,134,13,80,246,27,83
1168,996767,134,1,72,246,11,46
1169,996767,134,1,72,246,17,50
1170,341410,134,3,87,246,13,74
1171,603559,134,1,71,246,11,81
1172,210526,134,7,81,246,21,60
1173,996959,134,1,94,246,7,81
1174,210543,134,3,73,246,17,68
1175,603786,134,7,73,246,13,66
1176,210593,134,3,66,246,17,62
1177,210747,134,7,82,246,21,69
1178,997298,134,3,92,246,13,86
1179,604300,134,3,65,246,23,72
1180,604412,134,3,78,246,17,56
1181,735525,134,7,73,246,21,63
1182,473457,134,3,67,246,17,68
1183,604538,134,7,61,246,21,61
1184,735831,134,3,74,246,17,65
1185,342706,134,13,83,246,27,77
1186,998433,134,5,72,246,15,64
1187,343076,134,7,71,246,21,59
1188,212027,134,1,65,246,13,75
1189,605447,134,15,67,246,25,40
1190,605447,134,15,67,246,27,50
1191,605447,134,17,83,246,25,40
1192,605447,134,17,83,246,27,50
1193,343377,134,1,86,246,13,75
1194,212338,134,3,73,246,13,51
1195,605558,134,1,93,246,13,83
1196,998861,134,1,74,246,11,63
1197,736761,134,7,73,246,21,75
1198,998981,134,7,56,246,21,73
1199,999029,134,3,83,246,13,79
1200,212602,134,3,80,246,21,87
1201,736895,134,3,70,246,17,50
1202,474754,134,7,82,246,21,89
1203,736900,134,7,83,246,21,64
1204,605864,134,3,75,246,17,67
1205,736998,134,3,85,246,17,81
1206,343799,134,13,75,246,27,71
1207,343902,134,27,53,246,41,68
1208,475101,134,13,77,246,27,71
1209,344060,134,3,67,246,17,50
1210,475198,134,1,74,246,11,50
1211,475199,134,11,76,246,17,72
1212,475271,134,1,93,246,11,79
1213,475295,134,3,78,246,13,83
1214,737440,134,3,89,246,17,77
1215,213192,134,3,73,246,17,80
1216,868666,134,3,51,246,31,65
1217,868699,134,7,78,246,15,67
1218,737879,134,1,88,246,17,89
1219,475829,134,3,74,246,17,71
1220,738051,134,7,46,246,27,61
1221,738051,134,13,76,246,27,61
1222,475963,134,7,90,246,21,88
1223,738198,134,7,78,246,21,77
1224,738234,134,7,79,246,21,86
1225,738415,134,1,91,246,13,80
1226,214155,134,7,82,246,21,71
1227,476353,134,7,84,246,21,86
1228,607575,134,3,75,246,11,82
1229,476535,134,1,63,246,13,70
1230,476552,134,1,80,246,17,73
1231,476637,134,7,56,246,23,64
1232,345603,134,3,50,246,23,72
1233,345603,134,11,71,246,23,72
1234,345811,134,3,72,246,17,67
1235,870102,134,7,70,246,33,68
1236,870223,134,7,85,246,21,82
1237,214974,134,7,50,246,21,58
1238,215026,134,3,71,246,17,72
1239,346194,134,3,42,246,23,54
1240,346194,134,11,85,246,23,54
1241,215168,134,1,96,246,21,86
1242,215186,134,7,91,246,21,72
1243,739497,134,1,75,246,17,72
1244,739505,134,7,74,246,21,84
1245,346424,134,3,56,246,17,70
1246,477636,134,7,73,246,17,60
1247,346601,134,7,76,246,21,75
1248,346876,134,3,69,246,17,73
1249,478067,134,7,71,246,21,70
1250,216073,134,7,77,246,27,72
1251,609338,134,7,93,246,17,80
1252,347233,134,7,83,246,17,50
1253,871591,134,3,82,246,17,80
1254,871671,134,9,57,246,15,63
1255,347473,134,7,79,246,21,87
1256,478616,134,1,80,246,15,77
1257,609737,134,1,72,246,11,80
1258,609843,134,11,76,246,19,50
1259,347787,134,1,46,246,25,69
1260,347787,134,11,76,246,25,69
1261,741084,134,3,62,246,21,64
1262,741351,134,3,80,246,17,70
1263,217088,134,13,63,246,27,65
1264,348184,134,11,78,246,23,82
1265,479549,134,9,81,246,19,74
1266,479916,134,1,90,246,17,93
1267,479959,134,7,76,246,21,69
1268,348979,134,7,64,246,17,70
1269,348993,134,3,88,246,17,87
1270,348995,134,3,93,246,17,77
1271,873312,134,7,64,246,21,70
1272,611330,134,3,81,246,17,81
1273,742443,134,11,67,246,21,55
1274,611439,134,9,64,246,19,54
1275,742868,134,3,79,246,17,71
1276,349725,134,1,72,246,7,72
1277,742951,134,9,79,246,19,58
1278,742965,134,13,70,246,27,71
1279,743057,134,3,79,246,17,74
1280,481096,134,1,77,246,13,73
1281,743295,134,7,65,246,23,77
1282,350328,134,7,72,246,21,79
1283,874681,134,1,94,246,11,84
1284,350456,134,1,65,246,15,67
1285,219457,134,3,68,246,17,71
1286,743900,134,7,63,246,21,75
1287,874976,134,11,68,246,37,60
1288,612889,134,11,92,246,23,74
1289,744019,134,1,87,246,13,83
1290,481876,134,7,84,246,23,79
1291,219758,134,3,79,246,11,61
1292,481904,134,1,74,246,21,54
1293,219874,134,1,84,246,11,85
1294,219884,134,1,75,246,13,75
1295,613199,134,3,62,246,17,76
1296,744326,134,3,60,246,23,81
1297,613418,134,3,75,246,23,75
1298,875633,134,1,74,246,31,72
1299,351376,134,1,66,246,11,50
1300,351450,134,7,73,246,21,59
1301,613828,134,3,53,246,23,61
1302,351725,134,13,93,246,21,88
1303,220720,134,1,85,246,13,90
1304,745016,134,3,76,246,13,80
1305,613958,134,1,81,246,11,85
1306,482890,134,1,73,246,11,53
1307,351962,134,3,91,246,17,88
1308,483181,134,1,72,246,21,65
1309,483216,134,3,63,246,17,64
1310,483239,134,11,76,246,17,67
1311,876498,134,7,84,246,21,77
1312,614383,134,3,85,246,17,83
1313,483364,134,3,66,246,17,51
1314,746323,134,1,60,246,15,67
1315,484317,134,7,77,246,13,74
1316,615617,134,3,76,246,17,70
1317,746859,134,1,74,246,11,60
1318,222612,134,1,58,246,13,74
1319,353699,134,3,76,246,17,85
1320,353817,134,3,85,246,17,63
1321,222861,134,3,86,246,17,83
1322,878423,134,3,78,246,11,78
1323,616318,134,1,81,246,11,81
1324,878579,134,7,74,246,21,82
1325,223242,134,7,66,246,21,72
1326,354374,134,7,66,246,21,46
1327,354374,134,7,66,246,31,63
1328,747686,134,3,61,246,21,71
1329,485739,134,3,72,246,17,75
1330,616836,134,7,71,246,21,74
1331,616845,134,3,88,246,17,87
1332,616953,134,7,78,246,21,77
1333,223825,134,7,80,246,13,63
1334,748196,134,1,74,246,11,76
1335,879301,134,1,86,246,13,82
1336,486118,134,11,82,246,23,93
1337,879361,134,1,85,246,11,80
1338,355306,134,3,69,246,17,18
1339,355306,134,3,69,246,23,62
1340,224284,134,7,69,246,21,85
1341,486498,134,1,72,246,11,57
1342,224408,134,7,83,246,21,70
1343,355480,134,7,92,246,21,77
1344,224540,134,3,65,246,13,54
1345,355687,134,7,72,246,21,60
1346,486792,134,3,88,246,17,63
1347,486892,134,3,69,246,17,64
1348,355843,134,1,95,246,15,93
1349,224802,134,3,71,246,11,51
1350,880321,134,1,70,246,13,75
1351,224963,134,11,59,246,21,61
1352,749303,134,3,78,246,17,73
1353,749370,134,3,72,246,17,78
1354,618350,134,7,61,246,21,60
1355,487313,134,11,88,246,21,57
1356,618429,134,3,82,246,17,60
1357,225543,134,9,70,246,25,58
1358,487698,134,7,68,246,27,71
1359,618936,134,3,80,246,11,78
1360,619201,134,7,50,246,17,54
1361,619241,134,7,70,246,17,62
1362,881437,134,1,83,246,13,59
1363,488245,134,1,65,246,13,75
1364,488286,134,3,76,246,17,72
1365,226187,134,13,70,246,27,66
1366,881730,134,1,87,246,11,86
1367,881818,134,7,81,246,27,83
1368,881832,134,13,69,246,31,69
1369,488753,134,3,70,246,17,66
1370,226648,134,1,73,246,11,57
1371,488815,134,13,58,246,31,77
1372,619897,134,7,56,246,27,56
1373,882074,134,11,72,246,23,77
1374,751003,134,13,84,246,21,81
1375,488886,134,5,64,246,19,69
1376,489068,134,7,86,246,21,83
1377,882555,134,3,83,246,17,65
1378,620507,134,7,80,246,21,53
1379,358392,134,5,83,246,15,74
1380,751616,134,1,78,246,11,83
1381,358439,134,7,83,246,21,88
1382,358597,134,7,90,246,21,87
1383,489837,134,7,93,246,21,79
1384,227834,134,1,94,246,17,92
1385,227964,134,3,73,246,17,59
1386,228065,134,3,76,246,17,78
1387,359156,134,1,80,246,11,77
1388,883450,134,7,64,246,21,64
1389,359163,134,7,61,246,21,51
1390,490250,134,13,71,246,33,62
1391,490343,134,3,80,246,17,79
1392,490394,134,7,84,246,21,80
1393,752642,134,7,84,246,21,74
1394,359475,134,3,64,246,17,64
1395,621636,134,7,88,246,13,81
1396,883885,134,1,68,246,13,78
1397,752888,134,3,64,246,37,50
1398,228641,134,7,77,246,21,77
1399,753020,134,1,81,246,15,83
1400,753021,134,11,72,246,19,78
1401,228896,134,3,82,246,17,72
1402,491142,134,3,73,246,13,70
1403,229007,134,3,72,246,17,68
1404,360153,134,3,73,246,17,72
1405,491236,134,3,59,246,17,56
1406,622463,134,11,64,246,27,46
1407,491431,134,3,69,246,21,46
1408,491431,134,3,69,246,23,64
1409,229325,134,7,80,246,21,74
1410,229365,134,7,84,246,21,71
1411,360509,134,1,77,246,13,69
1412,491648,134,1,86,246,13,80
1413,360593,134,1,67,246,11,80
1414,622740,134,1,54,246,11,57
1415,885022,134,3,60,246,17,78
1416,491868,134,7,81,246,21,61
1417,229755,134,3,82,246,17,89
1418,622976,134,7,42,246,27,56
1419,622976,134,13,64,246,27,56
1420,360949,134,5,78,246,19,68
1421,623146,134,1,56,246,15,50
1422,754307,134,11,53,246,21,50
1423,361253,134,1,66,246,11,80
1424,885592,134,3,64,246,17,78
1425,230295,134,7,90,246,15,63
1426,885705,134,3,75,246,11,68
1427,361513,134,3,95,246,11,90
1428,230455,134,7,73,246,13,62
1429,492695,134,3,81,246,17,67
1430,492712,134,3,70,246,17,71
1431,230760,134,13,79,246,21,66
1432,493125,134,1,81,246,11,83
1433,231018,134,9,60,246,19,66
1434,231018,134,11,79,246,19,66
1435,493191,134,7,66,246,21,81
1436,755336,134,1,84,246,13,73
1437,231057,134,1,58,246,15,71
1438,362142,134,3,57,246,23,81
1439,231120,134,3,70,246,13,65
1440,362218,134,3,68,246,17,67
1441,100134,134,7,79,246,21,76
1442,755603,134,7,80,246,21,72
1443,362545,134,1,74,246,15,77
1444,886834,134,3,82,246,17,65
1445,362557,134,11,69,246,21,62
1446,231534,134,7,86,246,21,79
1447,100485,134,7,82,246,17,70
1448,886957,134,3,66,246,17,66
1449,362682,134,3,42,246,21,71
1450,362682,134,11,71,246,21,71
1451,100728,134,3,76,246,13,84
1452,362948,134,7,80,246,21,86
1453,494021,134,7,80,246,21,75
1454,100816,134,1,64,246,11,46
1455,100816,134,1,64,246,13,68
1456,756232,134,1,79,246,11,86
1457,232022,134,11,78,246,17,84
1458,887441,134,7,79,246,21,83
1459,887666,134,3,93,246,13,82
1460,363423,134,3,90,246,23,83
1461,101324,134,3,73,246,17,71
1462,887798,134,3,76,246,17,81
1463,887826,134,13,80,246,27,70
1464,494623,134,11,79,246,21,68
1465,101474,134,3,74,246,13,63
1466,363625,134,7,73,246,27,59
1467,756932,134,1,85,246,11,73
1468,364132,134,7,67,246,21,64
1469,757369,134,3,70,246,17,79
1470,626370,134,3,83,246,17,75
1471,233392,134,1,85,246,15,84
1472,626789,134,3,82,246,13,81
1473,888934,134,1,65,246,21,64
1474,757882,134,11,75,246,23,73
1475,364752,134,11,66,246,21,64
1476,626992,134,7,82,246,21,69
1477,102745,134,1,71,246,11,70
1478,495977,134,1,68,246,11,50
1479,102763,134,3,43,246,31,57
1480,102763,134,11,68,246,31,57
1481,627073,134,3,57,246,17,60
1482,496069,134,3,60,246,13,73
1483,627180,134,9,72,246,21,70
1484,365271,134,1,100,246,11,91
1485,234236,134,3,65,246,13,71
1486,365349,134,3,73,246,13,81
1487,103216,134,3,83,246,17,80
1488,365832,134,3,83,246,17,69
1489,628068,134,3,80,246,17,84
1490,366018,134,7,58,246,21,56
1491,628260,134,3,84,246,13,84
1492,890406,134,3,83,246,17,78
1493,104016,134,1,99,246,11,100
1494,890499,134,3,59,246,11,58
1495,890548,134,7,79,246,21,77
1496,366278,134,3,87,246,11,79
1497,497362,134,7,63,246,21,70
1498,628510,134,7,74,246,27,68
1499,890687,134,1,80,246,7,70
1500,104345,134,3,83,246,17,83
1501,628781,134,3,70,246,17,70
1502,628806,134,7,87,246,21,77
1503,104655,134,3,95,246,17,88
1504,628979,134,3,80,246,13,79
1505,498116,134,3,67,246,11,78
1506,891420,134,1,88,246,13,79
1507,629282,134,3,84,246,13,76
1508,105233,134,7,73,246,21,72
1509,629566,134,1,64,246,13,79
1510,760680,134,3,83,246,11,73
1511,891794,134,3,77,246,17,66
1512,498686,134,3,70,246,31,68
1513,367687,134,1,86,246,17,73
1514,498827,134,3,74,246,17,76
1515,367763,134,1,84,246,21,88
1516,892060,134,7,83,246,21,81
1517,367784,134,7,78,246,21,78
1518,498863,134,3,70,246,17,80
1519,630010,134,3,74,246,11,59
1520,761126,134,7,76,246,21,50
1521,499055,134,13,80,246,27,76
1522,236947,134,1,74,246,11,64
1523,368144,134,1,85,246,13,78
1524,368181,134,7,72,246,21,68
1525,499277,134,3,78,246,17,64
1526,761574,134,1,74,246,11,72
1527,499434,134,7,95,246,21,90
1528,630751,134,3,55,246,17,66
1529,892934,134,7,80,246,21,74
1530,761890,134,7,46,246,31,78
1531,761890,134,17,84,246,31,78
1532,237627,134,13,88,246,27,53
1533,500063,134,3,68,246,13,66
1534,762273,134,11,63,246,17,58
1535,106994,134,7,66,246,21,64
1536,631333,134,7,67,246,21,63
1537,369321,134,1,56,246,11,71
1538,631476,134,3,83,246,17,63
1539,369336,134,3,78,246,13,80
1540,762732,134,3,60,246,13,74
1541,893883,134,1,63,246,17,54
1542,631757,134,13,75,246,27,69
1543,893984,134,11,70,246,17,65
1544,107606,134,7,82,246,21,77
1545,500918,134,1,74,246,21,70
1546,894171,134,11,74,246,17,69
1547,238895,134,5,75,246,17,71
1548,239055,134,7,76,246,21,75
1549,763357,134,3,79,246,13,82
1550,894432,134,1,74,246,15,70
1551,632304,134,1,57,246,13,73
1552,632324,134,3,96,246,17,82
1553,370189,134,7,57,246,27,71
1554,108104,134,3,79,246,17,86
1555,370369,134,1,86,246,11,86
1556,370401,134,7,87,246,21,74
1557,894735,134,1,77,246,13,68
1558,632796,134,1,63,246,15,67
1559,763886,134,7,89,246,17,90
1560,894965,134,1,70,246,13,66
1561,632879,134,1,63,246,17,67
1562,632883,134,11,87,246,21,53
1563,239685,134,9,82,246,19,82
1564,632916,134,7,90,246,21,88
1565,632923,134,3,65,246,13,58
1566,501869,134,5,88,246,15,80
1567,239764,134,7,89,246,21,89
1568,895235,134,1,84,246,17,73
1569,633101,134,5,73,246,11,66
1570,108904,134,11,75,246,21,63
1571,764296,134,3,88,246,17,91
1572,240013,134,7,55,246,31,60
1573,633284,134,7,80,246,21,70
1574,371297,134,11,86,246,17,63
1575,109191,134,7,68,246,21,63
1576,502431,134,3,74,246,21,77
1577,502458,134,7,87,246,21,93
1578,895725,134,7,80,246,27,67
1579,371597,134,3,67,246,17,71
1580,109583,134,3,75,246,11,80
1581,633871,134,1,61,246,13,74
1582,633975,134,3,68,246,17,71
1583,765222,134,7,77,246,21,72
1584,896338,134,7,83,246,21,70
1585,896416,134,3,78,246,11,65
1586,241229,134,3,57,246,17,57
1587,634522,134,3,75,246,13,50
1588,634570,134,3,68,246,17,67
1589,372433,134,13,64,246,27,46
1590,372433,134,13,64,246,31,51
1591,372449,134,3,80,246,17,68
1592,765735,134,1,77,246,11,73
1593,241630,134,3,57,246,17,73
1594,372931,134,7,57,246,27,39
1595,372931,134,7,57,246,33,59
1596,504135,134,7,76,246,13,75
1597,373117,134,1,69,246,21,93
1598,373277,134,3,76,246,17,71
1599,242213,134,1,83,246,21,80
1600,766745,134,13,76,246,27,68
1601,504622,134,7,73,246,21,78
1602,635702,134,1,50,246,37,88
1603,897918,134,7,80,246,21,73
1604,504735,134,3,73,246,17,70
1605,766899,134,1,68,246,13,68
1606,766939,134,5,72,246,19,69
1607,111705,134,3,98,246,17,93
1608,111725,134,3,67,246,23,69
1609,636160,134,7,86,246,21,73
1610,767256,134,11,63,246,31,78
1611,898333,134,3,83,246,11,76
1612,374049,134,3,71,246,13,55
1613,505132,134,7,78,246,21,62
1614,243016,134,7,70,246,21,76
1615,898420,134,1,85,246,21,79
1616,112075,134,7,65,246,21,74
1617,898630,134,7,87,246,21,80
1618,112319,134,3,82,246,17,77
1619,767989,134,3,90,246,17,75
1620,505852,134,3,87,246,17,72
1621,768096,134,3,80,246,27,62
1622,899194,134,11,53,246,31,63
1623,112786,134,7,62,246,21,62
1624,637088,134,3,77,246,17,72
1625,768234,134,1,71,246,13,68
1626,375276,134,7,62,246,27,72
1627,244302,134,7,64,246,17,65
1628,768598,134,3,71,246,13,59
1629,637540,134,1,76,246,13,71
1630,375409,134,3,93,246,13,85
1631,768803,134,3,71,246,17,66
1632,375647,134,1,99,246,11,96
1633,375657,134,1,82,246,11,74
1634,244825,134,7,82,246,21,80
1635,900211,134,7,54,246,17,61
1636,375953,134,11,87,246,25,73
1637,769467,134,3,81,246,17,58
1638,638432,134,3,78,246,17,68
1639,376323,134,3,80,246,17,72
1640,114251,134,3,88,246,17,62
1641,900951,134,1,64,246,7,65
1642,770022,134,1,96,246,11,90
1643,770031,134,3,78,246,21,69
1644,376844,134,1,97,246,21,95
1645,377037,134,5,94,246,15,75
1646,639227,134,3,66,246,13,76
1647,246057,134,1,73,246,7,74
1648,246072,134,13,77,246,27,82
1649,115091,134,1,66,246,13,60
1650,246253,134,11,68,246,33,43
1651,246253,134,11,68,246,37,36
1652,770570,134,3,79,246,13,78
1653,377435,134,3,71,246,13,72
1654,639661,134,3,84,246,17,74
1655,115390,134,3,61,246,23,75
1656,377569,134,1,65,246,11,78
1657,901942,134,11,76,246,31,75
1658,246595,134,3,67,246,17,84
1659,508799,134,7,87,246,21,77
1660,115745,134,1,61,246,21,69
1661,115779,134,1,81,246,21,69
1662,115792,134,3,42,246,21,54
1663,115792,134,11,76,246,21,54
1664,771173,134,11,74,246,23,67
1665,640108,134,3,80,246,17,91
1666,115860,134,7,87,246,21,82
1667,640287,134,3,66,246,17,76
1668,378369,134,3,71,246,17,57
1669,509483,134,1,77,246,13,68
1670,771921,134,1,88,246,13,80
1671,509806,134,1,56,246,21,83
1672,116897,134,3,81,246,17,75
1673,772295,134,3,70,246,21,75
1674,379213,134,7,75,246,27,75
1675,641362,134,7,72,246,21,62
1676,641436,134,9,79,246,25,64
1677,248227,134,13,76,246,27,75
1678,772538,134,13,58,246,37,61
1679,903640,134,7,97,246,21,83
1680,248346,134,7,80,246,21,80
1681,379428,134,23,71,246,51,52
1682,772654,134,3,68,246,17,56
1683,248422,134,1,83,246,13,65
1684,772868,134,3,78,246,23,82
1685,248613,134,7,90,246,21,88
1686,117800,134,7,92,246,21,81
1687,117876,134,3,73,246,17,75
1688,773343,134,7,87,246,21,85
1689,773420,134,1,70,246,13,81
1690,380235,134,3,51,246,23,57
1691,380235,134,3,51,246,31,75
1692,118092,134,1,70,246,13,70
1693,773507,134,3,42,246,21,63
1694,773507,134,11,50,246,21,63
1695,642550,134,13,75,246,27,74
1696,118287,134,11,81,246,17,69
1697,904805,134,9,77,246,21,53
1698,904836,134,9,67,246,21,68
1699,380573,134,7,83,246,21,79
1700,511846,134,7,68,246,21,46
1701,511846,134,7,68,246,27,74
1702,642974,134,3,77,246,17,79
1703,249857,134,11,67,246,17,63
1704,905254,134,3,77,246,17,82
1705,774213,134,7,87,246,43,98
1706,905311,134,1,57,246,15,64
1707,381111,134,1,87,246,17,81
1708,381127,134,7,71,246,21,63
1709,512223,134,3,94,246,13,80
1710,250100,134,1,81,246,21,86
1711,643421,134,3,79,246,17,71
1712,381387,134,11,87,246,19,80
1713,381432,134,7,79,246,21,60
1714,119339,134,3,78,246,13,79
1715,774771,134,3,83,246,17,86
1716,774811,134,3,63,246,21,60
1717,119515,134,5,66,246,19,62
1718,905955,134,7,91,246,21,85
1719,512823,134,7,73,246,27,43
1720,512823,134,7,73,246,33,59
1721,119688,134,7,77,246,21,78
1722,644059,134,1,96,246,7,87
1723,644105,134,13,72,246,27,68
1724,382062,134,3,59,246,11,67
1725,775286,134,7,73,246,17,62
1726,120050,134,1,88,246,11,79
1727,120215,134,3,78,246,17,71
1728,906699,134,7,89,246,23,75
1729,120364,134,9,78,246,19,67
1730,120378,134,3,85,246,17,91
1731,775823,134,7,69,246,21,71
1732,251596,134,1,82,246,13,70
1733,382748,134,13,65,246,27,55
1734,513894,134,3,69,246,11,78
1735,776061,134,7,85,246,21,81
1736,776139,134,3,66,246,23,80
1737,645183,134,7,71,246,21,73
1738,251978,134,3,72,246,17,81
1739,120936,134,3,79,246,17,76
1740,776335,134,7,81,246,21,73
1741,514205,134,11,61,246,23,66
1742,776404,134,7,77,246,21,66
1743,252296,134,9,77,246,19,61
1744,383404,134,1,65,246,15,66
1745,645552,134,3,80,246,13,80
1746,645642,134,11,65,246,17,70
1747,121392,134,7,72,246,21,70
1748,383570,134,1,81,246,11,71
1749,645724,134,3,76,246,17,69
1750,645741,134,9,72,246,15,66
1751,776878,134,1,72,246,17,61
1752,383689,134,7,75,246,21,73
1753,383763,134,7,84,246,21,74
1754,121661,134,3,81,246,33,76
1755,908120,134,13,76,246,33,75
1756,908134,134,3,85,246,13,87
1757,908161,134,13,46,246,27,71
1758,908161,134,21,68,246,27,71
1759,646218,134,5,51,246,25,37
1760,646346,134,3,88,246,11,77
1761,908561,134,3,89,246,11,70
1762,646445,134,5,94,246,11,70
1763,384348,134,7,79,246,23,70
1764,384386,134,1,91,246,9,73
1765,646601,134,7,61,246,21,61
1766,122472,134,1,84,246,13,80
1767,646820,134,3,74,246,17,70
1768,909032,134,3,73,246,13,62
1769,122665,134,3,82,246,13,82
1770,384815,134,3,85,246,23,80
1771,778032,134,1,67,246,11,58
1772,778120,134,3,85,246,17,67
1773,516037,134,7,75,246,21,68
1774,385133,134,1,56,246,11,50
1775,778399,134,1,60,246,13,62
1776,123181,134,7,96,246,13,79
1777,123187,134,3,79,246,17,50
1778,909623,134,7,55,246,27,69
1779,778643,134,13,66,246,21,62
1780,385436,134,1,76,246,17,73
1781,647590,134,1,82,246,11,83
1782,516555,134,3,85,246,17,85
1783,909823,134,3,86,246,17,83
1784,778841,134,3,37,246,23,80
1785,778841,134,11,66,246,23,80
1786,909980,134,3,94,246,17,78
1787,910055,134,7,67,246,23,73
1788,254739,134,3,80,246,11,69
1789,516981,134,7,83,246,21,70
1790,910200,134,1,77,246,13,87
1791,779164,134,7,68,246,21,55
1792,255096,134,7,89,246,21,93
1793,779462,134,3,82,246,17,81
1794,517366,134,3,73,246,11,80
1795,386436,134,7,71,246,21,84
1796,386471,134,7,64,246,17,76
1797,124369,134,1,57,246,31,81
1798,124369,134,21,83,246,31,81
1799,648672,134,7,92,246,21,87
1800,779772,134,1,93,246,17,87
1801,910893,134,3,78,246,23,77
1802,255542,134,1,70,246,17,50
1803,124550,134,7,87,246,21,81
1804,255716,134,3,78,246,17,83
1805,386823,134,3,45,246,23,79
1806,386823,134,11,53,246,23,79
1807,911172,134,3,91,246,17,89
1808,255833,134,1,88,246,13,79
1809,911260,134,3,70,246,13,77
1810,518161,134,7,72,246,21,61
1811,518208,134,1,79,246,17,88
1812,256091,134,3,76,246,21,64
1813,649404,134,7,67,246,21,80
1814,387277,134,7,94,246,27,77
1815,649426,134,1,88,246,15,79
1816,649454,134,3,70,246,17,77
1817,780616,134,9,85,246,15,58
1818,125322,134,1,85,246,15,83
1819,911794,134,7,60,246,21,78
1820,518605,134,1,43,246,21,69
1821,518605,134,7,74,246,21,69
1822,911863,134,7,77,246,15,56
1823,387798,134,3,84,246,17,88
1824,781031,134,7,67,246,13,79
1825,387912,134,7,70,246,21,79
1826,125780,134,7,60,246,27,62
1827,912312,134,1,62,246,13,75
1828,781255,134,7,86,246,21,79
1829,256970,134,3,92,246,17,87
1830,912408,134,3,87,246,17,80
1831,781353,134,7,73,246,21,80
1832,650380,134,1,86,246,11,65
1833,126131,134,1,52,246,13,77
1834,781716,134,5,79,246,11,56
1835,519633,134,1,80,246,11,53
1836,388684,134,7,89,246,21,65
1837,126560,134,9,68,246,15,58
1838,781922,134,11,69,246,21,71
1839,257749,134,15,50,246,21,36
1840,257798,134,1,76,246,15,80
1841,126772,134,7,76,246,21,85
1842,651171,134,7,59,246,21,63
1843,258184,134,13,81,246,27,72
1844,520372,134,3,59,246,17,76
1845,127292,134,11,53,246,23,69
1846,651702,134,1,95,246,17,91
1847,914167,134,1,90,246,21,85
1848,127843,134,3,80,246,17,78
1849,783260,134,7,82,246,17,58
1850,652192,134,3,79,246,17,65
1851,390061,134,1,98,246,11,85
1852,127988,134,11,61,246,21,67
1853,390232,134,1,91,246,13,80
1854,652446,134,1,78,246,23,83
1855,390335,134,11,55,246,25,65
1856,521410,134,7,52,246,21,65
1857,783574,134,1,52,246,13,76
1858,783605,134,3,89,246,11,66
1859,783907,134,7,79,246,21,68
1860,259654,134,7,79,246,21,71
1861,915015,134,3,91,246,13,80
1862,390839,134,7,77,246,13,73
1863,784071,134,3,78,246,17,67
1864,390860,134,7,74,246,21,55
1865,915208,134,3,79,246,17,73
1866,653126,134,3,75,246,17,78
1867,653133,134,7,88,246,21,85
1868,522108,134,3,75,246,17,79
1869,915429,134,3,74,246,13,28
1870,915429,134,3,74,246,23,59
1871,915442,134,5,87,246,11,76
1872,653399,134,7,83,246,13,79
1873,784479,134,1,86,246,17,83
1874,915647,134,1,87,246,11,86
1875,260290,134,7,59,246,21,55
1876,391425,134,7,87,246,21,69
1877,784675,134,7,81,246,21,81
1878,785014,134,7,80,246,21,70
1879,391981,134,7,74,246,23,85
1880,260970,134,7,83,246,21,70
1881,261000,134,1,75,246,17,82
1882,785372,134,1,87,246,13,88
1883,523428,134,7,84,246,21,88
1884,654503,134,3,76,246,17,82
1885,130217,134,11,57,246,23,52
1886,654571,134,7,82,246,21,75
1887,130302,134,3,61,246,17,70
1888,785682,134,1,72,246,15,76
1889,523643,134,1,93,246,9,83
1890,785788,134,7,78,246,15,83
1891,523731,134,5,65,246,19,74
1892,261605,134,3,70,246,13,83
1893,917019,134,1,71,246,15,81
1894,654883,134,3,69,246,23,69
1895,261820,134,7,90,246,21,78
1896,261829,134,7,60,246,21,46
1897,130852,134,1,86,246,7,82
1898,917303,134,11,71,246,17,68
1899,393040,134,11,65,246,23,78
1900,393059,134,13,83,246,21,54
