,StudentID,CourseNumber_x,Term_x,Grade_x,CourseNumber_y,Term_y,Grade_y
0,131252,134,7,80,370,31,59
1,524634,134,7,82,370,33,79
2,393886,134,3,80,370,37,80
3,918214,134,3,72,370,21,73
4,787296,134,1,87,370,11,60
5,918408,134,7,69,370,31,65
6,656717,134,7,65,370,41,68
7,263554,134,1,75,370,33,81
8,394640,134,1,82,370,17,82
9,525934,134,9,75,370,19,87
10,394865,134,17,66,370,31,68
11,788210,134,1,91,370,41,90
12,526102,134,3,81,370,31,71
13,919338,134,3,77,370,17,83
14,526165,134,7,91,370,13,93
15,264142,134,1,91,370,19,86
16,526365,134,9,55,370,29,63
17,526476,134,1,76,370,21,64
18,133520,134,7,66,370,33,64
19,395676,134,5,71,370,19,51
20,265140,134,9,62,370,19,42
21,265140,134,9,62,370,25,68
22,396242,134,3,75,370,31,96
23,134110,134,3,91,370,17,91
24,658523,134,1,85,370,21,81
25,396481,134,3,80,370,31,84
26,265831,134,7,79,370,13,62
27,659166,134,7,46,370,17,60
28,659166,134,11,81,370,17,60
29,265956,134,1,78,370,23,90
30,266156,134,3,83,370,31,82
31,266249,134,3,77,370,31,81
32,266465,134,7,74,370,27,40
33,266465,134,7,74,370,31,85
34,790931,134,11,80,370,23,86
35,266750,134,13,73,370,27,77
36,398060,134,7,86,370,33,50
37,660594,134,3,65,370,21,45
38,660594,134,3,65,370,31,64
39,922902,134,1,74,370,17,47
40,267721,134,3,85,370,31,82
41,398834,134,3,86,370,23,68
42,792065,134,3,72,370,31,71
43,136770,134,11,85,370,37,80
44,398948,134,1,78,370,7,67
45,530055,134,3,88,370,21,58
46,923384,134,3,93,370,27,88
47,661296,134,3,70,370,31,46
48,399262,134,1,81,370,13,45
49,399262,134,1,81,370,21,50
50,661514,134,1,86,370,29,91
51,923674,134,1,85,370,7,77
52,530559,134,7,67,370,15,75
53,530702,134,11,75,370,27,85
54,137521,134,3,69,370,31,57
55,399758,134,7,78,370,17,59
56,530835,134,9,58,370,19,72
57,399788,134,1,82,370,21,63
58,924089,134,3,76,370,27,40
59,924089,134,3,76,370,47,73
60,530912,134,1,66,370,25,79
61,269007,134,11,78,370,31,85
62,924461,134,3,68,370,31,82
63,924489,134,1,82,370,21,70
64,138275,134,7,73,370,33,25
65,662695,134,7,56,370,37,38
66,531706,134,7,58,370,27,72
67,925225,134,11,77,370,31,67
68,532023,134,9,73,370,19,82
69,663311,134,3,70,370,31,85
70,794400,134,7,80,370,27,72
71,401612,134,7,76,370,27,76
72,925909,134,3,90,370,11,91
73,663821,134,1,74,370,21,80
74,270650,134,1,87,370,33,65
75,532935,134,7,83,370,21,80
76,795093,134,3,80,370,37,67
77,139739,134,3,79,370,33,83
78,139773,134,1,92,370,21,86
79,401989,134,3,81,370,23,67
80,139927,134,13,50,370,33,60
81,664243,134,7,71,370,33,75
82,533296,134,7,76,370,33,59
83,533465,134,5,89,370,21,86
84,271379,134,7,70,370,27,66
85,271472,134,1,80,370,27,87
86,533628,134,3,84,370,37,70
87,664766,134,3,80,370,31,85
88,140636,134,3,73,370,37,86
89,927188,134,1,60,370,33,72
90,796317,134,1,69,370,31,86
91,272064,134,7,67,370,33,71
92,403160,134,3,81,370,31,81
93,534333,134,3,81,370,21,85
94,403316,134,3,78,370,31,83
95,927632,134,9,78,370,15,78
96,272299,134,11,68,370,35,75
97,403404,134,1,76,370,15,86
98,403411,134,7,67,370,31,80
99,927785,134,7,79,370,27,36
100,665647,134,3,79,370,31,81
101,403527,134,1,93,370,19,87
102,534603,134,3,97,370,17,88
103,927823,134,13,79,370,27,78
104,534620,134,11,76,370,37,82
105,927838,134,7,58,370,31,54
106,403623,134,7,74,370,33,41
107,403679,134,7,85,370,27,94
108,272678,134,1,84,370,27,37
109,272678,134,1,84,370,33,52
110,665907,134,21,57,370,41,66
111,403860,134,7,81,370,33,77
112,272814,134,3,84,370,23,92
113,404037,134,1,79,370,21,73
114,928379,134,1,66,370,33,72
115,273106,134,9,79,370,25,88
116,928493,134,1,79,370,27,61
117,273177,134,7,71,370,33,69
118,797723,134,3,88,370,31,88
119,535638,134,7,75,370,17,71
120,273575,134,1,81,370,17,90
121,666823,134,3,63,370,23,62
122,404743,134,3,91,370,37,93
123,142656,134,7,87,370,41,84
124,142701,134,3,67,370,27,71
125,536105,134,7,93,370,41,82
126,142952,134,7,85,370,27,61
127,143030,134,13,75,370,37,82
128,667372,134,7,86,370,33,83
129,536307,134,1,90,370,21,81
130,143106,134,13,73,370,33,42
131,143106,134,13,73,370,37,57
132,143180,134,7,61,370,31,41
133,798583,134,3,72,370,31,53
134,405442,134,11,64,370,31,76
135,929778,134,3,78,370,23,79
136,143436,134,3,85,370,31,72
137,798862,134,11,82,370,23,71
138,930012,134,3,88,370,31,94
139,274686,134,7,77,370,27,81
140,930059,134,7,76,370,27,68
141,667935,134,3,75,370,37,70
142,799305,134,3,87,370,41,74
143,144003,134,1,79,370,21,63
144,930463,134,1,95,370,7,87
145,930464,134,3,45,370,31,66
146,930464,134,11,69,370,31,66
147,537387,134,7,73,370,33,71
148,799627,134,1,88,370,27,84
149,144275,134,1,79,370,13,79
150,537542,134,3,80,370,23,78
151,275464,134,3,77,370,27,65
152,406619,134,7,84,370,33,69
153,669024,134,3,80,370,31,73
154,931291,134,1,93,370,37,94
155,275968,134,3,79,370,13,79
156,275984,134,11,66,370,21,65
157,144975,134,3,67,370,31,73
158,538191,134,7,81,370,33,76
159,538243,134,11,85,370,13,66
160,276171,134,1,77,370,17,60
161,800535,134,7,85,370,27,84
162,276256,134,3,80,370,21,65
163,800560,134,5,60,370,19,66
164,669558,134,3,84,370,31,73
165,145284,134,3,69,370,21,40
166,145284,134,3,69,370,23,83
167,538625,134,3,91,370,11,75
168,669744,134,3,81,370,47,63
169,145566,134,3,70,370,37,55
170,932001,134,7,87,370,37,90
171,669968,134,3,63,370,31,61
172,932347,134,3,73,370,23,75
173,277011,134,7,76,370,43,81
174,932437,134,7,88,370,27,91
175,146062,134,1,77,370,17,57
176,801457,134,1,78,370,13,28
177,801457,134,1,78,370,51,78
178,801568,134,7,63,370,27,50
179,670702,134,1,90,370,21,74
180,146601,134,1,68,370,21,60
181,933068,134,11,90,370,21,92
182,671191,134,7,89,370,41,77
183,933353,134,3,93,370,17,93
184,671211,134,3,70,370,31,80
185,278032,134,13,95,370,27,90
186,802383,134,7,85,370,27,82
187,671697,134,1,80,370,15,85
188,671850,134,1,82,370,35,91
189,540811,134,3,57,370,43,70
190,278894,134,3,91,370,23,90
191,672188,134,7,77,370,33,47
192,672188,134,7,77,370,41,72
193,279009,134,9,64,370,31,66
194,803347,134,3,82,370,23,82
195,934488,134,1,70,370,23,75
196,279140,134,3,60,370,23,68
197,803496,134,13,70,370,27,59
198,541367,134,1,64,370,27,37
199,541367,134,1,64,370,33,45
200,934598,134,1,61,370,21,31
201,934598,134,1,61,370,29,75
202,148179,134,3,71,370,21,81
203,410494,134,3,78,370,43,50
204,410514,134,3,68,370,23,83
205,148423,134,7,83,370,41,80
206,541730,134,7,78,370,27,80
207,672977,134,1,69,370,23,67
208,673036,134,3,93,370,31,84
209,542140,134,9,65,370,29,74
210,149016,134,9,68,370,25,76
211,804514,134,3,54,370,43,44
212,804514,134,3,54,370,51,70
213,280343,134,1,43,370,49,67
214,280343,134,9,64,370,49,67
215,411554,134,1,75,370,31,68
216,935908,134,5,74,370,21,71
217,149604,134,7,84,370,41,70
218,411831,134,13,73,370,33,50
219,542945,134,1,50,370,27,79
220,542953,134,7,63,370,33,47
221,542953,134,7,63,370,41,71
222,280810,134,7,64,370,33,68
223,805149,134,1,79,370,47,41
224,805149,134,1,79,370,51,72
225,280876,134,1,64,370,31,76
226,805252,134,7,81,370,33,68
227,674212,134,3,76,370,21,82
228,936396,134,3,75,370,23,72
229,674288,134,11,61,370,31,88
230,543267,134,3,79,370,31,72
231,150060,134,5,60,370,17,65
232,543870,134,3,65,370,31,88
233,675020,134,7,63,370,31,78
234,544112,134,3,65,370,31,74
235,150906,134,7,73,370,27,72
236,806285,134,1,50,370,31,88
237,806285,134,3,76,370,31,88
238,544250,134,1,77,370,21,57
239,675371,134,9,66,370,19,75
240,282169,134,3,91,370,21,94
241,937616,134,7,70,370,43,70
242,151211,134,3,59,370,21,75
243,282296,134,11,65,370,31,62
244,937875,134,1,58,370,41,72
245,675865,134,1,79,370,41,63
246,544834,134,9,67,370,19,77
247,151689,134,7,64,370,33,87
248,938326,134,7,84,370,33,74
249,545134,134,13,83,370,21,86
250,676457,134,1,79,370,17,63
251,807636,134,1,84,370,27,93
252,283452,134,1,91,370,13,80
253,545723,134,5,67,370,25,65
254,152510,134,3,73,370,13,70
255,808030,134,13,50,370,43,60
256,283841,134,3,73,370,31,77
257,808153,134,1,80,370,33,58
258,677095,134,1,76,370,19,62
259,808173,134,3,61,370,21,73
260,939574,134,3,81,370,17,72
261,677437,134,3,90,370,17,68
262,415529,134,3,66,370,17,68
263,284521,134,1,62,370,27,71
264,939882,134,3,81,370,23,75
265,153499,134,7,75,370,33,67
266,808900,134,1,84,370,21,81
267,940068,134,1,89,370,21,72
268,153736,134,3,68,370,31,89
269,415986,134,5,68,370,29,77
270,809226,134,1,84,370,27,82
271,284991,134,7,80,370,27,70
272,547192,134,7,79,370,27,78
273,416222,134,3,73,370,23,70
274,154198,134,9,62,370,21,76
275,416608,134,11,81,370,31,92
276,154672,134,7,79,370,27,58
277,154687,134,21,46,370,33,70
278,154687,134,27,74,370,33,70
279,679013,134,13,61,370,33,47
280,679394,134,3,61,370,41,74
281,155203,134,7,65,370,27,45
282,417409,134,7,89,370,33,20
283,417409,134,7,89,370,41,80
284,810736,134,3,79,370,31,81
285,286551,134,7,70,370,27,44
286,286551,134,7,70,370,41,65
287,155496,134,7,79,370,27,80
288,286600,134,5,81,370,17,66
289,679954,134,3,86,370,23,65
290,155674,134,7,86,370,15,82
291,287048,134,3,85,370,31,75
292,942524,134,7,72,370,33,77
293,549481,134,7,83,370,23,80
294,418491,134,3,57,370,21,51
295,418755,134,7,75,370,27,68
296,549939,134,3,91,370,37,61
297,287896,134,1,80,370,21,33
298,287896,134,1,80,370,51,87
299,419004,134,3,82,370,37,85
300,287964,134,3,72,370,21,34
301,287987,134,7,83,370,41,86
302,287990,134,3,75,370,27,59
303,943538,134,7,68,370,17,71
304,550330,134,3,71,370,33,88
305,288191,134,3,81,370,23,58
306,550368,134,1,93,370,29,95
307,419311,134,1,79,370,17,77
308,288426,134,11,69,370,21,58
309,157391,134,1,72,370,21,76
310,681731,134,13,38,370,47,40
311,681731,134,21,60,370,47,40
312,681802,134,3,87,370,27,87
313,943989,134,7,87,370,27,50
314,943990,134,1,89,370,17,65
315,157683,134,3,66,370,41,67
316,419973,134,1,91,370,33,90
317,288910,134,1,24,370,25,69
318,288910,134,9,71,370,25,69
319,158040,134,1,76,370,27,70
320,158128,134,7,72,370,41,66
321,158133,134,1,75,370,21,83
322,813779,134,3,82,370,17,86
323,289655,134,3,82,370,23,69
324,551818,134,3,63,370,21,73
325,158683,134,1,80,370,13,84
326,158753,134,3,86,370,31,50
327,552151,134,11,57,370,23,50
328,290499,134,7,69,370,23,77
329,945996,134,13,72,370,37,82
330,683941,134,3,75,370,23,50
331,946160,134,3,59,370,27,78
332,290808,134,3,75,370,23,62
333,684112,134,1,79,370,27,74
334,553068,134,13,89,370,41,71
335,684225,134,3,66,370,31,72
336,159949,134,7,71,370,27,53
337,160205,134,3,63,370,31,61
338,815672,134,1,91,370,17,68
339,684720,134,3,67,370,21,69
340,553777,134,3,80,370,23,90
341,553831,134,7,61,370,33,57
342,291758,134,7,64,370,27,60
343,947140,134,13,57,370,41,53
344,422983,134,1,78,370,23,83
345,816273,134,9,66,370,19,68
346,160927,134,1,79,370,21,63
347,685254,134,3,86,370,31,84
348,947403,134,1,58,370,21,63
349,947423,134,17,95,370,43,88
350,685309,134,3,87,370,17,97
351,685338,134,1,81,370,21,68
352,947543,134,1,80,370,27,86
353,947692,134,3,78,370,17,73
354,947724,134,7,81,370,27,72
355,292516,134,1,79,370,37,53
356,554702,134,13,85,370,27,90
357,161520,134,3,82,370,21,72
358,423722,134,7,74,370,21,69
359,423917,134,1,60,370,23,67
360,423961,134,5,73,370,15,64
361,292930,134,13,82,370,27,76
362,161887,134,1,87,370,23,59
363,424300,134,3,86,370,37,59
364,555508,134,1,91,370,15,81
365,424473,134,7,81,370,33,79
366,948783,134,1,93,370,31,71
367,686674,134,7,77,370,27,83
368,162450,134,3,86,370,31,80
369,162604,134,3,75,370,31,83
370,424866,134,3,94,370,23,78
371,818143,134,3,89,370,23,68
372,818164,134,11,74,370,23,75
373,949298,134,1,91,370,21,74
374,162883,134,3,73,370,31,74
375,818362,134,1,85,370,23,79
376,163053,134,1,74,370,31,74
377,687361,134,3,72,370,31,52
378,294200,134,7,76,370,33,71
379,818549,134,7,68,370,33,67
380,425378,134,1,70,370,23,66
381,556786,134,7,71,370,31,69
382,163687,134,3,80,370,31,72
383,819070,134,3,84,370,23,55
384,163852,134,9,70,370,21,50
385,426025,134,7,84,370,33,50
386,295038,134,3,65,370,21,78
387,950563,134,7,73,370,33,69
388,819549,134,3,84,370,37,82
389,295424,134,3,85,370,23,90
390,688654,134,1,71,370,13,72
391,164440,134,3,71,370,17,80
392,164514,134,3,72,370,17,84
393,950975,134,3,70,370,21,67
394,164711,134,11,75,370,17,56
395,164726,134,13,67,370,33,50
396,689026,134,1,80,370,13,84
397,689050,134,3,97,370,23,97
398,951256,134,7,76,370,27,88
399,820372,134,1,79,370,17,77
400,427170,134,1,92,370,31,84
401,427251,134,1,69,370,31,88
402,296334,134,3,77,370,31,77
403,165313,134,3,86,370,31,46
404,165313,134,3,86,370,37,77
405,951816,134,9,78,370,29,83
406,165391,134,1,69,370,31,68
407,558618,134,7,84,370,27,70
408,165540,134,13,56,370,27,44
409,165577,134,13,83,370,27,77
410,296695,134,3,75,370,31,81
411,427950,134,3,59,370,41,62
412,427950,134,13,75,370,41,62
413,165826,134,7,80,370,35,69
414,428007,134,7,90,370,31,85
415,690183,134,7,67,370,17,55
416,690378,134,21,56,370,33,50
417,297285,134,1,77,370,31,65
418,952972,134,1,81,370,11,72
419,297685,134,3,87,370,31,73
420,166635,134,11,67,370,31,43
421,690974,134,7,53,370,31,54
422,822137,134,3,78,370,31,61
423,297917,134,1,97,370,27,95
424,822260,134,3,65,370,23,73
425,691350,134,7,68,370,33,47
426,691350,134,7,68,370,41,57
427,298316,134,7,73,370,21,60
428,691539,134,11,57,370,25,61
429,691665,134,3,76,370,31,68
430,429612,134,1,77,370,43,76
431,822875,134,3,85,370,13,78
432,429712,134,3,71,370,31,65
433,823053,134,13,71,370,27,67
434,954248,134,1,81,370,17,86
435,561100,134,9,55,370,19,45
436,561100,134,9,55,370,35,64
437,561100,134,9,55,370,49,71
438,823350,134,1,82,370,23,83
439,692363,134,7,64,370,27,73
440,954629,134,7,86,370,27,72
441,299287,134,7,74,370,41,66
442,430402,134,1,97,370,13,89
443,299531,134,7,94,370,33,84
444,430643,134,1,84,370,27,75
445,430725,134,1,84,370,29,90
446,693007,134,3,78,370,31,51
447,955189,134,7,58,370,15,72
448,169136,134,1,57,370,19,54
449,693452,134,7,83,370,21,73
450,824529,134,1,81,370,41,84
451,300271,134,11,78,370,31,89
452,169231,134,11,78,370,37,64
453,300369,134,1,79,370,27,74
454,562572,134,1,71,370,31,60
455,169401,134,3,76,370,23,62
456,693823,134,3,93,370,37,97
457,824996,134,7,81,370,33,57
458,562886,134,7,92,370,33,79
459,694043,134,7,82,370,33,65
460,169772,134,7,84,370,27,83
461,956230,134,9,67,370,29,73
462,563080,134,3,73,370,31,57
463,432010,134,3,86,370,31,82
464,169987,134,7,56,370,27,59
465,563252,134,1,87,370,23,60
466,563305,134,3,61,370,23,45
467,563305,134,3,61,370,31,70
468,432265,134,1,75,370,23,80
469,694446,134,7,72,370,27,61
470,170256,134,1,86,370,11,85
471,694658,134,9,60,370,29,59
472,694809,134,3,81,370,27,75
473,170527,134,1,87,370,27,84
474,170677,134,7,63,370,41,69
475,432822,134,1,85,370,23,69
476,563916,134,3,78,370,31,76
477,170728,134,1,72,370,37,64
478,170904,134,7,84,370,33,66
479,564635,134,3,94,370,13,84
480,564970,134,7,81,370,27,90
481,958197,134,3,61,370,37,80
482,434487,134,3,85,370,31,67
483,827715,134,7,80,370,33,75
484,827970,134,11,98,370,23,100
485,828144,134,3,87,370,31,85
486,828202,134,9,62,370,19,80
487,959339,134,7,62,370,21,65
488,304120,134,3,75,370,21,56
489,173087,134,15,58,370,25,81
490,697577,134,1,86,370,23,92
491,304558,134,7,56,370,27,82
492,959934,134,7,82,370,41,72
493,435703,134,3,93,370,31,90
494,828971,134,7,80,370,33,71
495,304800,134,7,79,370,33,42
496,173740,134,15,70,370,29,76
497,304838,134,1,83,370,17,73
498,305072,134,3,99,370,27,99
499,305087,134,3,76,370,31,70
500,567658,134,3,69,370,23,73
501,829866,134,3,80,370,23,76
502,567813,134,3,79,370,21,82
503,436839,134,3,60,370,23,64
504,961292,134,11,69,370,23,66
505,305970,134,3,89,370,31,87
506,699303,134,3,92,370,21,84
507,699310,134,7,79,370,43,70
508,175111,134,11,76,370,21,73
509,568353,134,7,82,370,27,55
510,961568,134,3,73,370,41,61
511,961782,134,3,87,370,23,45
512,961782,134,3,87,370,31,51
513,437503,134,11,74,370,19,67
514,830783,134,7,51,370,33,61
515,437619,134,3,85,370,31,86
516,568698,134,1,83,370,25,86
517,175488,134,7,66,370,43,47
518,961965,134,3,70,370,21,80
519,437764,134,7,87,370,27,74
520,437785,134,7,93,370,27,90
521,175686,134,3,95,370,41,87
522,306840,134,7,75,370,23,57
523,831219,134,9,56,370,15,63
524,306962,134,3,76,370,31,78
525,569396,134,11,79,370,21,80
526,438427,134,7,62,370,33,43
527,438427,134,7,62,370,41,73
528,700582,134,1,74,370,23,69
529,831705,134,1,82,370,33,50
530,569621,134,7,82,370,27,79
531,569944,134,9,80,370,21,75
532,832180,134,3,68,370,23,82
533,307903,134,11,72,370,41,75
534,701263,134,1,88,370,21,51
535,832340,134,11,78,370,27,72
536,439308,134,3,57,370,21,69
537,177270,134,3,80,370,31,84
538,963760,134,7,86,370,33,68
539,177445,134,3,68,370,17,62
540,308855,134,7,87,370,41,77
541,439930,134,1,65,370,11,75
542,308859,134,1,65,370,23,67
543,702161,134,7,76,370,31,74
544,309029,134,3,87,370,31,68
545,833590,134,3,46,370,37,50
546,833590,134,11,64,370,37,50
547,702533,134,3,57,370,31,64
548,178264,134,1,79,370,21,75
549,178415,134,7,89,370,27,87
550,833862,134,1,54,370,21,61
551,964997,134,7,83,370,21,74
552,702855,134,7,93,370,27,87
553,178609,134,15,69,370,25,62
554,965848,134,3,91,370,31,84
555,703751,134,7,84,370,41,71
556,441836,134,7,70,370,33,71
557,966157,134,11,59,370,25,74
558,573237,134,7,42,370,31,64
559,573237,134,13,57,370,31,64
560,180024,134,7,71,370,27,79
561,835449,134,11,79,370,23,75
562,442320,134,9,81,370,25,84
563,442324,134,7,56,370,37,78
564,835564,134,7,80,370,31,83
565,966693,134,7,72,370,21,66
566,442466,134,1,63,370,29,60
567,704831,134,7,75,370,27,80
568,180559,134,3,63,370,31,70
569,573779,134,5,69,370,19,79
570,180625,134,1,94,370,21,91
571,311798,134,1,85,370,21,88
572,967409,134,7,66,370,33,65
573,967500,134,17,60,370,47,67
574,967500,134,23,60,370,47,67
575,705377,134,1,74,370,45,91
576,312164,134,1,78,370,17,81
577,181332,134,7,69,370,27,69
578,574548,134,5,86,370,11,57
579,705758,134,1,80,370,23,83
580,574721,134,5,84,370,19,68
581,443657,134,3,50,370,23,63
582,968187,134,7,79,370,27,65
583,181761,134,7,65,370,37,60
584,837135,134,7,71,370,31,91
585,313006,134,1,82,370,27,82
586,837314,134,3,71,370,23,65
587,837331,134,1,74,370,27,60
588,313105,134,3,61,370,31,76
589,575695,134,3,79,370,23,78
590,706794,134,1,74,370,13,70
591,313781,134,3,90,370,23,90
592,838142,134,3,84,370,31,89
593,838344,134,1,64,370,17,73
594,445380,134,7,87,370,33,56
595,445431,134,3,80,370,31,93
596,576550,134,9,87,370,15,72
597,707629,134,7,80,370,41,68
598,445790,134,3,76,370,31,71
599,970283,134,3,63,370,31,75
600,315048,134,3,72,370,27,71
601,577330,134,3,78,370,31,71
602,446423,134,7,72,370,41,58
603,446440,134,3,87,370,23,75
604,970736,134,7,82,370,27,86
605,184336,134,7,83,370,33,79
606,577553,134,1,82,370,23,65
607,577555,134,7,92,370,33,88
608,839734,134,1,62,370,21,40
609,839734,134,1,62,370,27,30
610,577594,134,7,83,370,27,75
611,577618,134,5,77,370,21,70
612,315523,134,11,59,370,33,50
613,184522,134,3,83,370,23,85
614,315884,134,1,65,370,21,58
615,971247,134,7,84,370,27,82
616,184825,134,1,75,370,23,76
617,709140,134,7,69,370,27,68
618,971321,134,11,75,370,31,58
619,316009,134,1,68,370,17,70
620,316033,134,11,72,370,17,41
621,447139,134,7,82,370,41,89
622,971438,134,3,62,370,21,66
623,578277,134,7,75,370,27,50
624,185080,134,11,69,370,41,50
625,709403,134,3,62,370,17,80
626,840768,134,9,58,370,15,53
627,447575,134,1,67,370,17,81
628,316681,134,3,85,370,31,55
629,185693,134,3,73,370,31,68
630,185885,134,5,67,370,15,70
631,972337,134,1,88,370,27,88
632,317057,134,3,65,370,23,78
633,186041,134,7,78,370,33,76
634,841534,134,7,85,370,33,92
635,841605,134,13,62,370,33,60
636,579481,134,3,67,370,21,64
637,317376,134,1,83,370,11,88
638,972785,134,3,72,370,17,91
639,448504,134,1,66,370,15,74
640,579612,134,1,74,370,7,85
641,448579,134,1,87,370,41,94
642,448591,134,13,53,370,27,37
643,448591,134,13,53,370,33,40
644,317560,134,7,84,370,27,86
645,448964,134,1,70,370,21,61
646,186926,134,3,84,370,11,65
647,449201,134,1,82,370,21,88
648,973582,134,3,70,370,21,47
649,973582,134,3,70,370,23,55
650,842542,134,9,70,370,19,56
651,580428,134,7,87,370,33,76
652,580539,134,3,87,370,23,87
653,973827,134,7,74,370,33,70
654,449627,134,7,80,370,17,90
655,842889,134,3,73,370,31,68
656,318668,134,3,69,370,21,73
657,449767,134,3,72,370,21,82
658,843003,134,3,64,370,17,75
659,318789,134,11,62,370,21,45
660,318789,134,11,62,370,25,65
661,187751,134,1,94,370,23,77
662,580993,134,3,63,370,23,47
663,580993,134,3,63,370,31,87
664,843205,134,3,85,370,31,69
665,450108,134,3,80,370,23,78
666,319082,134,1,66,370,23,60
667,712311,134,13,61,370,33,58
668,450405,134,7,87,370,33,79
669,450477,134,3,76,370,37,68
670,450561,134,3,83,370,33,56
671,974916,134,7,85,370,21,72
672,712795,134,7,59,370,33,47
673,712795,134,7,59,370,43,67
674,843983,134,1,72,370,7,77
675,581912,134,5,80,370,15,82
676,975230,134,7,91,370,33,83
677,975355,134,1,62,370,31,77
678,189009,134,1,83,370,33,80
679,451429,134,9,57,370,19,71
680,844796,134,7,85,370,31,72
681,975901,134,1,75,370,29,88
682,713858,134,3,82,370,41,75
683,713905,134,1,90,370,31,80
684,189719,134,3,78,370,31,65
685,714011,134,3,85,370,17,71
686,582947,134,1,80,370,17,88
687,583065,134,1,74,370,21,61
688,189867,134,13,74,370,33,47
689,189867,134,13,74,370,51,76
690,845250,134,3,76,370,31,80
691,714194,134,7,55,370,43,61
692,714194,134,13,76,370,43,61
693,321069,134,1,43,370,21,62
694,321069,134,7,72,370,21,62
695,845404,134,11,88,370,17,82
696,583552,134,3,79,370,31,79
697,976944,134,1,76,370,13,66
698,976970,134,13,75,370,51,78
699,190900,134,3,72,370,23,82
700,190972,134,3,86,370,17,77
701,977405,134,11,82,370,27,67
702,584199,134,1,84,370,21,64
703,191006,134,17,66,370,31,67
704,846387,134,1,79,370,23,84
705,584309,134,1,67,370,33,83
706,715465,134,1,93,370,15,91
707,453383,134,3,88,370,23,72
708,977723,134,1,68,370,17,81
709,846692,134,1,70,370,23,61
710,584571,134,1,72,370,21,83
711,584625,134,7,69,370,41,58
712,322491,134,3,66,370,31,64
713,191544,134,7,72,370,27,73
714,453691,134,1,71,370,11,75
715,453710,134,7,82,370,33,86
716,322683,134,9,61,370,21,50
717,716203,134,7,77,370,33,64
718,716353,134,1,82,370,27,78
719,454225,134,1,55,370,27,64
720,192215,134,3,67,370,23,66
721,847754,134,7,99,370,43,95
722,978876,134,7,85,370,27,82
723,323602,134,1,73,370,21,83
724,455006,134,11,61,370,17,67
725,848348,134,7,77,370,33,92
726,586217,134,1,57,370,15,71
727,586296,134,1,67,370,13,55
728,717507,134,1,86,370,41,82
729,979691,134,1,67,370,13,88
730,586709,134,1,88,370,21,96
731,848930,134,13,79,370,33,70
732,193702,134,9,68,370,21,68
733,324824,134,7,76,370,27,78
734,586994,134,1,71,370,21,84
735,324856,134,3,64,370,31,77
736,849449,134,17,91,370,31,82
737,456329,134,9,64,370,25,38
738,456329,134,9,64,370,35,71
739,849641,134,7,85,370,27,83
740,980792,134,3,72,370,37,87
741,325448,134,11,89,370,33,71
742,587764,134,3,68,370,37,74
743,587957,134,3,54,370,43,74
744,194747,134,7,79,370,13,81
745,456955,134,7,72,370,27,62
746,456977,134,1,84,370,27,50
747,456981,134,3,85,370,31,87
748,719326,134,1,76,370,23,70
749,719980,134,5,87,370,25,80
750,982159,134,3,60,370,31,57
751,851141,134,7,76,370,33,57
752,589263,134,7,62,370,33,72
753,196125,134,7,64,370,47,62
754,196135,134,3,83,370,21,87
755,196170,134,7,69,370,27,81
756,458364,134,7,81,370,41,58
757,458718,134,3,65,370,13,55
758,983146,134,7,81,370,41,70
759,589943,134,7,81,370,27,69
760,589976,134,3,82,370,31,83
761,721141,134,7,87,370,33,77
762,327978,134,1,83,370,21,80
763,328033,134,51,84,370,57,75
764,721302,134,1,75,370,21,61
765,983567,134,1,96,370,21,86
766,459539,134,1,59,370,43,64
767,328498,134,1,51,370,35,64
768,328498,134,11,77,370,35,64
769,983879,134,1,50,370,31,57
770,459945,134,1,60,370,29,54
771,853165,134,3,74,370,57,59
772,591043,134,3,82,370,17,82
773,984389,134,3,77,370,41,73
774,460210,134,9,66,370,19,80
775,984759,134,7,80,370,41,69
776,853796,134,3,81,370,23,81
777,854095,134,7,77,370,27,86
778,198769,134,9,62,370,19,67
779,461072,134,1,89,370,17,82
780,330040,134,3,80,370,31,74
781,330046,134,7,81,370,41,85
782,592238,134,13,77,370,23,84
783,199112,134,11,79,370,21,77
784,854705,134,1,88,370,23,64
785,723806,134,7,73,370,41,62
786,461704,134,3,86,370,23,85
787,986152,134,1,78,370,33,68
788,986211,134,3,76,370,31,67
789,724257,134,13,76,370,33,60
790,855333,134,9,46,370,31,74
791,855333,134,11,73,370,31,74
792,724341,134,1,77,370,27,72
793,462370,134,11,68,370,17,74
794,986672,134,7,89,370,33,90
795,855793,134,3,85,370,23,76
796,331557,134,3,79,370,21,74
797,855932,134,3,84,370,23,74
798,987083,134,7,50,370,41,64
799,331770,134,7,82,370,27,54
800,331810,134,7,87,370,41,85
801,200837,134,3,74,370,23,70
802,725315,134,13,77,370,47,84
803,201045,134,1,80,370,13,65
804,987479,134,3,73,370,23,74
805,332142,134,7,77,370,33,73
806,463242,134,7,78,370,33,75
807,725474,134,1,89,370,51,69
808,463388,134,7,79,370,37,87
809,332385,134,7,76,370,37,88
810,332396,134,1,59,370,11,73
811,987777,134,3,72,370,21,75
812,463624,134,7,84,370,27,86
813,594720,134,7,72,370,33,67
814,463651,134,1,79,370,33,87
815,857058,134,7,80,370,21,79
816,463990,134,3,75,370,31,68
817,202136,134,1,81,370,17,73
818,595358,134,1,82,370,21,78
819,595424,134,1,71,370,13,64
820,988805,134,3,58,370,31,74
821,464520,134,3,80,370,17,71
822,595834,134,3,81,370,23,71
823,726915,134,11,61,370,29,79
824,595921,134,3,72,370,17,73
825,989166,134,11,76,370,33,60
826,595955,134,7,50,370,27,36
827,595955,134,7,50,370,33,66
828,333837,134,3,57,370,23,66
829,333878,134,7,84,370,23,80
830,727097,134,1,80,370,43,86
831,596203,134,3,79,370,23,64
832,334070,134,3,90,370,23,50
833,465175,134,5,90,370,21,76
834,858555,134,3,86,370,31,69
835,858664,134,1,69,370,33,50
836,858707,134,3,61,370,21,67
837,465896,134,1,65,370,11,73
838,990337,134,7,80,370,27,88
839,859304,134,3,71,370,23,66
840,204078,134,1,73,370,21,78
841,859548,134,7,60,370,31,62
842,859699,134,1,64,370,29,78
843,990822,134,9,78,370,21,69
844,728898,134,3,81,370,23,73
845,204674,134,11,51,370,41,66
846,991243,134,3,85,370,23,69
847,205043,134,3,69,370,23,64
848,860468,134,7,85,370,33,94
849,598481,134,7,92,370,27,52
850,991857,134,1,74,370,21,54
851,467655,134,11,59,370,17,59
852,860920,134,3,67,370,41,63
853,467787,134,3,90,370,23,91
854,730056,134,7,87,370,33,75
855,730151,134,7,85,370,33,66
856,337130,134,3,86,370,23,71
857,599298,134,7,84,370,27,82
858,992766,134,1,70,370,33,54
859,468600,134,1,84,370,19,73
860,206528,134,1,82,370,17,83
861,468781,134,7,90,370,27,77
862,206730,134,3,83,370,21,81
863,206799,134,7,71,370,27,77
864,468945,134,3,74,370,37,81
865,337892,134,1,75,370,21,82
866,731136,134,7,70,370,27,45
867,731136,134,7,70,370,33,60
868,731229,134,7,69,370,27,66
869,206966,134,1,80,370,37,77
870,206978,134,1,90,370,27,91
871,600205,134,7,65,370,21,78
872,862353,134,1,74,370,13,67
873,338114,134,11,82,370,23,82
874,338314,134,3,81,370,37,71
875,469473,134,9,92,370,15,84
876,862759,134,3,88,370,31,95
877,862804,134,11,85,370,23,86
878,993946,134,3,87,370,21,86
879,600744,134,1,83,370,31,68
880,994105,134,7,83,370,27,82
881,207735,134,1,93,370,33,86
882,863151,134,7,79,370,33,81
883,207804,134,3,84,370,27,66
884,207934,134,1,85,370,11,87
885,601356,134,3,33,370,37,74
886,601356,134,11,58,370,37,74
887,732693,134,7,95,370,27,85
888,470742,134,1,71,370,27,61
889,733072,134,3,86,370,23,80
890,995406,134,3,86,370,31,82
891,602193,134,1,77,370,33,67
892,471336,134,13,73,370,27,67
893,995654,134,1,84,370,21,65
894,209462,134,3,92,370,17,83
895,733831,134,3,81,370,23,63
896,209846,134,1,76,370,31,68
897,603374,134,1,71,370,41,65
898,341241,134,3,76,370,17,74
899,734472,134,11,66,370,31,50
900,472339,134,7,57,370,27,71
901,603463,134,11,72,370,47,81
902,865618,134,1,77,370,27,80
903,603550,134,13,80,370,27,89
904,996767,134,1,72,370,17,51
905,341410,134,3,87,370,23,80
906,603559,134,1,71,370,15,79
907,210526,134,7,81,370,27,54
908,210543,134,3,73,370,31,67
909,603786,134,7,73,370,33,71
910,210593,134,3,66,370,31,73
911,210747,134,7,82,370,27,83
912,604300,134,3,65,370,31,57
913,604412,134,3,78,370,17,64
914,473457,134,3,67,370,31,65
915,604538,134,7,61,370,33,40
916,604538,134,7,61,370,47,85
917,735831,134,3,74,370,37,60
918,342706,134,13,83,370,27,63
919,343076,134,7,71,370,27,79
920,212027,134,1,65,370,21,65
921,605447,134,15,67,370,35,75
922,605447,134,17,83,370,35,75
923,212338,134,3,73,370,31,70
924,998861,134,1,74,370,25,55
925,999029,134,3,83,370,23,86
926,736895,134,3,70,370,37,68
927,474754,134,7,82,370,33,77
928,736900,134,7,83,370,33,60
929,736998,134,3,85,370,21,84
930,475101,134,13,77,370,33,73
931,344060,134,3,67,370,51,64
932,475198,134,1,74,370,11,51
933,475199,134,11,76,370,17,72
934,475271,134,1,93,370,23,94
935,475295,134,3,78,370,23,70
936,213192,134,3,73,370,31,81
937,868666,134,3,51,370,37,71
938,868699,134,7,78,370,15,73
939,737879,134,1,88,370,31,95
940,475829,134,3,74,370,23,73
941,475963,134,7,90,370,41,80
942,738198,134,7,78,370,31,84
943,738234,134,7,79,370,41,86
944,738415,134,1,91,370,13,88
945,476353,134,7,84,370,33,75
946,607575,134,3,75,370,23,85
947,476535,134,1,63,370,13,39
948,476535,134,1,63,370,21,69
949,476552,134,1,80,370,33,68
950,476637,134,7,56,370,27,82
951,345603,134,3,50,370,37,78
952,345603,134,11,71,370,37,78
953,345811,134,3,72,370,31,68
954,870223,134,7,85,370,33,82
955,214974,134,7,50,370,27,69
956,346194,134,3,42,370,23,65
957,346194,134,11,85,370,23,65
958,215168,134,1,96,370,21,89
959,215186,134,7,91,370,27,80
960,739497,134,1,75,370,23,62
961,739505,134,7,74,370,33,64
962,477636,134,7,73,370,17,56
963,346601,134,7,76,370,33,67
964,346876,134,3,69,370,23,65
965,478067,134,7,71,370,41,81
966,609338,134,7,93,370,17,86
967,347233,134,7,83,370,23,78
968,871591,134,3,82,370,31,88
969,871671,134,9,57,370,19,53
970,347473,134,7,79,370,41,71
971,609737,134,1,72,370,23,62
972,609843,134,11,76,370,19,78
973,741084,134,3,62,370,33,66
974,741351,134,3,80,370,31,87
975,217088,134,13,63,370,27,65
976,348184,134,11,78,370,37,83
977,479549,134,9,81,370,15,74
978,479916,134,1,90,370,17,86
979,348979,134,7,64,370,41,74
980,348993,134,3,88,370,31,80
981,348995,134,3,93,370,31,81
982,611330,134,3,81,370,31,87
983,742443,134,11,67,370,23,58
984,349725,134,1,72,370,17,40
985,349725,134,1,72,370,21,43
986,742951,134,9,79,370,19,59
987,742965,134,13,70,370,27,78
988,743057,134,3,79,370,37,75
989,874130,134,11,67,370,27,85
990,481096,134,1,77,370,33,74
991,743295,134,7,65,370,33,67
992,350328,134,7,72,370,43,79
993,350456,134,1,65,370,29,88
994,219457,134,3,68,370,23,68
995,874976,134,11,68,370,37,27
996,612889,134,11,92,370,23,63
997,744019,134,1,87,370,21,87
998,481876,134,7,84,370,27,80
999,219758,134,3,79,370,13,67
1000,481904,134,1,74,370,37,43
1001,481904,134,1,74,370,43,56
1002,219874,134,1,84,370,21,78
1003,351376,134,1,66,370,9,74
1004,613828,134,3,53,370,23,62
1005,351725,134,13,93,370,31,91
1006,220720,134,1,85,370,47,97
1007,613958,134,1,81,370,17,68
1008,482890,134,1,73,370,17,70
1009,351962,134,3,91,370,31,94
1010,483181,134,1,72,370,21,82
1011,876498,134,7,84,370,33,65
1012,614383,134,3,85,370,31,75
1013,483364,134,3,66,370,21,43
1014,483364,134,3,66,370,31,70
1015,746323,134,1,60,370,35,63
1016,484317,134,7,77,370,21,83
1017,615617,134,3,76,370,31,64
1018,746859,134,1,74,370,11,63
1019,222612,134,1,58,370,21,79
1020,353699,134,3,76,370,37,90
1021,353817,134,3,85,370,37,79
1022,222861,134,3,86,370,31,81
1023,878423,134,3,78,370,23,78
1024,616318,134,1,81,370,21,74
1025,223242,134,7,66,370,33,63
1026,354374,134,7,66,370,41,70
1027,747686,134,3,61,370,33,50
1028,616836,134,7,71,370,27,86
1029,616845,134,3,88,370,31,66
1030,616953,134,7,78,370,33,66
1031,223825,134,7,80,370,21,80
1032,748196,134,1,74,370,11,76
1033,879301,134,1,86,370,27,85
1034,486118,134,11,82,370,31,82
1035,879361,134,1,85,370,11,77
1036,355306,134,3,69,370,27,72
1037,224284,134,7,69,370,33,16
1038,224284,134,7,69,370,47,69
1039,224408,134,7,83,370,41,52
1040,355480,134,7,92,370,33,98
1041,224540,134,3,65,370,17,58
1042,486792,134,3,88,370,31,90
1043,486892,134,3,69,370,31,61
1044,355843,134,1,95,370,29,97
1045,880321,134,1,70,370,13,73
1046,224963,134,11,59,370,23,57
1047,749303,134,3,78,370,23,56
1048,749370,134,3,72,370,31,73
1049,487313,134,11,88,370,23,80
1050,618429,134,3,82,370,23,50
1051,225543,134,9,70,370,31,72
1052,618936,134,3,80,370,11,87
1053,619201,134,7,50,370,21,68
1054,619241,134,7,70,370,27,86
1055,881437,134,1,83,370,23,84
1056,488286,134,3,76,370,31,81
1057,226187,134,13,70,370,27,41
1058,226187,134,13,70,370,41,70
1059,881730,134,1,87,370,23,60
1060,881832,134,13,69,370,37,63
1061,226648,134,1,73,370,13,63
1062,488815,134,13,58,370,37,70
1063,619897,134,7,56,370,41,80
1064,882074,134,11,72,370,21,83
1065,751003,134,13,84,370,33,67
1066,488886,134,5,64,370,25,78
1067,489068,134,7,86,370,27,86
1068,882555,134,3,83,370,37,81
1069,620507,134,7,80,370,33,59
1070,358392,134,5,83,370,21,55
1071,751616,134,1,78,370,23,76
1072,358439,134,7,83,370,41,73
1073,358597,134,7,90,370,27,77
1074,489837,134,7,93,370,27,69
1075,227964,134,3,73,370,27,79
1076,228065,134,3,76,370,31,82
1077,359156,134,1,80,370,31,87
1078,359163,134,7,61,370,27,50
1079,490343,134,3,80,370,37,81
1080,490394,134,7,84,370,33,68
1081,752642,134,7,84,370,27,81
1082,359475,134,3,64,370,37,70
1083,621636,134,7,88,370,21,82
1084,883885,134,1,68,370,31,31
1085,228641,134,7,77,370,31,64
1086,753020,134,1,81,370,29,96
1087,753021,134,11,72,370,25,71
1088,491142,134,3,73,370,21,56
1089,229007,134,3,72,370,31,63
1090,360153,134,3,73,370,31,77
1091,622463,134,11,64,370,23,73
1092,491431,134,3,69,370,21,61
1093,229325,134,7,80,370,27,76
1094,229365,134,7,84,370,27,78
1095,360509,134,1,77,370,13,78
1096,491648,134,1,86,370,33,68
1097,360593,134,1,67,370,23,77
1098,622740,134,1,54,370,21,71
1099,885022,134,3,60,370,31,75
1100,229755,134,3,82,370,31,90
1101,622976,134,7,42,370,41,61
1102,622976,134,13,64,370,41,61
1103,623146,134,1,56,370,21,66
1104,754307,134,11,53,370,15,64
1105,885592,134,3,64,370,31,67
1106,230295,134,7,90,370,21,84
1107,885705,134,3,75,370,13,72
1108,361513,134,3,95,370,21,80
1109,230455,134,7,73,370,17,57
1110,492695,134,3,81,370,23,69
1111,230760,134,13,79,370,23,82
1112,493125,134,1,81,370,37,85
1113,231018,134,9,60,370,25,67
1114,231018,134,11,79,370,25,67
1115,493191,134,7,66,370,27,72
1116,755336,134,1,84,370,27,73
1117,231057,134,1,58,370,29,56
1118,362142,134,3,57,370,23,66
1119,231120,134,3,70,370,23,65
1120,362218,134,3,68,370,31,73
1121,100134,134,7,79,370,27,82
1122,755603,134,7,80,370,27,79
1123,886834,134,3,82,370,31,80
1124,231534,134,7,86,370,27,90
1125,100485,134,7,82,370,21,78
1126,100728,134,3,76,370,31,64
1127,362948,134,7,80,370,33,84
1128,100816,134,1,64,370,11,66
1129,756232,134,1,79,370,17,90
1130,232022,134,11,78,370,23,80
1131,887441,134,7,79,370,41,58
1132,887666,134,3,93,370,21,94
1133,363423,134,3,90,370,23,74
1134,101324,134,3,73,370,23,82
1135,887798,134,3,76,370,31,81
1136,887826,134,13,80,370,27,54
1137,494623,134,11,79,370,21,61
1138,756932,134,1,85,370,21,67
1139,495147,134,13,60,370,27,38
1140,364132,134,7,67,370,27,59
1141,757369,134,3,70,370,31,80
1142,626370,134,3,83,370,23,80
1143,233392,134,1,85,370,21,86
1144,757882,134,11,75,370,37,84
1145,364752,134,11,66,370,23,55
1146,102745,134,1,71,370,23,59
1147,495977,134,1,68,370,17,67
1148,496069,134,3,60,370,17,57
1149,627180,134,9,72,370,21,70
1150,234236,134,3,65,370,27,74
1151,366018,134,7,58,370,27,80
1152,628260,134,3,84,370,23,63
1153,890406,134,3,83,370,21,65
1154,890548,134,7,79,370,33,83
1155,366278,134,3,87,370,11,90
1156,497362,134,7,63,370,27,75
1157,104345,134,3,83,370,41,76
1158,628781,134,3,70,370,23,83
1159,628806,134,7,87,370,27,84
1160,104655,134,3,95,370,17,96
1161,628979,134,3,80,370,23,60
1162,498116,134,3,67,370,17,80
1163,891420,134,1,88,370,21,77
1164,629282,134,3,84,370,23,78
1165,105233,134,7,73,370,33,81
1166,629566,134,1,64,370,23,80
1167,498686,134,3,70,370,31,73
1168,367687,134,1,86,370,17,41
1169,367687,134,1,86,370,31,72
1170,367763,134,1,84,370,33,71
1171,892060,134,7,83,370,41,82
1172,367784,134,7,78,370,33,66
1173,630010,134,3,74,370,11,71
1174,499055,134,13,80,370,33,61
1175,236947,134,1,74,370,23,72
1176,368144,134,1,85,370,21,85
1177,368181,134,7,72,370,21,69
1178,499277,134,3,78,370,31,61
1179,499434,134,7,95,370,33,66
1180,892934,134,7,80,370,43,72
1181,237627,134,13,88,370,37,88
1182,500063,134,3,68,370,21,61
1183,762273,134,11,63,370,17,54
1184,106994,134,7,66,370,27,37
1185,106994,134,7,66,370,41,65
1186,631333,134,7,67,370,41,60
1187,369321,134,1,56,370,13,55
1188,631476,134,3,83,370,31,63
1189,369336,134,3,78,370,23,73
1190,893883,134,1,63,370,23,65
1191,631757,134,13,75,370,43,66
1192,893984,134,11,70,370,17,77
1193,107606,134,7,82,370,31,82
1194,500918,134,1,74,370,27,65
1195,894171,134,11,74,370,21,50
1196,239055,134,7,76,370,33,50
1197,632304,134,1,57,370,41,68
1198,632324,134,3,96,370,31,94
1199,370189,134,7,57,370,47,68
1200,108104,134,3,79,370,31,76
1201,370401,134,7,87,370,33,59
1202,894735,134,1,77,370,21,77
1203,632796,134,1,63,370,35,77
1204,763886,134,7,89,370,27,92
1205,239685,134,9,82,370,19,65
1206,632916,134,7,90,370,33,81
1207,632923,134,3,65,370,21,74
1208,239764,134,7,89,370,33,94
1209,895235,134,1,84,370,17,72
1210,108904,134,11,75,370,21,41
1211,108904,134,11,75,370,23,63
1212,764296,134,3,88,370,27,89
1213,240013,134,7,55,370,37,86
1214,371297,134,11,86,370,21,67
1215,502431,134,3,74,370,37,83
1216,502458,134,7,87,370,33,77
1217,371597,134,3,67,370,23,63
1218,109583,134,3,75,370,13,76
1219,633975,134,3,68,370,37,80
1220,765222,134,7,77,370,33,74
1221,896338,134,7,83,370,33,66
1222,896416,134,3,78,370,21,84
1223,634522,134,3,75,370,33,50
1224,634570,134,3,68,370,37,55
1225,372433,134,13,64,370,41,44
1226,372449,134,3,80,370,23,63
1227,765735,134,1,77,370,31,52
1228,241630,134,3,57,370,23,65
1229,373117,134,1,69,370,21,78
1230,373277,134,3,76,370,23,62
1231,242213,134,1,83,370,33,96
1232,766745,134,13,76,370,27,82
1233,635702,134,1,50,370,41,85
1234,897918,134,7,80,370,33,67
1235,504735,134,3,73,370,31,70
1236,766899,134,1,68,370,13,71
1237,766939,134,5,72,370,31,78
1238,111725,134,3,67,370,37,65
1239,636160,134,7,86,370,33,88
1240,767256,134,11,63,370,39,79
1241,898333,134,3,83,370,13,59
1242,243016,134,7,70,370,27,58
1243,898420,134,1,85,370,33,87
1244,112075,134,7,65,370,33,62
1245,112319,134,3,82,370,23,84
1246,767989,134,3,90,370,31,81
1247,505852,134,3,87,370,31,86
1248,768096,134,3,80,370,27,88
1249,899194,134,11,53,370,27,63
1250,112786,134,7,62,370,27,65
1251,637088,134,3,77,370,31,71
1252,768234,134,1,71,370,21,50
1253,375276,134,7,62,370,33,45
1254,244302,134,7,64,370,13,78
1255,768598,134,3,71,370,21,71
1256,768803,134,3,71,370,21,86
1257,375657,134,1,82,370,17,73
1258,244825,134,7,82,370,33,74
1259,900211,134,7,54,370,21,65
1260,769467,134,3,81,370,23,77
1261,638432,134,3,78,370,17,45
1262,638432,134,3,78,370,23,77
1263,376323,134,3,80,370,23,75
1264,114251,134,3,88,370,23,54
1265,900951,134,1,64,370,7,69
1266,770022,134,1,96,370,17,90
1267,770031,134,3,78,370,31,50
1268,639227,134,3,66,370,23,64
1269,115091,134,1,66,370,21,72
1270,246253,134,11,68,370,37,60
1271,377435,134,3,71,370,23,44
1272,639661,134,3,84,370,31,77
1273,115390,134,3,61,370,23,58
1274,377569,134,1,65,370,23,71
1275,901942,134,11,76,370,23,93
1276,246595,134,3,67,370,23,72
1277,508799,134,7,87,370,33,38
1278,508799,134,7,87,370,47,60
1279,115745,134,1,61,370,27,65
1280,115792,134,3,42,370,27,73
1281,115792,134,11,76,370,27,73
1282,771173,134,11,74,370,23,71
1283,640108,134,3,80,370,23,82
1284,115860,134,7,87,370,23,82
1285,115908,134,7,84,370,53,73
1286,640287,134,3,66,370,31,50
1287,378369,134,3,71,370,17,66
1288,509483,134,1,77,370,31,74
1289,771921,134,1,88,370,33,76
1290,509806,134,1,56,370,27,75
1291,116897,134,3,81,370,31,76
1292,772295,134,3,70,370,31,85
1293,641436,134,9,79,370,19,80
1294,772538,134,13,58,370,37,78
1295,903640,134,7,97,370,41,90
1296,248346,134,7,80,370,33,47
1297,248346,134,7,80,370,41,76
1298,379428,134,23,71,370,31,65
1299,772654,134,3,68,370,31,75
1300,248422,134,1,83,370,27,75
1301,117876,134,3,73,370,23,65
1302,380235,134,3,51,370,51,86
1303,118092,134,1,70,370,21,73
1304,773507,134,3,42,370,21,54
1305,773507,134,11,50,370,21,54
1306,642550,134,13,75,370,31,79
1307,118287,134,11,81,370,17,71
1308,904805,134,9,77,370,25,43
1309,904836,134,9,67,370,15,78
1310,380573,134,7,83,370,33,71
1311,511846,134,7,68,370,43,55
1312,642974,134,3,77,370,23,80
1313,249857,134,11,67,370,31,80
1314,774213,134,7,87,370,47,75
1315,905311,134,1,57,370,35,82
1316,381111,134,1,87,370,17,87
1317,381127,134,7,71,370,33,61
1318,512223,134,3,94,370,23,82
1319,250100,134,1,81,370,21,82
1320,381387,134,11,87,370,21,88
1321,119339,134,3,78,370,31,63
1322,774771,134,3,83,370,17,66
1323,774811,134,3,63,370,31,67
1324,119515,134,5,66,370,29,54
1325,905955,134,7,91,370,33,90
1326,512823,134,7,73,370,27,65
1327,119688,134,7,77,370,33,70
1328,644059,134,1,96,370,7,96
1329,775286,134,7,73,370,21,79
1330,120215,134,3,78,370,31,83
1331,120364,134,9,78,370,21,76
1332,775823,134,7,69,370,27,74
1333,251596,134,1,82,370,27,82
1334,513894,134,3,69,370,11,65
1335,776061,134,7,85,370,33,73
1336,776139,134,3,66,370,23,64
1337,251978,134,3,72,370,23,64
1338,120936,134,3,79,370,31,71
1339,776335,134,7,81,370,37,78
1340,514205,134,11,61,370,23,63
1341,776404,134,7,77,370,27,65
1342,252296,134,9,77,370,29,84
1343,383404,134,1,65,370,35,79
1344,645552,134,3,80,370,31,46
1345,645552,134,3,80,370,37,65
1346,645642,134,11,65,370,17,55
1347,121392,134,7,72,370,41,64
1348,383570,134,1,81,370,15,70
1349,645724,134,3,76,370,31,73
1350,645741,134,9,72,370,21,84
1351,383689,134,7,75,370,33,67
1352,908134,134,3,85,370,17,87
1353,908161,134,13,46,370,31,57
1354,908161,134,21,68,370,31,57
1355,646218,134,5,51,370,25,80
1356,646346,134,3,88,370,11,88
1357,908561,134,3,89,370,11,80
1358,384386,134,1,91,370,11,80
1359,646601,134,7,61,370,33,67
1360,122472,134,1,84,370,13,91
1361,646820,134,3,74,370,23,70
1362,909032,134,3,73,370,21,72
1363,122665,134,3,82,370,23,68
1364,384815,134,3,85,370,31,77
1365,778032,134,1,67,370,29,73
1366,516037,134,7,75,370,41,65
1367,385133,134,1,56,370,21,32
1368,778399,134,1,60,370,21,72
1369,123181,134,7,96,370,33,55
1370,778643,134,13,66,370,41,60
1371,385436,134,1,76,370,17,67
1372,647590,134,1,82,370,21,80
1373,516555,134,3,85,370,31,66
1374,909980,134,3,94,370,31,88
1375,910055,134,7,67,370,41,77
1376,254739,134,3,80,370,17,81
1377,910200,134,1,77,370,27,77
1378,779164,134,7,68,370,33,64
1379,255096,134,7,89,370,33,79
1380,517366,134,3,73,370,21,89
1381,386471,134,7,64,370,23,67
1382,648672,134,7,92,370,33,82
1383,779772,134,1,93,370,31,93
1384,910893,134,3,78,370,17,83
1385,124550,134,7,87,370,27,81
1386,255716,134,3,78,370,31,82
1387,386823,134,3,45,370,37,54
1388,386823,134,11,53,370,37,54
1389,911172,134,3,91,370,31,76
1390,255833,134,1,88,370,51,50
1391,518161,134,7,72,370,33,45
1392,518161,134,7,72,370,47,63
1393,518208,134,1,79,370,27,78
1394,256091,134,3,76,370,41,54
1395,649404,134,7,67,370,27,68
1396,387277,134,7,94,370,41,88
1397,649426,134,1,88,370,21,68
1398,780616,134,9,85,370,15,73
1399,125322,134,1,85,370,15,85
1400,911794,134,7,60,370,33,56
1401,518605,134,1,43,370,41,76
1402,518605,134,7,74,370,41,76
1403,911863,134,7,77,370,15,61
1404,387798,134,3,84,370,31,84
1405,781031,134,7,67,370,17,82
1406,387912,134,7,70,370,27,68
1407,912312,134,1,62,370,33,72
1408,781255,134,7,86,370,41,83
1409,256970,134,3,92,370,23,75
1410,912408,134,3,87,370,31,77
1411,650380,134,1,86,370,21,85
1412,126131,134,1,52,370,31,60
1413,781716,134,5,79,370,15,51
1414,519633,134,1,80,370,21,64
1415,388684,134,7,89,370,47,78
1416,126560,134,9,68,370,15,70
1417,781922,134,11,69,370,33,55
1418,257798,134,1,76,370,35,78
1419,126772,134,7,76,370,33,77
1420,258184,134,13,81,370,27,74
1421,520372,134,3,59,370,17,71
1422,914167,134,1,90,370,43,86
1423,127843,134,3,80,370,31,76
1424,783260,134,7,82,370,27,77
1425,652192,134,3,79,370,31,69
1426,390061,134,1,98,370,23,78
1427,127988,134,11,61,370,21,69
1428,390232,134,1,91,370,23,76
1429,652446,134,1,78,370,23,73
1430,390335,134,11,55,370,31,64
1431,783574,134,1,52,370,31,62
1432,783907,134,7,79,370,33,81
1433,259654,134,7,79,370,27,93
1434,915015,134,3,91,370,17,87
1435,390839,134,7,77,370,13,76
1436,784071,134,3,78,370,31,66
1437,390860,134,7,74,370,33,50
1438,653133,134,7,88,370,33,65
1439,522108,134,3,75,370,41,87
1440,915429,134,3,74,370,27,59
1441,915442,134,5,87,370,11,88
1442,653399,134,7,83,370,31,78
1443,784479,134,1,86,370,17,88
1444,915647,134,1,87,370,17,80
1445,260290,134,7,59,370,27,71
1446,784675,134,7,81,370,33,71
1447,391981,134,7,74,370,33,84
1448,260970,134,7,83,370,33,79
1449,261000,134,1,75,370,23,59
1450,785372,134,1,87,370,21,85
1451,523428,134,7,84,370,27,92
1452,654503,134,3,76,370,31,80
1453,654571,134,7,82,370,37,67
1454,130302,134,3,61,370,23,45
1455,130302,134,3,61,370,31,79
1456,785682,134,1,72,370,29,82
1457,523643,134,1,93,370,15,96
1458,785788,134,7,78,370,21,80
1459,261605,134,3,70,370,21,73
1460,917019,134,1,71,370,35,89
1461,130852,134,1,86,370,33,54
1462,917303,134,11,71,370,27,58
1463,393059,134,13,83,370,23,50
