,StudentID,CourseNumber_x,Term_x,Grade_x,CourseNumber_y,Term_y,Grade_y
0,131205,240,17,82,370,31,86
1,131252,240,21,84,370,31,59
2,524634,240,21,72,370,33,79
4,787023,240,1,82,370,7,84
5,393886,240,17,73,370,37,80
6,918214,240,13,80,370,21,73
7,262913,240,7,79,370,13,82
9,787281,240,17,82,370,23,85
11,918408,240,23,59,370,31,65
12,525401,240,9,71,370,15,75
13,656627,240,11,72,370,21,54
14,656717,240,27,64,370,41,68
15,263554,240,13,73,370,33,81
16,787843,240,7,61,370,13,75
17,394640,240,11,82,370,17,82
18,525934,240,15,53,370,19,87
20,788210,240,15,97,370,41,90
21,526102,240,17,67,370,31,71
23,263986,240,7,92,370,17,96
25,657306,240,3,50,370,7,71
26,264142,240,9,85,370,19,86
27,526365,240,21,50,370,29,63
28,526365,240,25,61,370,29,63
29,788540,240,1,93,370,7,96
31,526476,240,11,70,370,21,64
32,133520,240,21,63,370,33,64
34,133890,240,7,67,370,13,39
35,133890,240,7,67,370,33,62
36,265106,240,7,82,370,13,91
38,265140,240,21,76,370,25,68
39,396242,240,11,51,370,31,96
41,658523,240,7,74,370,21,81
42,396481,240,17,75,370,31,84
43,658701,240,9,63,370,21,66
44,265628,240,1,67,370,9,68
45,527861,240,1,85,370,7,82
46,396798,240,21,82,370,31,92
47,396813,240,7,73,370,21,70
48,265752,240,7,56,370,21,60
50,265956,240,17,62,370,23,90
51,397034,240,1,84,370,13,78
52,266156,240,17,68,370,31,82
53,921584,240,7,76,370,13,76
54,266249,240,17,77,370,31,81
57,266465,240,27,72,370,31,85
58,790931,240,17,76,370,23,86
59,135634,240,1,73,370,9,83
60,135654,240,7,67,370,13,73
63,791160,240,9,74,370,15,80
64,398060,240,21,80,370,33,50
65,398071,240,7,64,370,13,65
66,660573,240,1,70,370,15,60
68,660594,240,21,53,370,31,64
69,660673,240,9,79,370,21,75
70,922902,240,15,61,370,17,47
71,136511,240,7,76,370,21,90
72,267721,240,17,85,370,31,82
73,398834,240,17,70,370,23,68
74,792065,240,21,67,370,31,71
75,136770,240,23,83,370,37,80
77,530055,240,13,73,370,21,58
78,136858,240,13,99,370,21,80
79,923384,240,17,79,370,27,88
80,792349,240,7,69,370,13,77
81,661296,240,23,50,370,31,46
82,530272,240,9,71,370,21,79
84,399262,240,13,50,370,21,50
85,661514,240,15,96,370,29,91
87,399422,240,9,76,370,25,75
89,792757,240,9,89,370,29,96
90,399626,240,1,60,370,9,58
91,530702,240,21,61,370,27,85
92,137521,240,11,67,370,31,57
93,399758,240,13,59,370,17,59
95,399788,240,11,70,370,21,63
96,924089,240,13,70,370,27,40
97,924089,240,13,70,370,47,73
98,530912,240,11,54,370,25,79
99,530998,240,9,66,370,15,71
100,269007,240,23,69,370,31,85
101,924461,240,17,64,370,31,82
103,793475,240,7,56,370,23,67
104,138275,240,21,51,370,33,25
105,138354,240,9,73,370,21,84
106,531595,240,1,68,370,7,74
107,662695,240,31,51,370,37,38
108,531706,240,21,62,370,27,72
109,925098,240,9,60,370,19,81
110,925225,240,17,69,370,31,67
111,138796,240,7,77,370,21,80
113,532023,240,15,77,370,19,82
114,400974,240,7,81,370,27,82
115,663311,240,17,59,370,31,85
116,794400,240,21,59,370,27,72
117,794432,240,7,67,370,13,69
118,794618,240,1,73,370,11,74
119,401438,240,9,87,370,21,87
120,401612,240,21,69,370,27,76
122,663821,240,15,66,370,21,80
123,532779,240,13,80,370,17,63
124,532789,240,9,78,370,21,72
125,270650,240,21,84,370,33,65
126,794942,240,1,75,370,7,74
127,795053,240,3,67,370,7,82
128,532935,240,13,65,370,21,80
129,795093,240,17,65,370,37,67
130,139739,240,13,76,370,33,83
131,139773,240,13,91,370,21,86
132,270850,240,1,69,370,31,78
133,401989,240,17,81,370,23,67
134,139927,240,27,59,370,33,60
135,664243,240,21,58,370,33,75
136,795318,240,7,63,370,21,76
137,533296,240,27,61,370,33,59
138,271155,240,1,75,370,5,72
139,795564,240,9,50,370,15,41
140,795564,240,9,50,370,39,80
141,533465,240,15,76,370,21,86
142,271379,240,21,72,370,27,66
143,271472,240,13,70,370,27,87
144,533628,240,17,61,370,37,70
145,795779,240,1,61,370,7,68
146,533682,240,7,52,370,21,67
147,664766,240,17,76,370,31,85
148,140592,240,1,76,370,7,84
149,795984,240,7,63,370,21,61
150,140636,240,17,74,370,37,86
151,533877,240,1,64,370,7,65
152,927188,240,17,56,370,33,72
154,796317,240,17,74,370,31,86
155,272064,240,21,69,370,33,71
156,403160,240,17,69,370,31,81
157,272139,240,7,56,370,17,50
158,534333,240,13,64,370,21,85
159,534339,240,9,60,370,19,75
160,403305,240,1,58,370,7,58
161,403316,240,17,76,370,31,83
163,272299,240,19,62,370,35,75
164,403404,240,9,82,370,15,86
165,403411,240,21,55,370,31,80
166,927785,240,21,71,370,27,36
167,665647,240,13,71,370,31,81
168,141373,240,7,75,370,13,64
169,403527,240,9,76,370,19,87
172,534620,240,23,61,370,37,82
173,403610,240,7,75,370,13,88
174,403623,240,21,61,370,33,41
175,403679,240,21,84,370,27,94
176,141575,240,1,67,370,11,45
177,141575,240,1,67,370,19,70
178,272678,240,13,70,370,27,37
179,272678,240,13,70,370,33,52
180,403860,240,21,57,370,33,77
181,272814,240,17,88,370,23,92
182,928186,240,7,66,370,21,80
183,141833,240,7,74,370,13,78
184,404037,240,13,79,370,21,73
185,928379,240,13,79,370,33,72
186,273106,240,15,84,370,25,88
187,928493,240,13,70,370,27,61
188,404241,240,1,53,370,15,63
189,273177,240,21,62,370,33,69
190,797723,240,17,88,370,31,88
191,535638,240,13,68,370,17,71
192,666747,240,7,62,370,17,72
193,273575,240,11,78,370,17,90
195,666823,240,17,65,370,23,62
196,404743,240,17,91,370,37,93
197,142656,240,21,88,370,41,84
198,142701,240,17,57,370,27,71
199,798141,240,1,70,370,7,62
200,536105,240,21,85,370,41,82
201,142952,240,21,73,370,27,61
202,143030,240,23,40,370,37,82
203,143030,240,31,62,370,37,82
204,667372,240,21,86,370,33,83
205,536307,240,11,89,370,21,81
206,143106,240,27,43,370,33,42
207,143106,240,27,43,370,37,57
208,143106,240,31,52,370,33,42
209,143106,240,31,52,370,37,57
210,667437,240,7,71,370,13,74
211,143180,240,27,64,370,31,41
212,798583,240,17,65,370,31,53
213,929662,240,1,88,370,7,86
214,405442,240,23,80,370,31,76
215,929778,240,17,77,370,23,79
216,143436,240,17,64,370,31,72
217,143461,240,9,66,370,21,65
218,798862,240,17,70,370,23,71
219,143517,240,11,76,370,25,72
220,930012,240,17,78,370,31,94
221,798966,240,17,66,370,31,66
222,274686,240,21,74,370,27,81
223,930059,240,21,70,370,27,68
224,667935,240,23,72,370,37,70
225,799263,240,17,76,370,31,85
226,799305,240,27,85,370,41,74
227,144003,240,13,66,370,21,63
229,930464,240,23,72,370,31,66
230,537387,240,21,59,370,33,71
231,799627,240,13,92,370,27,84
233,799649,240,7,80,370,13,75
234,537542,240,13,80,370,23,78
235,275464,240,21,60,370,27,65
236,406619,240,21,66,370,33,69
237,537736,240,7,75,370,13,73
238,669024,240,17,68,370,31,73
240,931291,240,13,91,370,37,94
243,144975,240,17,70,370,31,73
244,538191,240,21,76,370,33,76
246,276104,240,7,56,370,13,40
247,276104,240,7,56,370,21,70
248,145077,240,9,75,370,15,65
249,276171,240,11,67,370,17,60
250,538370,240,13,82,370,23,67
251,800535,240,21,77,370,27,84
252,276256,240,13,68,370,21,65
253,800560,240,11,57,370,19,66
254,800610,240,7,65,370,13,66
255,669558,240,17,76,370,31,73
257,145284,240,21,55,370,23,83
258,931738,240,17,79,370,23,70
260,669744,240,17,50,370,47,63
262,145566,240,17,69,370,37,55
263,932001,240,27,90,370,37,90
264,669968,240,17,54,370,31,61
265,932347,240,13,62,370,23,75
266,277011,240,21,61,370,43,81
267,932437,240,21,86,370,27,91
269,801399,240,9,70,370,15,70
270,146062,240,13,57,370,17,57
271,801457,240,11,46,370,13,28
272,801457,240,11,46,370,51,78
274,801457,240,17,61,370,51,78
276,670549,240,9,79,370,15,91
277,670640,240,1,71,370,7,57
278,670702,240,13,94,370,21,74
279,146442,240,1,63,370,13,76
281,277600,240,1,73,370,7,78
282,146581,240,7,76,370,13,89
283,146601,240,11,54,370,21,60
285,539975,240,1,76,370,7,70
286,671191,240,21,81,370,41,77
288,671211,240,21,66,370,31,80
290,802383,240,21,75,370,27,82
291,671320,240,1,60,370,7,72
292,409288,240,7,83,370,17,82
293,802568,240,11,79,370,23,55
294,671542,240,17,85,370,31,82
296,409608,240,13,63,370,21,84
297,671850,240,15,86,370,35,91
298,540811,240,17,73,370,43,70
299,409786,240,1,63,370,13,58
300,278894,240,11,73,370,23,90
301,672188,240,21,56,370,33,47
302,672188,240,21,56,370,41,72
303,803347,240,17,75,370,23,82
305,934488,240,11,82,370,23,75
307,410216,240,1,75,370,11,66
309,541367,240,13,69,370,27,37
310,541367,240,13,69,370,33,45
311,934598,240,15,63,370,21,31
312,934598,240,15,63,370,29,75
313,148179,240,13,57,370,21,81
314,803542,240,1,70,370,7,70
315,541536,240,7,76,370,21,85
316,410494,240,21,66,370,43,50
317,410514,240,13,72,370,23,83
318,148423,240,21,84,370,41,80
319,541730,240,21,68,370,27,80
320,148647,240,7,68,370,13,71
321,672977,240,13,77,370,23,67
322,673036,240,17,93,370,31,84
323,542140,240,25,68,370,29,74
324,148951,240,1,82,370,3,90
325,673282,240,1,75,370,13,72
326,149016,240,21,63,370,25,76
327,935517,240,9,81,370,15,63
328,804514,240,23,65,370,43,44
329,804514,240,23,65,370,51,70
330,280343,240,29,59,370,49,67
331,542509,240,7,69,370,27,66
332,149299,240,9,55,370,21,53
333,411554,240,17,67,370,31,68
335,149559,240,7,67,370,13,87
336,149604,240,21,78,370,41,70
337,411831,240,27,74,370,33,50
338,542945,240,21,71,370,27,79
339,542953,240,21,63,370,33,47
340,542953,240,21,63,370,41,71
341,280810,240,21,75,370,33,68
342,805149,240,13,46,370,47,41
343,805149,240,13,46,370,51,72
344,805149,240,21,68,370,47,41
345,805149,240,21,68,370,51,72
346,280876,240,11,73,370,31,76
348,280945,240,7,46,370,13,66
351,805252,240,21,61,370,33,68
352,674212,240,13,79,370,21,82
353,936396,240,17,74,370,23,72
354,674288,240,21,66,370,31,88
355,543267,240,17,74,370,31,72
357,936566,240,1,72,370,13,76
358,936571,240,1,69,370,9,70
359,936796,240,3,68,370,11,77
360,543740,240,3,91,370,11,93
361,150594,240,1,77,370,7,81
362,543870,240,17,82,370,31,88
363,937107,240,7,70,370,21,63
364,675020,240,27,79,370,31,78
365,544112,240,17,65,370,31,74
366,150906,240,21,54,370,27,72
367,806285,240,17,66,370,31,88
368,544250,240,13,60,370,21,57
369,675371,240,15,75,370,19,75
370,282169,240,17,75,370,21,94
371,937616,240,27,45,370,43,70
372,937616,240,33,68,370,43,70
373,151211,240,13,59,370,21,75
374,282296,240,23,62,370,31,62
375,544465,240,9,72,370,15,77
376,937729,240,1,81,370,13,79
377,937875,240,15,60,370,41,72
378,675865,240,13,52,370,41,63
380,675947,240,7,78,370,13,89
381,151689,240,21,66,370,33,87
382,938326,240,21,91,370,33,74
384,283011,240,7,75,370,13,71
386,283238,240,1,84,370,9,68
387,414313,240,1,96,370,9,94
389,807636,240,13,62,370,27,93
390,283452,240,11,79,370,13,80
391,545723,240,21,43,370,25,65
394,283750,240,9,67,370,21,66
395,283841,240,13,86,370,31,77
396,808153,240,13,55,370,33,58
397,677095,240,11,66,370,19,62
398,808173,240,11,66,370,21,73
399,808177,240,17,70,370,23,50
401,677437,240,13,85,370,17,68
402,284222,240,7,65,370,17,84
403,284233,240,1,64,370,13,53
404,677584,240,1,73,370,7,80
405,939762,240,1,84,370,31,71
407,284521,240,13,76,370,27,71
408,939882,240,17,70,370,23,75
409,153499,240,21,64,370,33,67
410,808900,240,13,81,370,21,81
411,940068,240,13,87,370,21,72
412,284731,240,9,63,370,21,65
413,153736,240,17,75,370,31,89
415,809226,240,13,39,370,27,82
416,809226,240,21,73,370,27,82
417,284991,240,21,65,370,27,70
418,416069,240,1,62,370,11,70
419,285019,240,7,73,370,17,67
420,547192,240,21,71,370,27,78
421,416222,240,17,66,370,23,70
422,154198,240,15,69,370,21,76
423,940774,240,7,68,370,21,77
424,809759,240,1,68,370,7,44
425,809759,240,1,68,370,17,71
426,416608,240,23,67,370,31,92
427,285602,240,1,68,370,7,66
428,154672,240,21,70,370,27,58
430,679013,240,27,46,370,33,47
432,285873,240,3,80,370,7,80
433,810198,240,7,72,370,13,78
434,154962,240,9,61,370,19,57
435,679394,240,17,55,370,41,74
437,417409,240,21,91,370,33,20
438,417409,240,21,91,370,41,80
439,810736,240,13,79,370,31,81
440,286551,240,21,51,370,27,44
441,286551,240,21,51,370,41,65
442,155496,240,21,63,370,27,80
443,286600,240,11,69,370,17,66
444,679954,240,17,67,370,23,65
446,417900,240,1,70,370,7,82
447,942283,240,7,64,370,21,64
448,287048,240,17,84,370,31,75
449,942524,240,21,66,370,33,77
450,418293,240,17,64,370,31,4
452,549481,240,21,69,370,23,80
453,942758,240,3,66,370,7,66
457,811800,240,9,73,370,15,77
458,418755,240,21,65,370,27,68
459,943077,240,7,76,370,21,87
460,549899,240,9,85,370,19,90
461,549939,240,17,86,370,37,61
462,287896,240,13,78,370,21,33
463,287896,240,13,78,370,51,87
464,419004,240,17,68,370,37,85
465,287964,240,13,60,370,21,34
466,287987,240,21,82,370,41,86
467,287990,240,17,59,370,27,59
469,550330,240,17,45,370,33,88
470,550330,240,21,63,370,33,88
471,288191,240,17,82,370,23,58
472,550368,240,15,93,370,29,95
473,419311,240,7,76,370,17,77
474,943619,240,1,76,370,7,92
475,681537,240,9,76,370,15,85
476,288426,240,17,61,370,21,58
477,157391,240,13,71,370,21,76
478,681731,240,43,62,370,47,40
479,681802,240,13,84,370,27,87
480,943989,240,21,63,370,27,50
481,943990,240,11,62,370,17,65
482,944088,240,17,98,370,23,80
483,157683,240,21,56,370,41,67
485,944116,240,13,53,370,23,42
486,944116,240,13,53,370,27,57
487,157739,240,11,78,370,17,87
488,419973,240,13,88,370,33,90
489,288910,240,15,75,370,25,69
490,157976,240,1,67,370,13,76
491,158040,240,13,67,370,27,70
492,158128,240,27,70,370,41,66
493,158133,240,13,69,370,21,83
494,813779,240,13,85,370,17,86
495,551747,240,7,79,370,13,85
496,289655,240,13,68,370,23,69
497,551818,240,13,77,370,21,73
499,158753,240,17,74,370,31,50
500,289966,240,11,72,370,15,65
502,159051,240,9,81,370,21,73
503,814702,240,3,70,370,11,60
504,290499,240,17,76,370,23,77
505,945985,240,7,64,370,27,47
506,945985,240,7,64,370,31,83
507,945996,240,31,78,370,37,82
510,946112,240,9,80,370,15,94
511,946160,240,17,62,370,27,78
512,290808,240,17,75,370,23,62
513,684112,240,13,52,370,27,74
514,553068,240,27,69,370,41,71
515,684191,240,7,73,370,13,78
516,684225,240,17,66,370,31,72
517,159949,240,21,69,370,27,53
518,160205,240,17,66,370,31,61
519,160211,240,7,67,370,13,80
520,684587,240,7,81,370,13,73
521,815672,240,11,56,370,17,68
523,553777,240,13,88,370,23,90
524,553831,240,21,59,370,33,57
525,291758,240,21,64,370,27,60
526,947140,240,27,75,370,41,53
527,685019,240,3,62,370,13,73
528,685033,240,3,83,370,7,95
529,422983,240,17,81,370,23,83
531,160927,240,11,70,370,21,63
532,685254,240,17,74,370,31,84
533,947403,240,17,75,370,21,63
534,947423,240,31,90,370,43,88
536,685338,240,11,75,370,21,68
537,816449,240,9,78,370,21,79
538,947543,240,13,85,370,27,86
539,947692,240,11,66,370,17,73
540,947724,240,21,75,370,27,72
542,685662,240,7,61,370,13,42
543,685662,240,7,61,370,41,84
544,292516,240,27,70,370,37,53
546,161520,240,13,87,370,21,72
547,423722,240,15,57,370,21,69
548,685995,240,9,82,370,29,87
549,423917,240,21,45,370,23,67
551,423961,240,11,65,370,15,64
553,161887,240,17,90,370,23,59
554,424289,240,1,83,370,7,82
555,424300,240,17,68,370,37,59
556,948648,240,1,73,370,9,91
558,424473,240,21,80,370,33,79
559,948783,240,11,69,370,31,71
560,424529,240,9,76,370,15,75
561,686674,240,21,77,370,27,83
562,162450,240,17,85,370,31,80
564,162604,240,17,81,370,31,83
565,555885,240,1,55,370,7,45
566,555885,240,1,55,370,23,75
567,424866,240,17,77,370,23,78
568,818143,240,13,88,370,23,68
569,818164,240,17,76,370,23,75
570,949298,240,13,50,370,21,74
571,162883,240,17,65,370,31,74
572,818362,240,13,87,370,23,79
573,163053,240,11,83,370,31,74
574,687361,240,21,50,370,31,52
575,556331,240,9,82,370,19,90
576,294200,240,21,69,370,33,71
577,818549,240,21,55,370,33,67
578,425378,240,13,53,370,23,66
579,294591,240,9,54,370,25,52
580,556786,240,17,74,370,31,69
581,950086,240,1,76,370,13,76
582,163687,240,17,68,370,31,72
583,819070,240,13,63,370,23,55
585,425924,240,3,80,370,11,85
587,426025,240,21,75,370,33,50
588,426055,240,17,90,370,23,78
590,950563,240,21,70,370,33,69
591,819549,240,17,81,370,37,82
592,557475,240,1,61,370,7,62
593,295424,240,17,87,370,23,90
594,688654,240,11,62,370,13,72
595,164440,240,13,75,370,17,80
596,164514,240,13,77,370,17,84
597,819879,240,9,78,370,21,85
598,950975,240,13,69,370,21,67
599,820009,240,7,78,370,13,64
601,164726,240,27,64,370,33,50
603,689050,240,17,96,370,23,97
604,951256,240,21,86,370,27,88
605,689285,240,1,86,370,9,88
606,820372,240,11,62,370,17,77
607,427170,240,17,89,370,31,84
609,689339,240,9,64,370,21,77
610,427251,240,21,73,370,31,88
611,296334,240,17,59,370,31,77
612,165313,240,17,61,370,31,46
613,165313,240,17,61,370,37,77
614,165373,240,1,75,370,13,70
615,951816,240,15,84,370,29,83
616,165391,240,17,82,370,31,68
617,558618,240,21,76,370,27,70
620,820912,240,9,60,370,15,83
622,296695,240,17,79,370,31,81
623,821068,240,3,60,370,13,84
624,558977,240,1,72,370,9,80
626,427950,240,23,69,370,41,62
627,165826,240,21,86,370,35,69
628,428007,240,17,84,370,31,85
629,690183,240,15,57,370,17,55
630,166012,240,1,65,370,21,68
631,952494,240,7,72,370,11,75
633,559393,240,17,93,370,31,98
635,297285,240,17,71,370,31,65
636,821800,240,7,91,370,21,92
637,821809,240,1,65,370,13,73
638,952972,240,7,69,370,11,72
639,297685,240,17,81,370,31,73
640,166635,240,29,53,370,31,43
641,690974,240,13,66,370,31,54
642,822137,240,17,75,370,31,61
643,297917,240,13,99,370,27,95
644,429001,240,3,33,370,11,60
645,429001,240,7,65,370,11,60
646,822260,240,17,80,370,23,73
647,691350,240,21,52,370,33,47
648,691350,240,21,52,370,41,57
649,691359,240,7,69,370,27,63
650,298316,240,17,68,370,21,60
653,822670,240,9,79,370,15,85
654,691665,240,17,77,370,31,68
655,822820,240,1,57,370,11,69
656,429612,240,23,59,370,43,76
657,822875,240,11,73,370,13,78
658,298607,240,9,57,370,15,75
659,429712,240,17,77,370,31,65
660,954006,240,7,75,370,11,80
664,561100,240,29,57,370,35,64
665,561100,240,29,57,370,49,71
666,823350,240,11,77,370,23,83
667,692319,240,7,84,370,13,78
668,692363,240,21,72,370,27,73
669,954629,240,21,68,370,27,72
670,299287,240,21,70,370,41,66
672,954700,240,9,63,370,21,70
673,692679,240,3,69,370,13,82
674,299531,240,21,77,370,33,84
675,430643,240,13,87,370,27,75
676,823887,240,23,72,370,27,65
677,430725,240,15,86,370,29,90
678,693007,240,13,83,370,31,51
679,300174,240,3,72,370,11,73
680,169136,240,9,57,370,19,54
683,300369,240,13,63,370,27,74
684,562572,240,11,80,370,31,60
685,169401,240,17,72,370,23,62
686,693742,240,3,80,370,17,78
687,693823,240,17,93,370,37,97
688,824996,240,21,65,370,33,57
689,562886,240,21,83,370,33,79
690,694043,240,21,81,370,33,65
692,169772,240,21,85,370,27,83
693,956230,240,15,64,370,29,73
694,563080,240,21,43,370,31,57
695,563080,240,23,50,370,31,57
696,432010,240,17,86,370,31,82
697,169987,240,21,61,370,27,59
698,563252,240,11,84,370,23,60
700,563305,240,23,64,370,31,70
701,432265,240,17,71,370,23,80
702,694446,240,21,64,370,27,61
703,170256,240,7,87,370,11,85
704,170258,240,1,73,370,13,79
705,694658,240,21,67,370,29,59
706,432556,240,7,69,370,21,69
707,432621,240,1,79,370,9,71
708,694809,240,13,70,370,27,75
709,170527,240,13,91,370,27,84
710,825960,240,1,71,370,23,94
711,170677,240,21,69,370,41,69
712,432822,240,17,77,370,23,69
714,170728,240,13,69,370,37,64
715,170904,240,21,73,370,33,66
716,695597,240,1,89,370,13,84
717,433484,240,1,82,370,11,87
718,302482,240,1,75,370,21,76
720,957989,240,1,71,370,7,66
721,302788,240,7,81,370,27,62
722,564970,240,21,79,370,27,90
723,958197,240,17,83,370,37,80
724,958344,240,17,85,370,23,88
725,434075,240,1,80,370,7,85
726,565332,240,19,65,370,21,70
727,434487,240,17,80,370,31,67
728,827715,240,21,79,370,33,75
729,827970,240,21,85,370,23,100
730,828144,240,17,77,370,31,85
731,303880,240,1,83,370,7,88
732,828202,240,15,67,370,19,80
733,303936,240,1,71,370,13,55
735,304120,240,13,66,370,21,56
737,697577,240,17,91,370,23,92
739,304558,240,21,71,370,27,82
740,959934,240,21,72,370,41,72
741,304578,240,7,66,370,13,68
742,959940,240,17,60,370,31,64
743,435703,240,17,86,370,31,90
744,697896,240,17,89,370,23,70
745,828971,240,21,69,370,33,71
746,566862,240,3,78,370,13,84
748,173740,240,21,53,370,29,76
749,304838,240,11,75,370,17,73
750,305072,240,13,97,370,27,99
751,305087,240,17,57,370,31,70
753,829762,240,9,79,370,19,62
754,567658,240,17,41,370,23,73
756,829866,240,17,82,370,23,76
757,567813,240,13,54,370,21,82
758,830000,240,7,69,370,13,71
759,436839,240,17,62,370,23,64
761,305970,240,17,81,370,31,87
762,961343,240,9,66,370,15,78
763,699303,240,17,91,370,21,84
764,699310,240,27,90,370,43,70
765,306136,240,1,79,370,21,57
766,175111,240,17,65,370,21,73
769,961568,240,21,34,370,41,61
770,961568,240,23,73,370,41,61
772,961782,240,23,52,370,31,51
774,830783,240,23,75,370,33,61
775,437619,240,17,83,370,31,86
776,568698,240,11,78,370,25,86
777,175488,240,27,57,370,43,47
778,961965,240,17,69,370,21,80
779,175584,240,7,71,370,13,79
780,437764,240,21,65,370,27,74
781,437785,240,21,80,370,27,90
782,175686,240,17,85,370,41,87
783,306840,240,17,55,370,23,57
785,306962,240,17,73,370,31,78
786,175970,240,11,71,370,17,80
787,962421,240,9,76,370,15,74
789,700539,240,5,73,370,11,80
790,438427,240,21,65,370,33,43
791,438427,240,21,65,370,41,73
792,700582,240,11,62,370,23,69
793,831705,240,13,65,370,33,50
794,831735,240,9,64,370,15,75
795,569621,240,23,82,370,27,79
796,963029,240,9,78,370,29,88
797,569944,240,15,77,370,21,75
798,832180,240,13,79,370,23,82
799,307903,240,21,55,370,41,75
801,832340,240,21,66,370,27,72
802,963412,240,7,68,370,13,69
803,963543,240,1,73,370,13,72
804,439308,240,17,62,370,21,69
805,177270,240,17,75,370,31,84
806,177303,240,7,81,370,13,85
807,963760,240,21,67,370,33,68
808,308503,240,1,73,370,7,67
809,177445,240,13,77,370,17,62
810,308855,240,21,87,370,41,77
812,308859,240,11,55,370,23,67
814,833210,240,7,66,370,21,84
815,702161,240,17,57,370,31,74
816,702201,240,7,69,370,13,78
817,309029,240,17,81,370,31,68
818,440275,240,1,75,370,13,71
819,833590,240,31,45,370,37,50
821,702533,240,17,54,370,31,64
822,178264,240,13,80,370,21,75
823,178415,240,21,71,370,27,87
825,964997,240,13,61,370,21,74
826,702855,240,21,89,370,27,87
827,178609,240,21,54,370,25,62
828,178728,240,1,83,370,13,73
829,440941,240,3,84,370,13,71
830,309996,240,9,61,370,15,75
831,572231,240,9,90,370,21,93
832,965848,240,17,86,370,31,84
833,703751,240,21,65,370,41,71
834,310609,240,11,85,370,19,71
835,441836,240,21,75,370,33,71
836,966157,240,19,60,370,25,74
838,180024,240,21,79,370,27,79
839,835449,240,21,77,370,23,75
841,442324,240,21,53,370,37,78
842,442324,240,33,82,370,37,78
843,835564,240,21,68,370,31,83
844,966693,240,13,71,370,21,66
845,442466,240,15,68,370,29,60
847,704831,240,21,64,370,27,80
848,180559,240,17,46,370,31,70
849,180559,240,21,65,370,31,70
850,573779,240,15,52,370,19,79
851,180625,240,13,87,370,21,91
852,311798,240,13,86,370,21,88
853,311842,240,7,71,370,21,65
854,442954,240,1,74,370,11,66
855,574051,240,9,69,370,19,82
856,967409,240,21,62,370,33,65
857,967473,240,1,87,370,13,77
858,967500,240,43,60,370,47,67
859,705377,240,15,93,370,45,91
860,312164,240,11,77,370,17,81
861,967564,240,1,70,370,21,57
862,181332,240,21,67,370,27,69
865,705758,240,13,81,370,23,83
866,574721,240,11,51,370,19,68
867,443657,240,13,56,370,23,63
869,968187,240,21,59,370,27,65
870,181758,240,1,63,370,15,60
871,181761,240,33,62,370,37,60
872,837135,240,21,68,370,31,91
874,313006,240,13,74,370,27,82
875,837314,240,17,50,370,23,65
876,837331,240,13,50,370,27,60
877,313105,240,21,61,370,31,76
879,575590,240,1,86,370,9,85
880,575695,240,17,71,370,23,78
881,313567,240,7,74,370,21,75
883,313726,240,7,61,370,13,57
884,313781,240,17,93,370,23,90
885,838142,240,17,84,370,31,89
886,838344,240,11,75,370,17,73
887,445327,240,1,72,370,7,35
888,445327,240,1,72,370,21,62
889,445345,240,1,93,370,21,91
890,445380,240,21,80,370,33,56
891,445431,240,17,88,370,31,93
893,707629,240,21,76,370,41,68
894,314716,240,7,71,370,13,90
895,445790,240,17,56,370,31,71
896,445827,240,7,68,370,13,66
897,445831,240,7,77,370,13,79
899,970283,240,17,50,370,31,75
900,315048,240,17,75,370,27,71
901,577330,240,17,67,370,31,71
902,970589,240,7,80,370,13,77
903,446304,240,1,61,370,21,39
904,446304,240,1,61,370,23,66
905,446423,240,21,55,370,41,58
906,446440,240,17,72,370,23,75
907,970736,240,21,70,370,27,86
908,184336,240,21,64,370,33,79
909,577553,240,17,84,370,23,65
910,577555,240,21,92,370,33,88
913,577594,240,21,68,370,27,75
914,577618,240,15,64,370,21,70
915,315523,240,21,50,370,33,50
916,315523,240,23,72,370,33,50
917,184522,240,17,84,370,23,85
918,315884,240,11,51,370,21,58
919,971247,240,21,68,370,27,82
921,709140,240,21,54,370,27,68
922,971321,240,23,50,370,31,58
923,316009,240,7,58,370,17,70
926,447139,240,21,82,370,41,89
927,971438,240,17,67,370,21,66
928,578277,240,21,59,370,27,50
929,185080,240,21,76,370,41,50
930,709403,240,13,76,370,17,80
933,447575,240,11,72,370,17,81
934,316681,240,17,60,370,31,55
935,185693,240,17,68,370,31,68
936,316925,240,1,65,370,11,61
937,185885,240,11,71,370,15,70
938,841260,240,21,86,370,31,82
939,972337,240,21,80,370,27,88
940,317022,240,7,72,370,21,78
941,317057,240,13,57,370,23,78
942,186041,240,21,71,370,33,76
943,841534,240,27,71,370,33,92
944,841605,240,27,72,370,33,60
945,579481,240,13,61,370,21,64
946,186283,240,1,86,370,9,91
947,317376,240,7,67,370,11,88
948,972785,240,11,82,370,17,91
949,448504,240,9,76,370,15,74
951,448579,240,13,88,370,41,94
954,448596,240,7,78,370,21,87
955,317560,240,21,85,370,27,86
956,317770,240,17,74,370,31,80
957,448964,240,13,70,370,21,61
958,973262,240,5,72,370,11,78
961,449201,240,13,84,370,21,88
962,973582,240,13,51,370,21,47
963,973582,240,13,51,370,23,55
965,187203,240,13,73,370,37,78
966,580428,240,21,67,370,33,76
967,842640,240,1,70,370,7,60
968,580539,240,17,89,370,23,87
969,973827,240,21,67,370,33,70
970,449627,240,13,74,370,17,90
971,842889,240,17,63,370,31,68
973,449767,240,13,71,370,21,82
977,187751,240,17,87,370,23,77
978,187777,240,7,91,370,13,87
979,580993,240,17,71,370,23,47
980,580993,240,17,71,370,31,87
981,712086,240,3,78,370,11,90
982,843205,240,17,75,370,31,69
983,318925,240,1,79,370,13,84
984,450108,240,17,86,370,23,78
985,712295,240,1,82,370,9,74
986,319082,240,17,62,370,23,60
988,712389,240,7,63,370,21,74
989,581318,240,9,79,370,15,90
990,450405,240,21,80,370,33,79
991,450477,240,17,65,370,37,68
992,974916,240,17,73,370,21,72
993,712795,240,21,57,370,33,47
994,712795,240,21,57,370,43,67
995,974948,240,7,67,370,21,74
996,974987,240,1,69,370,11,71
997,712859,240,9,67,370,15,69
1000,712979,240,1,83,370,21,75
1001,581912,240,11,81,370,15,82
1002,581981,240,1,72,370,13,82
1003,975230,240,21,82,370,33,83
1004,975355,240,17,56,370,31,77
1005,189009,240,13,77,370,33,80
1006,320136,240,7,67,370,13,86
1008,189292,240,1,76,370,13,71
1009,975729,240,1,64,370,19,54
1010,844796,240,21,71,370,31,72
1011,713842,240,1,70,370,13,79
1012,189561,240,1,73,370,9,83
1013,713858,240,17,53,370,41,75
1014,713905,240,11,64,370,31,80
1015,320713,240,7,93,370,13,95
1016,189719,240,17,72,370,31,65
1017,714011,240,11,66,370,17,71
1018,582947,240,11,77,370,17,88
1021,189867,240,27,75,370,33,47
1022,189867,240,27,75,370,51,76
1023,845250,240,17,66,370,31,80
1024,714194,240,33,73,370,43,61
1026,845389,240,1,87,370,15,90
1028,583552,240,17,78,370,31,79
1029,714635,240,9,79,370,29,86
1030,976874,240,3,61,370,11,72
1031,845864,240,1,78,370,7,87
1032,976944,240,11,67,370,13,66
1033,976970,240,33,68,370,51,78
1034,190900,240,13,74,370,23,82
1035,977405,240,17,74,370,27,67
1036,584199,240,11,76,370,21,64
1037,322056,240,3,90,370,21,93
1039,846387,240,11,76,370,23,84
1040,584309,240,11,64,370,33,83
1042,191192,240,7,71,370,21,76
1043,453383,240,13,79,370,23,72
1044,977723,240,11,73,370,17,81
1045,322383,240,13,84,370,31,86
1046,846692,240,11,62,370,23,61
1047,584571,240,13,86,370,21,83
1048,584625,240,27,66,370,41,58
1049,322491,240,17,71,370,31,64
1050,846838,240,1,74,370,7,68
1053,453710,240,21,81,370,33,86
1054,322683,240,19,50,370,21,50
1055,716110,240,1,76,370,13,77
1056,978306,240,7,77,370,27,62
1057,978326,240,1,96,370,13,91
1058,716203,240,21,77,370,33,64
1059,716353,240,21,75,370,27,78
1061,192215,240,17,69,370,23,66
1062,454387,240,1,91,370,7,71
1063,192279,240,9,69,370,15,72
1064,323398,240,9,66,370,15,73
1065,847754,240,21,84,370,43,95
1067,978876,240,21,82,370,27,82
1068,323602,240,15,57,370,21,83
1069,192570,240,1,67,370,13,59
1070,192645,240,9,63,370,19,70
1071,454974,240,1,68,370,7,62
1073,848348,240,21,88,370,33,92
1077,848494,240,7,58,370,23,45
1078,848494,240,7,58,370,31,64
1079,586388,240,7,69,370,13,72
1080,717507,240,15,93,370,41,82
1081,979691,240,11,67,370,13,88
1082,717587,240,17,65,370,31,60
1083,586709,240,13,94,370,21,96
1084,848930,240,27,69,370,33,70
1085,455753,240,1,75,370,5,65
1086,193702,240,15,77,370,21,68
1087,980169,240,7,70,370,13,68
1088,324824,240,21,71,370,27,78
1089,586994,240,11,76,370,21,84
1090,324856,240,17,67,370,31,77
1091,324920,240,17,57,370,31,66
1092,849449,240,23,71,370,31,82
1093,456259,240,7,60,370,13,57
1094,456290,240,1,69,370,7,65
1095,718511,240,7,82,370,21,81
1096,849641,240,21,77,370,27,83
1097,587536,240,1,68,370,7,72
1098,980792,240,17,75,370,37,87
1099,325448,240,21,69,370,33,71
1100,980878,240,3,54,370,17,69
1101,456597,240,1,61,370,21,70
1102,587764,240,23,54,370,37,74
1103,587957,240,23,66,370,43,74
1105,456955,240,21,62,370,27,62
1106,325900,240,11,57,370,17,68
1107,456977,240,13,72,370,27,50
1108,456981,240,17,87,370,31,87
1109,719326,240,11,68,370,23,70
1110,850492,240,9,77,370,21,68
1111,457322,240,17,86,370,31,82
1113,457784,240,9,63,370,15,66
1115,719980,240,19,80,370,25,80
1116,982135,240,1,73,370,7,62
1117,982159,240,17,60,370,31,57
1118,982173,240,9,68,370,21,70
1119,851119,240,9,74,370,15,65
1120,851141,240,21,56,370,33,57
1121,982373,240,1,72,370,7,74
1122,589263,240,21,68,370,33,72
1123,196125,240,41,51,370,47,62
1124,196135,240,13,81,370,21,87
1125,982580,240,1,78,370,7,75
1126,196170,240,21,60,370,27,81
1127,458364,240,27,83,370,41,58
1129,983146,240,21,78,370,41,70
1130,589943,240,21,70,370,27,69
1131,589976,240,17,87,370,31,83
1132,327843,240,7,61,370,13,67
1133,721141,240,21,67,370,33,77
1134,327978,240,11,72,370,21,80
1135,983391,240,1,60,370,13,64
1137,328052,240,1,59,370,13,68
1138,721302,240,11,66,370,21,61
1139,328123,240,17,82,370,23,76
1140,983567,240,11,87,370,21,86
1141,197205,240,13,73,370,27,78
1142,459420,240,7,69,370,13,85
1143,459539,240,13,64,370,43,64
1144,328498,240,29,61,370,35,64
1145,983879,240,17,54,370,31,57
1146,197566,240,7,63,370,21,52
1147,459945,240,21,61,370,29,54
1148,853165,240,11,39,370,57,59
1149,853165,240,17,69,370,57,59
1150,591043,240,11,66,370,17,82
1151,853309,240,1,58,370,9,72
1152,460134,240,7,68,370,21,74
1153,460210,240,15,71,370,19,80
1154,984759,240,21,73,370,41,69
1155,853796,240,13,87,370,23,81
1156,854095,240,21,56,370,27,86
1157,198769,240,15,60,370,19,67
1159,854157,240,13,68,370,21,74
1160,723192,240,1,79,370,9,87
1161,461072,240,11,83,370,17,82
1162,330040,240,17,75,370,31,74
1163,330046,240,21,73,370,41,85
1164,723294,240,7,75,370,21,77
1165,592238,240,21,81,370,23,84
1167,330264,240,1,71,370,7,82
1168,854705,240,17,82,370,23,64
1169,723806,240,21,62,370,41,62
1170,461704,240,17,80,370,23,85
1171,330648,240,7,78,370,21,82
1172,592822,240,13,79,370,21,91
1173,854990,240,9,81,370,21,72
1174,199636,240,1,76,370,9,71
1175,986152,240,13,78,370,33,68
1176,986211,240,17,77,370,31,67
1177,986213,240,3,86,370,11,90
1178,855212,240,1,71,370,21,80
1180,855333,240,19,69,370,31,74
1181,986434,240,11,77,370,17,80
1182,462158,240,7,72,370,17,70
1183,855390,240,7,70,370,21,76
1184,724341,240,13,61,370,27,72
1186,986672,240,21,82,370,33,90
1187,462530,240,3,59,370,13,73
1188,724718,240,3,72,370,7,60
1190,200458,240,7,63,370,13,75
1191,331557,240,13,82,370,21,74
1192,855932,240,13,70,370,23,74
1193,462790,240,1,77,370,7,81
1194,331770,240,21,84,370,27,54
1195,331810,240,21,79,370,41,85
1196,200837,240,17,70,370,23,70
1197,725315,240,27,72,370,47,84
1198,594248,240,1,62,370,13,70
1199,201045,240,11,73,370,13,65
1200,987479,240,21,68,370,23,74
1202,332142,240,21,76,370,33,73
1203,463242,240,21,77,370,33,75
1204,594389,240,1,64,370,9,80
1205,725474,240,13,82,370,51,69
1206,463388,240,31,84,370,37,87
1207,725587,240,1,58,370,7,75
1208,332385,240,21,76,370,37,88
1210,987777,240,13,73,370,21,75
1211,725641,240,7,86,370,21,88
1212,332541,240,1,82,370,7,86
1213,463624,240,21,81,370,27,86
1214,594720,240,21,73,370,33,67
1215,463651,240,11,81,370,33,87
1216,725975,240,1,92,370,21,91
1217,857058,240,17,53,370,21,79
1218,463990,240,13,68,370,31,68
1219,988309,240,7,88,370,13,94
1220,595112,240,7,73,370,13,73
1221,726322,240,7,77,370,21,72
1223,595358,240,11,64,370,21,78
1225,464418,240,1,69,370,13,71
1226,202284,240,1,72,370,9,71
1227,988805,240,17,65,370,31,74
1229,464627,240,1,77,370,7,84
1230,595834,240,17,77,370,23,71
1231,726915,240,21,68,370,29,79
1232,595921,240,11,55,370,17,73
1233,989166,240,21,81,370,33,60
1234,595955,240,21,52,370,27,36
1235,595955,240,21,52,370,33,66
1236,333837,240,17,52,370,23,66
1237,333878,240,13,84,370,23,80
1238,727097,240,17,88,370,43,86
1239,464999,240,9,73,370,15,80
1240,858225,240,1,61,370,9,80
1241,596137,240,1,69,370,15,71
1242,596203,240,17,70,370,23,64
1244,465152,240,7,64,370,13,65
1245,465175,240,11,84,370,21,76
1247,596380,240,9,67,370,29,74
1248,858555,240,17,83,370,31,69
1249,858664,240,21,50,370,33,50
1250,858707,240,13,55,370,21,67
1251,465896,240,7,68,370,11,73
1252,990194,240,7,82,370,17,83
1253,990337,240,21,81,370,27,88
1254,859304,240,17,72,370,23,66
1255,728256,240,9,69,370,21,79
1256,728283,240,7,65,370,13,44
1257,728283,240,7,65,370,17,68
1258,204078,240,13,74,370,21,78
1260,859699,240,19,50,370,29,78
1261,335416,240,1,75,370,13,73
1263,859930,240,7,73,370,13,76
1264,728898,240,17,86,370,23,73
1265,991087,240,11,78,370,19,58
1266,204674,240,23,67,370,41,66
1267,991243,240,13,74,370,23,69
1268,991303,240,1,57,370,11,83
1270,205043,240,17,60,370,23,64
1271,860468,240,21,84,370,33,94
1272,467327,240,1,65,370,21,44
1273,467327,240,1,65,370,23,77
1274,598481,240,21,73,370,27,52
1275,991857,240,13,84,370,21,54
1277,860920,240,23,74,370,41,63
1278,467787,240,17,92,370,23,91
1279,730056,240,21,73,370,33,75
1280,861190,240,7,57,370,13,54
1281,730151,240,21,81,370,33,66
1282,336963,240,9,77,370,15,69
1283,336966,240,1,63,370,11,70
1284,337130,240,13,87,370,23,71
1285,599298,240,21,79,370,27,82
1286,861511,240,1,78,370,15,71
1287,992766,240,21,63,370,33,54
1288,337524,240,1,72,370,7,78
1289,468600,240,9,80,370,19,73
1290,206528,240,11,81,370,17,83
1291,599796,240,1,75,370,7,80
1292,468781,240,21,84,370,27,77
1293,731009,240,9,86,370,29,87
1294,206730,240,13,80,370,21,81
1295,206799,240,21,57,370,27,77
1296,468945,240,17,76,370,37,81
1297,337892,240,15,76,370,21,82
1298,731136,240,21,69,370,27,45
1299,731136,240,21,69,370,33,60
1300,337955,240,1,87,370,13,78
1301,731229,240,21,62,370,27,66
1302,862319,240,9,70,370,21,67
1303,206966,240,11,65,370,37,77
1304,206978,240,13,82,370,27,91
1305,600205,240,17,64,370,21,78
1307,206996,240,11,85,370,15,77
1309,731472,240,1,85,370,7,86
1310,338314,240,17,77,370,37,71
1311,731538,240,1,67,370,7,40
1312,731538,240,1,67,370,27,74
1314,862759,240,17,84,370,31,95
1316,469609,240,7,81,370,13,89
1317,600719,240,7,78,370,21,83
1318,993946,240,13,95,370,21,86
1319,600744,240,17,74,370,31,68
1320,994105,240,21,81,370,27,82
1321,207735,240,13,92,370,33,86
1323,863151,240,21,62,370,33,81
1324,207804,240,17,69,370,27,66
1325,732162,240,7,83,370,27,77
1327,470151,240,1,56,370,11,71
1328,994504,240,17,90,370,23,94
1329,601356,240,23,67,370,37,74
1330,732693,240,21,89,370,27,85
1331,470742,240,13,61,370,27,61
1332,601961,240,9,73,370,29,77
1333,208770,240,1,92,370,7,91
1334,733072,240,17,86,370,23,80
1335,470978,240,3,71,370,7,74
1336,995289,240,1,88,370,13,93
1337,995406,240,17,80,370,31,82
1338,602193,240,21,74,370,33,67
1340,995654,240,11,60,370,21,65
1341,864692,240,7,76,370,13,73
1343,733831,240,17,70,370,23,63
1345,602838,240,7,76,370,17,72
1346,209846,240,13,64,370,31,68
1347,865304,240,1,78,370,7,90
1348,603374,240,21,50,370,41,65
1349,341241,240,13,72,370,17,74
1350,734472,240,27,60,370,31,50
1351,472339,240,21,67,370,27,71
1353,865618,240,11,73,370,27,80
1354,865666,240,1,62,370,7,58
1356,996767,240,13,67,370,17,51
1357,341410,240,13,74,370,23,80
1359,210526,240,21,65,370,27,54
1360,210543,240,17,57,370,31,67
1361,603786,240,13,62,370,33,71
1362,210593,240,17,76,370,31,73
1363,603848,240,7,73,370,13,84
1364,210747,240,21,93,370,27,83
1365,866120,240,7,64,370,21,59
1367,604300,240,23,63,370,31,57
1368,604348,240,9,83,370,29,86
1369,342216,240,9,74,370,15,77
1371,473457,240,23,67,370,31,65
1372,604538,240,21,52,370,33,40
1373,604538,240,21,52,370,47,85
1374,211389,240,1,72,370,15,70
1375,735831,240,17,54,370,37,60
1376,604831,240,7,60,370,37,71
1378,342945,240,1,87,370,7,84
1379,343076,240,21,57,370,27,79
1381,343120,240,7,62,370,21,53
1383,605447,240,25,67,370,35,75
1384,212338,240,13,61,370,31,70
1385,998861,240,11,62,370,25,55
1386,867813,240,7,76,370,21,68
1387,998904,240,7,72,370,21,71
1388,999029,240,13,77,370,23,86
1389,605820,240,1,91,370,17,96
1390,736895,240,17,61,370,37,68
1391,474754,240,21,76,370,33,77
1392,736900,240,21,71,370,33,60
1393,736998,240,17,82,370,21,84
1394,212921,240,5,66,370,19,72
1395,475101,240,27,59,370,33,73
1396,344060,240,17,60,370,51,64
1397,213015,240,7,74,370,13,73
1401,475271,240,11,93,370,23,94
1402,475295,240,13,81,370,23,70
1403,213192,240,17,85,370,31,81
1404,868628,240,3,80,370,13,75
1405,868628,240,3,80,370,23,76
1406,868666,240,31,66,370,37,71
1408,868790,240,1,85,370,11,80
1409,737879,240,11,81,370,31,95
1410,475829,240,17,67,370,23,73
1411,475963,240,21,88,370,41,80
1412,738198,240,21,73,370,31,84
1413,738234,240,21,73,370,41,86
1414,738241,240,17,82,370,31,78
1417,476353,240,21,78,370,33,75
1418,214339,240,9,57,370,15,58
1419,607575,240,11,77,370,23,85
1421,476535,240,13,71,370,21,69
1422,476552,240,17,88,370,33,68
1423,476637,240,21,61,370,27,82
1424,345603,240,23,66,370,37,78
1425,607778,240,3,86,370,7,96
1426,345811,240,17,82,370,31,68
1427,870223,240,21,75,370,33,82
1428,345971,240,17,79,370,31,81
1429,214974,240,21,58,370,27,69
1430,739278,240,3,78,370,11,77
1432,215168,240,13,92,370,21,89
1433,215186,240,21,84,370,27,80
1434,739497,240,17,50,370,23,62
1435,739505,240,21,61,370,33,64
1436,215233,240,17,84,370,31,80
1437,477636,240,13,67,370,17,56
1438,346601,240,21,66,370,33,67
1439,871139,240,7,83,370,13,89
1440,346876,240,17,62,370,23,65
1441,215857,240,7,70,370,13,84
1442,478067,240,21,73,370,41,81
1444,347233,240,17,64,370,23,78
1445,871591,240,17,74,370,31,88
1446,871671,240,15,38,370,19,53
1448,347473,240,21,75,370,41,71
1449,609737,240,11,66,370,23,62
1450,478705,240,3,72,370,7,75
1451,478731,240,1,81,370,7,75
1454,741084,240,21,70,370,33,66
1455,347905,240,3,59,370,21,75
1456,872245,240,1,81,370,11,83
1457,741313,240,9,78,370,21,76
1458,741351,240,17,72,370,31,87
1459,217088,240,23,68,370,27,65
1460,348184,240,23,76,370,37,83
1462,872813,240,1,74,370,7,86
1463,479916,240,11,80,370,17,86
1464,348979,240,17,45,370,41,74
1465,348979,240,23,54,370,41,74
1466,348993,240,17,89,370,31,80
1467,348995,240,17,75,370,31,81
1468,611330,240,17,76,370,31,87
1470,218335,240,7,79,370,27,73
1471,349591,240,7,72,370,21,71
1472,873948,240,7,64,370,27,70
1473,349725,240,7,50,370,17,40
1474,349725,240,7,50,370,21,43
1477,743057,240,17,68,370,37,75
1479,481096,240,21,79,370,33,74
1480,743295,240,27,72,370,33,67
1481,481224,240,7,63,370,21,64
1483,612404,240,3,69,370,11,78
1484,219195,240,1,61,370,13,65
1485,350328,240,27,71,370,43,79
1486,219373,240,7,70,370,11,76
1487,219457,240,17,55,370,23,68
1490,744019,240,13,87,370,21,87
1491,481876,240,21,85,370,27,80
1492,219758,240,11,59,370,13,67
1493,481904,240,13,43,370,37,43
1494,481904,240,13,43,370,43,56
1495,481904,240,21,62,370,37,43
1496,481904,240,21,62,370,43,56
1497,219874,240,11,82,370,21,78
1498,350973,240,7,72,370,17,76
1500,613828,240,17,64,370,23,62
1501,351725,240,21,89,370,31,91
1502,220703,240,3,64,370,11,82
1503,351790,240,1,66,370,7,79
1504,220720,240,13,90,370,47,97
1505,613958,240,11,58,370,17,68
1506,613961,240,7,82,370,13,82
1507,482890,240,11,65,370,17,70
1508,351962,240,17,95,370,31,94
1510,352096,240,7,69,370,27,77
1511,483181,240,13,68,370,21,82
1512,352137,240,9,69,370,15,64
1513,876448,240,7,87,370,27,92
1514,876498,240,21,65,370,33,65
1515,614383,240,17,81,370,31,75
1516,483364,240,17,72,370,21,43
1517,483364,240,17,72,370,31,70
1518,221274,240,9,79,370,15,74
1519,352470,240,7,81,370,13,82
1521,877331,240,11,69,370,17,77
1522,746323,240,15,63,370,35,63
1523,484317,240,13,75,370,21,83
1524,615617,240,17,72,370,31,64
1525,484692,240,9,75,370,21,77
1527,222612,240,13,77,370,21,79
1528,353699,240,17,81,370,37,90
1529,353817,240,17,69,370,37,79
1531,222861,240,17,83,370,31,81
1532,878423,240,11,64,370,23,78
1533,616318,240,11,57,370,21,74
1534,223242,240,21,67,370,33,63
1535,354374,240,31,63,370,41,70
1536,747635,240,9,80,370,29,86
1537,747686,240,21,70,370,33,50
1538,616836,240,21,65,370,27,86
1539,616845,240,17,81,370,31,66
1540,616953,240,21,51,370,33,66
1541,223825,240,13,70,370,21,80
1542,354939,240,1,60,370,17,65
1543,748196,240,7,66,370,11,76
1544,223923,240,1,69,370,25,72
1545,879301,240,13,89,370,27,85
1547,486118,240,23,86,370,31,82
1549,224233,240,1,72,370,7,76
1550,355306,240,17,55,370,27,72
1551,224284,240,21,72,370,33,16
1552,224284,240,21,72,370,47,69
1553,224408,240,21,67,370,41,52
1554,355480,240,21,71,370,33,98
1555,748738,240,1,63,370,23,73
1556,224540,240,13,64,370,17,58
1557,486792,240,17,76,370,31,90
1558,486892,240,17,59,370,31,61
1559,355843,240,15,98,370,29,97
1561,224963,240,21,58,370,23,57
1562,749303,240,17,71,370,23,56
1563,749370,240,17,76,370,31,73
1564,487313,240,21,71,370,23,80
1565,618429,240,17,58,370,23,50
1567,225543,240,25,80,370,31,72
1568,880921,240,7,62,370,27,66
1570,619201,240,17,70,370,21,68
1571,619241,240,13,62,370,27,86
1572,357098,240,7,75,370,27,75
1573,881437,240,11,73,370,23,84
1574,488286,240,17,76,370,31,81
1576,226187,240,27,60,370,41,70
1577,226323,240,7,87,370,23,82
1578,881730,240,11,79,370,23,60
1579,881832,240,31,64,370,37,63
1580,488646,240,9,83,370,21,85
1581,226648,240,11,65,370,13,63
1582,488815,240,31,60,370,37,70
1583,619897,240,27,69,370,41,80
1585,751003,240,21,74,370,33,67
1586,488886,240,19,66,370,25,78
1587,489068,240,21,76,370,27,86
1588,489094,240,1,66,370,13,87
1589,358154,240,1,64,370,19,31
1590,358154,240,1,64,370,69,70
1591,882555,240,17,71,370,37,81
1592,882563,240,1,85,370,7,84
1593,620429,240,9,87,370,21,96
1594,882605,240,1,62,370,7,73
1595,620507,240,21,53,370,33,59
1596,358392,240,15,67,370,21,55
1597,751616,240,11,75,370,23,76
1598,358439,240,21,84,370,41,73
1599,358597,240,21,84,370,27,77
1600,489837,240,21,75,370,27,69
1601,227710,240,3,59,370,11,77
1602,227921,240,1,65,370,7,62
1603,227964,240,17,80,370,27,79
1605,228065,240,17,69,370,31,82
1606,359156,240,11,79,370,31,87
1607,359163,240,21,76,370,27,50
1608,490343,240,17,86,370,37,81
1609,490394,240,21,72,370,33,68
1610,228343,240,13,75,370,27,61
1611,752642,240,21,71,370,27,81
1612,359475,240,17,67,370,37,70
1613,621636,240,13,82,370,21,82
1614,752744,240,1,65,370,15,74
1615,883885,240,11,62,370,31,31
1616,228641,240,21,71,370,31,64
1617,753021,240,19,72,370,25,71
1620,229007,240,17,63,370,31,63
1621,360153,240,17,76,370,31,77
1622,884453,240,9,59,370,29,81
1627,229325,240,21,81,370,27,76
1628,229365,240,21,66,370,27,78
1631,884848,240,9,76,370,29,78
1632,491648,240,13,78,370,33,68
1633,360593,240,13,60,370,23,77
1634,622740,240,11,41,370,21,71
1635,622740,240,17,71,370,21,71
1636,885022,240,17,53,370,31,75
1637,491811,240,1,59,370,17,78
1639,229755,240,17,83,370,31,90
1640,622976,240,27,60,370,41,61
1641,623146,240,15,62,370,21,66
1642,754281,240,1,76,370,15,77
1644,623395,240,5,74,370,15,61
1645,885592,240,17,76,370,31,67
1646,230295,240,15,78,370,21,84
1647,885705,240,11,62,370,13,72
1648,361513,240,11,85,370,21,80
1649,230455,240,13,62,370,17,57
1650,230485,240,7,70,370,13,74
1653,230760,240,21,72,370,23,82
1654,624168,240,3,80,370,7,78
1656,493125,240,17,81,370,37,85
1657,231018,240,19,56,370,25,67
1658,493191,240,21,71,370,27,72
1659,755336,240,13,83,370,27,73
1660,231057,240,15,65,370,29,56
1662,231120,240,13,57,370,23,65
1663,362218,240,17,53,370,31,73
1664,100134,240,21,68,370,27,82
1665,755603,240,21,72,370,27,79
1666,755625,240,9,62,370,25,61
1667,886834,240,17,59,370,31,80
1668,755798,240,7,83,370,13,78
1669,624733,240,1,89,370,13,81
1670,231534,240,21,72,370,27,90
1672,100485,240,17,78,370,21,78
1673,362726,240,7,65,370,13,74
1674,100728,240,13,72,370,31,64
1675,362948,240,21,80,370,33,84
1677,756232,240,11,81,370,17,90
1678,232022,240,17,69,370,23,80
1679,887441,240,21,66,370,41,58
1680,494381,240,1,50,370,7,66
1681,887666,240,13,94,370,21,94
1682,494474,240,9,68,370,15,57
1683,363423,240,17,80,370,23,74
1684,101324,240,17,59,370,23,82
1685,494550,240,1,84,370,13,79
1686,363490,240,7,88,370,13,90
1687,887798,240,17,78,370,31,81
1690,232575,240,1,67,370,7,59
1691,756932,240,11,76,370,21,67
1696,757369,240,17,70,370,31,80
1698,626309,240,1,80,370,7,83
1699,626370,240,17,84,370,23,80
1700,233392,240,15,89,370,21,86
1701,757882,240,23,70,370,37,84
1702,233645,240,3,76,370,7,68
1704,364752,240,21,66,370,23,55
1705,102745,240,11,71,370,23,59
1707,496069,240,13,62,370,17,57
1708,627180,240,19,64,370,21,70
1709,365043,240,9,73,370,21,73
1710,365228,240,9,83,370,29,82
1711,234236,240,13,69,370,27,74
1712,234345,240,15,67,370,25,80
1713,758715,240,3,81,370,13,70
1714,366018,240,21,53,370,27,80
1715,890356,240,1,50,370,13,74
1716,628260,240,13,79,370,23,63
1717,890406,240,13,63,370,21,65
1718,890548,240,21,80,370,33,83
1720,497362,240,21,75,370,27,75
1721,628449,240,7,74,370,21,76
1722,104345,240,17,91,370,41,76
1723,366501,240,9,81,370,29,71
1724,497575,240,1,72,370,13,72
1725,235559,240,9,70,370,21,51
1726,628781,240,17,73,370,23,83
1727,628806,240,21,86,370,27,84
1728,366669,240,1,63,370,7,40
1729,366669,240,1,63,370,17,56
1731,760026,240,1,67,370,7,64
1732,628979,240,13,65,370,23,60
1733,104696,240,7,70,370,13,78
1734,366964,240,9,57,370,15,84
1735,498116,240,11,76,370,17,80
1736,891420,240,13,76,370,21,77
1737,629282,240,13,77,370,23,78
1738,105233,240,21,70,370,33,81
1739,629566,240,11,73,370,23,80
1740,760788,240,1,70,370,13,69
1742,629817,240,1,63,370,3,68
1743,367687,240,11,66,370,17,41
1744,367687,240,11,66,370,31,72
1745,367763,240,13,81,370,33,71
1746,892060,240,21,80,370,41,82
1747,367784,240,21,53,370,33,66
1749,236858,240,17,87,370,27,85
1750,499055,240,27,62,370,33,61
1751,236947,240,11,66,370,23,72
1752,368144,240,13,85,370,21,85
1753,237098,240,3,62,370,13,75
1754,368181,240,17,67,370,21,69
1755,499277,240,17,73,370,31,61
1756,499434,240,21,85,370,33,66
1758,892934,240,21,65,370,43,72
1759,237627,240,27,57,370,37,88
1760,630959,240,9,65,370,15,66
1761,500063,240,13,68,370,21,61
1763,106994,240,21,53,370,27,37
1764,106994,240,21,53,370,41,65
1765,631333,240,21,56,370,41,60
1766,500330,240,1,73,370,7,55
1767,369321,240,11,60,370,13,55
1768,631476,240,17,71,370,31,63
1769,369336,240,13,80,370,23,73
1772,631757,240,27,59,370,43,66
1774,107606,240,21,75,370,31,82
1775,631947,240,5,68,370,11,71
1776,500918,240,13,74,370,27,65
1777,894171,240,17,65,370,21,50
1778,239055,240,21,60,370,33,50
1779,632304,240,13,70,370,41,68
1780,632324,240,17,97,370,31,94
1781,370189,240,33,81,370,47,68
1782,108104,240,17,87,370,31,76
1783,108115,240,1,81,370,7,82
1784,370401,240,21,70,370,33,59
1786,894931,240,13,77,370,21,83
1787,632796,240,15,74,370,35,77
1788,763886,240,17,83,370,27,92
1790,632916,240,21,78,370,33,81
1791,632923,240,13,58,370,21,74
1792,239764,240,21,79,370,33,94
1794,895235,240,11,82,370,17,72
1795,108897,240,1,83,370,7,82
1797,108904,240,21,31,370,23,63
1800,764296,240,17,87,370,27,89
1801,240013,240,31,69,370,37,86
1802,633377,240,1,74,370,13,83
1803,371297,240,17,64,370,21,67
1804,502431,240,21,75,370,37,83
1805,502458,240,21,74,370,33,77
1806,633702,240,7,70,370,23,68
1807,371597,240,17,68,370,23,63
1808,109583,240,11,71,370,13,76
1809,764945,240,17,86,370,23,88
1810,633975,240,17,67,370,37,80
1812,765222,240,21,63,370,33,74
1813,503116,240,9,66,370,29,88
1814,896338,240,21,64,370,33,66
1815,896353,240,9,78,370,15,77
1816,896416,240,11,79,370,21,84
1817,896507,240,7,71,370,21,70
1818,634522,240,13,53,370,33,50
1819,634570,240,17,65,370,37,55
1820,372433,240,27,70,370,41,44
1821,372449,240,17,72,370,23,63
1823,765686,240,1,69,370,11,82
1824,765735,240,17,68,370,31,52
1825,896972,240,7,69,370,13,69
1826,241630,240,17,72,370,23,65
1827,503789,240,7,75,370,13,76
1828,110586,240,7,81,370,27,68
1829,110614,240,7,78,370,21,84
1830,110707,240,3,61,370,7,52
1831,503951,240,7,72,370,13,71
1832,373117,240,13,81,370,21,78
1833,373277,240,17,81,370,23,62
1834,242213,240,13,81,370,33,96
1836,635702,240,37,99,370,41,85
1837,897918,240,21,66,370,33,67
1838,504735,240,17,73,370,31,70
1840,766939,240,19,70,370,31,78
1841,242667,240,9,64,370,15,65
1842,111725,240,23,56,370,37,65
1843,636160,240,21,93,370,33,88
1844,898306,240,7,74,370,13,70
1845,767256,240,31,73,370,39,79
1846,898333,240,11,58,370,13,59
1847,243016,240,21,62,370,27,58
1848,898420,240,13,75,370,33,87
1849,112016,240,9,62,370,15,84
1850,112075,240,21,61,370,33,62
1851,112291,240,7,70,370,21,68
1852,374460,240,1,89,370,9,93
1853,112319,240,17,83,370,23,84
1854,243558,240,7,80,370,13,85
1855,767989,240,17,84,370,31,81
1856,505852,240,17,86,370,31,86
1857,243733,240,7,81,370,13,84
1858,768096,240,17,86,370,27,88
1861,637088,240,17,60,370,31,71
1862,768234,240,7,51,370,21,50
1863,506114,240,7,67,370,13,71
1864,768313,240,7,59,370,13,64
1865,375276,240,27,63,370,33,45
1867,768598,240,13,73,370,21,71
1868,244406,240,1,52,370,5,73
1869,768803,240,17,84,370,21,86
1870,637740,240,7,80,370,27,92
1871,375657,240,11,61,370,17,73
1872,506740,240,7,60,370,21,71
1873,244825,240,21,71,370,33,74
1874,900211,240,17,53,370,21,65
1875,900444,240,1,71,370,17,81
1876,769467,240,17,43,370,23,77
1878,638432,240,11,68,370,17,45
1879,638432,240,11,68,370,23,77
1880,376323,240,17,75,370,23,75
1881,114190,240,1,93,370,7,92
1882,114251,240,17,73,370,23,54
1883,245431,240,7,62,370,21,67
1884,376578,240,1,78,370,9,87
1887,770031,240,13,66,370,31,50
1888,639227,240,13,65,370,23,64
1889,508306,240,1,69,370,11,70
1890,115091,240,13,54,370,21,72
1891,115142,240,3,74,370,13,88
1892,901605,240,1,72,370,11,87
1893,246253,240,23,38,370,37,60
1894,246253,240,33,57,370,37,60
1896,377435,240,13,46,370,23,44
1898,639660,240,1,78,370,9,78
1899,639661,240,17,71,370,31,77
1901,377569,240,17,83,370,23,71
1903,246595,240,17,72,370,23,72
1904,508799,240,21,83,370,33,38
1905,508799,240,21,83,370,47,60
1906,770951,240,7,60,370,13,77
1907,246794,240,1,88,370,3,91
1908,115745,240,21,72,370,27,65
1909,246818,240,7,75,370,13,75
1910,115792,240,21,68,370,27,73
1912,640108,240,17,81,370,23,82
1913,115860,240,17,82,370,23,82
1914,640287,240,17,63,370,31,50
1916,771585,240,9,77,370,21,85
1917,509483,240,13,62,370,31,74
1918,640792,240,1,73,370,7,80
1919,771921,240,13,74,370,33,76
1920,509806,240,21,65,370,27,75
1921,116897,240,17,73,370,31,76
1922,772295,240,21,51,370,31,85
1923,117074,240,1,85,370,7,76
1925,379287,240,7,53,370,13,66
1928,903640,240,21,87,370,41,90
1929,248346,240,21,63,370,33,47
1930,248346,240,21,63,370,41,76
1932,772654,240,13,83,370,31,75
1933,641628,240,7,82,370,21,90
1934,248422,240,13,53,370,27,75
1935,641842,240,9,63,370,21,73
1939,380167,240,11,65,370,23,75
1940,380235,240,37,73,370,51,86
1941,118092,240,13,73,370,21,73
1943,249230,240,7,77,370,21,81
1944,642459,240,1,82,370,7,75
1945,118260,240,7,76,370,13,80
1946,642550,240,27,73,370,31,79
1948,904805,240,21,50,370,25,43
1950,380573,240,21,81,370,33,71
1951,380611,240,13,75,370,23,83
1952,249547,240,11,67,370,13,83
1953,511846,240,21,66,370,43,55
1954,642974,240,17,80,370,23,80
1955,774139,240,1,69,370,15,80
1956,249857,240,17,58,370,31,80
1957,774213,240,17,89,370,47,75
1958,905311,240,15,63,370,35,82
1959,512112,240,9,79,370,21,85
1961,381127,240,21,72,370,33,61
1962,512223,240,13,83,370,23,82
1963,250100,240,13,84,370,21,82
1965,119339,240,13,75,370,31,63
1967,774811,240,13,52,370,31,67
1968,119515,240,19,54,370,29,54
1969,905955,240,21,88,370,33,90
1970,512823,240,21,60,370,27,65
1971,775007,240,7,64,370,41,60
1972,119688,240,21,84,370,33,70
1974,775286,240,17,70,370,21,79
1976,120215,240,17,84,370,31,83
1977,644626,240,9,76,370,29,92
1978,120364,240,19,83,370,21,76
1980,251596,240,13,66,370,27,82
1982,776061,240,21,66,370,33,73
1985,120936,240,17,87,370,31,71
1986,776335,240,21,82,370,37,78
1988,776404,240,21,58,370,27,65
1989,121072,240,1,81,370,3,83
1991,776533,240,7,72,370,13,72
1992,121217,240,7,83,370,21,92
1993,252296,240,19,55,370,29,84
1994,252314,240,9,73,370,21,75
1995,383404,240,15,64,370,35,79
1996,645552,240,13,77,370,31,46
1997,645552,240,13,77,370,37,65
1999,121392,240,21,66,370,41,64
2001,383571,240,9,57,370,21,59
2002,645724,240,17,52,370,31,73
2003,645741,240,15,67,370,21,84
2004,383689,240,21,69,370,33,67
2005,908134,240,13,81,370,17,87
2006,908161,240,27,70,370,31,57
2007,777142,240,1,77,370,7,70
2008,646218,240,15,65,370,25,80
2012,384386,240,9,89,370,11,80
2013,646601,240,21,61,370,33,67
2014,384462,240,7,64,370,13,70
2016,646820,240,17,69,370,23,70
2017,909032,240,13,76,370,21,72
2018,646922,240,7,83,370,13,86
2019,122665,240,13,72,370,23,68
2020,384815,240,21,76,370,31,77
2021,778032,240,11,67,370,29,73
2022,515981,240,3,44,370,11,70
2024,516037,240,21,68,370,41,65
2025,909292,240,13,73,370,23,42
2026,385133,240,11,57,370,21,32
2027,778399,240,13,78,370,21,72
2028,516303,240,1,96,370,7,98
2029,123181,240,13,89,370,33,55
2030,778643,240,21,55,370,41,60
2031,385436,240,11,77,370,17,67
2032,647590,240,11,58,370,21,80
2033,516555,240,17,82,370,31,66
2034,778793,240,9,77,370,15,68
2035,909980,240,17,82,370,31,88
2036,910055,240,23,72,370,41,77
2037,385780,240,1,60,370,7,74
2038,254739,240,11,76,370,17,81
2039,910200,240,13,80,370,27,77
2040,779164,240,21,69,370,33,64
2042,517213,240,7,64,370,13,68
2043,255096,240,21,90,370,33,79
2044,517366,240,11,62,370,21,89
2045,386310,240,7,73,370,21,76
2047,386471,240,17,65,370,23,67
2048,648672,240,21,87,370,33,82
2049,779772,240,11,90,370,31,93
2051,124550,240,21,80,370,27,81
2052,255716,240,17,68,370,31,82
2053,386823,240,23,65,370,37,54
2054,911172,240,17,84,370,31,76
2055,255833,240,13,66,370,51,50
2056,518161,240,21,51,370,33,45
2057,518161,240,21,51,370,47,63
2058,124973,240,9,74,370,15,94
2059,518208,240,11,75,370,27,78
2060,256091,240,21,69,370,41,54
2062,649404,240,21,55,370,27,68
2063,387277,240,21,100,370,41,88
2064,125226,240,1,79,370,7,92
2067,911783,240,17,64,370,31,75
2068,911794,240,21,50,370,33,56
2069,518605,240,21,72,370,41,76
2071,387644,240,7,69,370,21,75
2072,256614,240,3,70,370,7,63
2073,387798,240,17,91,370,31,84
2074,781031,240,13,62,370,17,82
2076,387910,240,7,74,370,21,65
2077,387912,240,21,59,370,27,68
2078,519092,240,7,66,370,21,68
2079,912312,240,11,69,370,33,72
2080,781255,240,21,88,370,41,83
2081,256970,240,17,93,370,23,75
2082,650247,240,3,66,370,27,82
2083,912408,240,17,83,370,31,77
2085,650380,240,11,75,370,21,85
2086,126131,240,11,68,370,31,60
2087,126314,240,17,75,370,31,60
2088,781716,240,11,58,370,15,51
2090,388581,240,7,66,370,17,60
2091,257588,240,9,88,370,19,96
2092,126524,240,7,76,370,13,70
2093,388684,240,21,60,370,47,78
2095,781922,240,21,76,370,33,55
2096,257798,240,15,85,370,35,78
2097,257809,240,1,68,370,7,72
2098,126772,240,21,67,370,33,77
2104,782623,240,1,62,370,15,76
2106,914167,240,13,100,370,43,86
2107,127843,240,17,78,370,31,76
2108,783260,240,17,73,370,27,77
2109,652192,240,17,64,370,31,69
2110,390061,240,11,82,370,23,78
2111,259028,240,7,74,370,13,71
2113,390232,240,13,71,370,23,76
2114,652446,240,21,81,370,23,73
2115,390335,240,25,46,370,31,64
2117,783574,240,21,51,370,31,62
2118,783639,240,7,73,370,21,66
2119,914726,240,9,67,370,15,63
2122,783907,240,21,56,370,33,81
2123,259654,240,21,74,370,27,93
2124,915015,240,13,83,370,17,87
2125,652957,240,1,78,370,13,69
2127,521917,240,1,66,370,5,72
2128,784071,240,17,69,370,31,66
2129,390860,240,21,57,370,33,50
2130,915275,240,7,71,370,13,66
2131,653133,240,21,79,370,33,65
2132,391015,240,17,72,370,23,77
2133,522108,240,17,68,370,41,87
2134,915429,240,13,61,370,27,59
2136,653399,240,13,87,370,31,78
2137,784479,240,11,78,370,17,88
2138,915646,240,7,63,370,21,69
2139,915647,240,11,75,370,17,80
2140,260290,240,21,52,370,27,71
2141,784604,240,7,68,370,17,61
2142,784675,240,21,78,370,33,71
2143,523019,240,1,74,370,13,56
2144,391956,240,3,80,370,11,90
2145,391981,240,23,80,370,33,84
2146,785223,240,1,65,370,7,68
2147,916303,240,9,79,370,29,79
2148,260970,240,21,65,370,33,79
2149,261000,240,11,83,370,23,59
2150,785372,240,13,93,370,21,85
2151,654350,240,7,73,370,13,66
2152,916636,240,9,72,370,21,80
2153,523428,240,21,82,370,27,92
2154,654503,240,17,72,370,31,80
2155,785631,240,9,77,370,21,70
2156,654571,240,21,66,370,37,67
2157,130302,240,17,61,370,23,45
2158,130302,240,17,61,370,31,79
2159,785682,240,15,80,370,29,82
2160,523643,240,9,83,370,15,96
2161,785788,240,15,82,370,21,80
2162,261605,240,13,74,370,21,73
2163,917019,240,15,84,370,35,89
2164,392923,240,5,62,370,11,61
2165,130809,240,9,61,370,15,68
2166,130852,240,13,73,370,33,54
2167,917303,240,17,61,370,27,58
2168,393059,240,21,50,370,23,50
2169,917370,240,11,82,370,23,83
2170,393110,240,9,56,370,21,57
2171,131062,240,1,70,370,7,46
2172,131062,240,1,70,370,21,58
