,StudentID,CourseNumber_x,Term_x,Grade_x,CourseNumber_y,Term_y,Grade_y
0,131188,240,23,64,350,27,64
1,131205,240,17,82,350,23,87
2,131252,240,21,84,350,23,94
3,917788,240,11,51,350,17,73
4,524634,240,21,72,350,27,60
5,918214,240,13,80,350,23,64
6,787281,240,17,82,350,23,86
7,787296,240,11,73,350,21,72
8,918408,240,23,59,350,31,80
9,656627,240,11,72,350,17,80
10,787766,240,11,74,350,17,65
11,656717,240,27,64,350,33,41
12,656717,240,27,64,350,41,69
13,263554,240,13,73,350,27,71
14,525934,240,15,53,350,21,67
15,394865,240,31,68,350,37,76
16,526102,240,17,67,350,23,71
17,526165,240,13,90,350,17,83
18,657306,240,3,50,350,11,46
19,657306,240,3,50,350,13,66
20,264142,240,9,85,350,11,86
21,526365,240,21,50,350,25,46
22,526365,240,21,50,350,29,46
24,526365,240,25,61,350,29,46
25,788547,240,17,60,350,23,64
26,526476,240,11,70,350,21,79
27,919720,240,17,82,350,23,92
28,133520,240,21,63,350,27,68
29,395676,240,19,52,350,25,62
30,526806,240,21,62,350,27,75
31,264746,240,13,82,350,27,83
32,920196,240,21,57,350,27,67
33,527032,240,17,75,350,23,72
34,264967,240,21,57,350,41,65
35,264967,240,27,76,350,41,65
36,265140,240,21,76,350,29,64
37,396242,240,11,51,350,31,87
38,134110,240,17,95,350,23,90
39,920646,240,17,87,350,23,94
40,658523,240,7,74,350,17,87
41,396481,240,17,75,350,23,73
42,789824,240,19,73,350,21,30
43,789824,240,19,73,350,39,88
44,396798,240,21,82,350,27,91
45,265831,240,17,63,350,21,77
46,265956,240,17,62,350,31,63
47,134978,240,15,86,350,21,79
48,790412,240,15,70,350,21,73
49,528297,240,21,77,350,27,80
50,266156,240,17,68,350,23,65
51,266249,240,17,77,350,23,77
52,266465,240,27,72,350,31,46
53,266465,240,27,72,350,41,74
54,790931,240,17,76,350,23,81
55,266750,240,27,67,350,33,61
56,266931,240,11,79,350,23,94
57,398060,240,21,80,350,27,65
58,660594,240,21,53,350,31,58
59,267393,240,17,75,350,33,97
60,922902,240,15,61,350,17,50
61,267721,240,17,85,350,23,94
62,398834,240,17,70,350,23,80
63,792065,240,21,67,350,23,66
64,136770,240,23,83,350,31,73
65,398948,240,11,63,350,13,85
66,530055,240,13,73,350,27,68
67,136858,240,13,99,350,21,96
68,923384,240,17,79,350,27,80
69,399262,240,13,50,350,21,73
70,661514,240,15,96,350,29,91
71,530559,240,15,67,350,17,63
72,530702,240,21,61,350,23,59
73,137521,240,11,67,350,13,65
74,399758,240,13,59,350,23,70
75,530835,240,21,67,350,25,65
76,924089,240,13,70,350,21,68
77,530912,240,11,54,350,25,67
78,662040,240,11,97,350,21,99
79,269007,240,23,69,350,31,75
80,137990,240,27,84,350,33,81
81,924461,240,17,64,350,23,73
82,924489,240,21,76,350,27,73
83,793596,240,17,80,350,23,74
84,138275,240,21,51,350,27,65
85,793641,240,19,82,350,25,76
86,400629,240,23,54,350,27,70
87,924921,240,17,81,350,23,75
88,531706,240,21,62,350,27,77
89,531965,240,21,56,350,27,69
90,925225,240,17,69,350,23,66
91,532023,240,15,77,350,19,53
92,138858,240,21,66,350,41,63
93,269954,240,21,59,350,31,71
94,794306,240,17,75,350,23,85
95,663311,240,17,59,350,23,77
96,794400,240,21,59,350,31,63
97,139307,240,23,62,350,31,69
98,401612,240,21,69,350,27,70
99,925909,240,11,89,350,13,76
100,663821,240,15,66,350,21,74
101,532779,240,13,80,350,17,64
102,532789,240,9,78,350,29,61
103,270650,240,21,84,350,27,85
104,795053,240,3,67,350,7,64
105,532935,240,13,65,350,21,58
106,795093,240,17,65,350,23,68
107,139739,240,13,76,350,21,72
108,139773,240,13,91,350,27,83
109,401989,240,17,81,350,23,80
110,664243,240,21,58,350,27,82
111,664346,240,27,61,350,33,70
112,533296,240,27,61,350,33,54
113,533465,240,15,76,350,21,81
114,271379,240,21,72,350,27,80
115,271472,240,13,70,350,21,65
116,533628,240,17,61,350,23,76
117,140636,240,17,74,350,23,64
118,271716,240,31,82,350,41,76
119,533953,240,23,41,350,41,50
120,533953,240,37,74,350,41,50
121,927188,240,17,56,350,23,55
122,927348,240,13,62,350,21,90
123,796293,240,17,85,350,23,91
124,796317,240,17,74,350,23,66
125,272064,240,21,69,350,27,71
126,403160,240,17,69,350,23,70
127,534333,240,13,64,350,23,46
128,534333,240,13,64,350,31,69
129,403316,240,17,76,350,23,60
130,272299,240,19,62,350,21,55
131,403411,240,21,55,350,27,70
132,927785,240,21,71,350,27,71
133,665647,240,13,71,350,27,59
135,403527,240,9,76,350,15,86
136,534603,240,17,86,350,23,78
137,927823,240,27,68,350,33,63
138,141393,240,33,63,350,43,72
139,534620,240,23,61,350,31,44
140,534620,240,23,61,350,37,70
141,403623,240,21,61,350,27,71
142,403679,240,21,84,350,27,78
143,272678,240,13,70,350,37,50
144,403860,240,21,57,350,27,74
145,272814,240,17,88,350,31,86
146,404037,240,13,79,350,27,91
147,928379,240,13,79,350,27,82
148,273106,240,15,84,350,21,67
149,928493,240,13,70,350,21,50
150,928493,240,13,70,350,27,81
151,404241,240,1,53,350,21,70
152,273177,240,21,62,350,27,68
153,797465,240,21,70,350,27,80
154,273411,240,15,69,350,21,72
155,797723,240,17,88,350,23,89
156,535593,240,13,65,350,23,68
157,535638,240,13,68,350,23,72
158,273575,240,11,78,350,23,68
159,666823,240,17,65,350,23,60
160,404743,240,17,91,350,23,75
161,142656,240,21,88,350,27,69
162,142701,240,17,57,350,27,59
163,536105,240,21,85,350,27,89
164,273977,240,13,83,350,27,79
165,142952,240,21,73,350,23,70
166,143030,240,23,40,350,47,50
167,143030,240,31,62,350,47,50
168,667372,240,21,86,350,27,88
169,536307,240,11,89,350,17,81
170,143106,240,27,43,350,33,27
171,143106,240,27,43,350,37,61
172,143106,240,31,52,350,33,27
173,143106,240,31,52,350,37,61
174,798583,240,17,65,350,23,61
175,405442,240,23,80,350,31,77
176,929778,240,17,77,350,23,91
177,143436,240,17,64,350,23,69
178,143461,240,9,66,350,25,75
179,929911,240,21,73,350,27,81
180,798862,240,17,70,350,23,67
181,930012,240,17,78,350,37,83
182,798966,240,17,66,350,23,73
183,274686,240,21,74,350,27,66
184,930059,240,21,70,350,27,62
185,667935,240,23,72,350,31,65
186,274882,240,27,62,350,33,73
187,799263,240,17,76,350,23,98
188,143989,240,17,65,350,23,45
189,143989,240,17,65,350,31,71
190,144003,240,13,66,350,27,67
191,930463,240,7,79,350,11,81
192,930464,240,23,72,350,31,80
193,537387,240,21,59,350,27,67
194,144275,240,13,85,350,27,82
195,537542,240,13,80,350,21,76
196,275464,240,21,60,350,27,72
197,406619,240,21,66,350,27,80
198,668864,240,17,74,350,27,70
199,800073,240,17,69,350,23,76
200,669024,240,17,68,350,23,62
201,931291,240,13,91,350,17,93
202,275968,240,13,82,350,21,85
203,144975,240,17,70,350,23,65
204,538191,240,21,76,350,27,80
205,538243,240,17,75,350,21,65
206,276104,240,7,56,350,27,81
207,538370,240,13,82,350,21,71
208,800535,240,21,77,350,27,87
209,276256,240,13,68,350,17,58
210,800560,240,11,57,350,19,65
211,407379,240,27,86,350,43,80
212,669558,240,17,76,350,23,68
213,145284,240,21,55,350,23,71
214,931738,240,17,79,350,23,85
215,538625,240,11,76,350,13,76
216,669744,240,17,50,350,23,54
217,407676,240,21,74,350,27,70
218,931980,240,7,75,350,17,71
219,145566,240,17,69,350,23,38
220,145566,240,17,69,350,31,56
221,932001,240,27,90,350,31,80
222,669968,240,17,54,350,23,55
223,932347,240,13,62,350,21,65
224,277011,240,21,61,350,31,82
225,932437,240,21,86,350,27,72
226,146062,240,13,57,350,27,80
227,539567,240,27,72,350,33,71
228,670826,240,21,60,350,27,57
229,146601,240,11,54,350,23,70
230,933068,240,21,80,350,25,73
231,802148,240,17,66,350,43,57
232,671191,240,21,81,350,27,81
233,933353,240,17,96,350,23,90
234,671211,240,21,66,350,23,64
235,278032,240,27,89,350,33,86
236,933410,240,17,72,350,23,77
237,802383,240,21,75,350,27,87
238,802568,240,11,79,350,23,81
239,671542,240,17,85,350,23,75
240,671697,240,15,58,350,21,50
241,409608,240,13,63,350,21,93
242,671850,240,15,86,350,29,91
243,540811,240,17,73,350,23,53
244,278894,240,11,73,350,17,85
245,672162,240,21,73,350,33,68
246,672188,240,21,56,350,27,78
247,803347,240,17,75,350,23,70
248,148002,240,21,65,350,27,83
249,934488,240,11,82,350,23,69
250,279140,240,23,81,350,31,71
251,803496,240,27,59,350,33,76
252,541367,240,13,69,350,27,70
253,934598,240,15,63,350,21,80
254,148179,240,13,57,350,21,74
255,803613,240,43,65,350,47,72
256,410494,240,21,66,350,31,77
257,410514,240,13,72,350,21,57
258,148423,240,21,84,350,27,87
259,148488,240,21,63,350,33,50
260,541730,240,21,68,350,27,72
261,804026,240,21,73,350,23,81
262,672977,240,13,77,350,31,67
263,673030,240,21,54,350,27,54
264,673036,240,17,93,350,31,85
265,542140,240,25,68,350,29,39
266,542140,240,25,68,350,31,75
267,149016,240,21,63,350,29,67
268,804514,240,23,65,350,31,68
269,280343,240,29,59,350,35,59
270,411554,240,17,67,350,23,67
271,935908,240,21,62,350,25,61
272,149604,240,21,78,350,27,63
273,673919,240,13,72,350,21,72
274,411831,240,27,74,350,33,43
275,411831,240,27,74,350,41,74
276,542919,240,17,56,350,23,71
277,542945,240,21,71,350,27,63
278,542953,240,21,63,350,27,68
279,280810,240,21,75,350,27,68
280,805149,240,13,46,350,41,63
281,805149,240,21,68,350,41,63
282,280876,240,11,73,350,13,67
283,805252,240,21,61,350,31,83
284,674212,240,13,79,350,21,65
285,936396,240,17,74,350,23,80
286,674288,240,21,66,350,23,50
287,674299,240,21,70,350,23,71
288,543267,240,17,74,350,23,68
289,150060,240,25,62,350,27,34
290,150060,240,25,62,350,31,61
291,674495,240,25,51,350,31,50
292,150281,240,21,50,350,27,76
293,150281,240,23,50,350,27,76
294,805911,240,17,60,350,23,78
295,543870,240,17,82,350,23,73
296,675007,240,17,77,350,23,75
297,675020,240,27,79,350,33,75
298,544112,240,17,65,350,23,64
299,150906,240,21,54,350,27,54
300,806285,240,17,66,350,23,45
301,806285,240,17,66,350,31,64
302,544250,240,13,60,350,23,71
303,675371,240,15,75,350,21,67
304,282169,240,17,75,350,23,84
305,937616,240,27,45,350,37,52
306,937616,240,33,68,350,37,52
307,151211,240,13,59,350,21,69
308,282296,240,23,62,350,27,36
309,282296,240,23,62,350,31,42
310,282296,240,23,62,350,43,65
311,675865,240,13,52,350,21,43
312,675865,240,13,52,350,27,66
313,544800,240,13,94,350,21,99
314,544834,240,19,67,350,21,74
315,151689,240,21,66,350,27,76
316,544952,240,3,75,350,21,67
317,938326,240,21,91,350,27,86
318,938333,240,11,65,350,17,60
319,545134,240,21,79,350,23,87
320,676457,240,17,65,350,23,79
321,283256,240,11,62,350,17,66
322,807636,240,13,62,350,33,75
323,283452,240,11,79,350,13,75
324,414539,240,15,95,350,21,87
325,283569,240,13,75,350,17,60
326,545723,240,21,43,350,29,65
327,545723,240,25,66,350,29,65
328,152510,240,21,69,350,27,69
329,152740,240,15,65,350,21,58
330,283841,240,13,86,350,21,67
331,808153,240,13,55,350,27,79
332,677095,240,11,66,350,19,60
333,808173,240,11,66,350,21,52
334,808177,240,17,70,350,23,68
335,939316,240,11,70,350,17,79
336,939437,240,21,60,350,27,68
337,939574,240,17,55,350,23,86
338,677437,240,13,85,350,17,71
339,677618,240,17,75,350,23,75
340,546579,240,33,60,350,41,50
341,415529,240,17,52,350,23,53
342,284521,240,13,76,350,21,69
343,939882,240,17,70,350,23,80
344,153499,240,21,64,350,27,77
345,808900,240,13,81,350,27,91
346,940068,240,13,87,350,27,86
347,284731,240,9,63,350,21,77
348,153736,240,17,75,350,31,77
349,415986,240,29,80,350,39,67
350,809226,240,13,39,350,33,73
351,809226,240,21,73,350,33,73
352,284991,240,21,65,350,27,72
353,547192,240,21,71,350,27,73
354,154029,240,17,73,350,31,80
355,416222,240,17,66,350,23,62
356,809553,240,17,68,350,23,78
357,285269,240,33,64,350,41,70
358,154198,240,15,69,350,19,62
359,940774,240,7,68,350,21,72
361,154672,240,21,70,350,27,75
362,941245,240,17,46,350,23,70
363,941245,240,21,65,350,23,70
364,679394,240,17,55,350,33,67
365,286285,240,21,52,350,27,76
366,810574,240,21,83,350,27,82
367,417409,240,21,91,350,27,80
368,810736,240,13,79,350,23,55
369,417524,240,21,51,350,27,89
370,286551,240,21,51,350,33,69
371,155496,240,21,63,350,27,77
372,286600,240,11,69,350,15,67
373,942002,240,17,82,350,23,88
374,679954,240,17,67,350,23,69
375,155674,240,15,81,350,17,79
376,417896,240,21,83,350,27,84
377,942196,240,17,97,350,23,90
378,549082,240,17,98,350,23,97
379,418078,240,15,71,350,21,76
380,287048,240,17,84,350,23,86
381,942524,240,21,66,350,27,75
382,418293,240,17,64,350,23,78
383,811535,240,21,73,350,27,82
384,549481,240,21,69,350,27,83
385,418491,240,21,44,350,33,40
386,418491,240,23,61,350,33,40
387,811750,240,3,76,350,7,73
388,418643,240,17,40,350,33,97
389,418643,240,27,82,350,33,97
390,680809,240,11,66,350,17,88
391,418755,240,21,65,350,27,58
392,943075,240,17,93,350,23,88
393,549939,240,17,86,350,23,61
394,287896,240,13,78,350,51,83
395,419004,240,17,68,350,23,76
396,287964,240,13,60,350,21,41
397,287964,240,13,60,350,27,56
398,287987,240,21,82,350,27,86
399,287990,240,17,59,350,27,72
400,550182,240,31,78,350,33,64
401,943538,240,17,52,350,23,50
402,550330,240,17,45,350,23,65
403,550330,240,21,63,350,23,65
404,419303,240,21,69,350,27,82
405,419311,240,7,76,350,11,33
406,419311,240,7,76,350,13,55
407,681537,240,9,76,350,21,72
408,157271,240,11,77,350,17,77
409,288426,240,17,61,350,21,64
411,157391,240,13,71,350,23,63
412,681731,240,43,62,350,47,66
413,681802,240,13,84,350,21,80
414,943989,240,21,63,350,27,81
415,943990,240,11,62,350,27,76
416,288636,240,21,100,350,27,96
417,944088,240,17,98,350,23,93
418,157683,240,21,56,350,23,51
419,944116,240,13,53,350,21,37
420,944116,240,13,53,350,23,81
421,419973,240,13,88,350,21,82
422,288910,240,15,75,350,29,58
423,158040,240,13,67,350,21,73
424,158128,240,27,70,350,33,77
425,158133,240,13,69,350,27,67
426,813779,240,13,85,350,23,75
427,551784,240,13,68,350,31,56
428,289655,240,13,68,350,21,80
429,551818,240,13,77,350,21,70
430,158753,240,17,74,350,23,73
431,683125,240,13,61,350,17,70
432,552151,240,23,54,350,37,39
433,552151,240,23,54,350,43,75
434,421562,240,17,72,350,23,74
435,290499,240,17,76,350,31,43
436,290499,240,17,76,350,41,82
437,945985,240,7,64,350,21,85
438,945996,240,31,78,350,37,86
439,683941,240,23,79,350,31,77
440,946160,240,17,62,350,27,65
441,290808,240,17,75,350,27,80
442,684112,240,13,52,350,27,76
443,553068,240,27,69,350,33,85
444,684225,240,17,66,350,23,56
445,159949,240,21,69,350,27,54
446,422108,240,21,68,350,33,74
447,160205,240,17,66,350,31,74
448,815657,240,15,70,350,19,69
449,815672,240,11,56,350,23,66
450,684720,240,21,75,350,23,60
451,553777,240,13,88,350,21,81
452,553831,240,21,59,350,33,67
453,291758,240,21,64,350,27,76
454,947140,240,27,75,350,33,63
455,291891,240,33,89,350,41,89
456,422983,240,17,81,350,41,87
457,816273,240,19,66,350,25,60
458,160927,240,11,70,350,13,78
459,685254,240,17,74,350,23,60
460,947403,240,17,75,350,23,50
461,947423,240,31,90,350,37,86
462,685309,240,17,83,350,23,63
463,685338,240,11,75,350,23,85
464,947543,240,13,85,350,21,71
465,947692,240,11,66,350,23,38
466,947692,240,11,66,350,31,61
467,947724,240,21,75,350,27,77
468,292516,240,27,70,350,31,52
469,554702,240,27,92,350,33,77
470,161520,240,13,87,350,21,68
471,423722,240,15,57,350,25,67
472,423917,240,21,45,350,31,66
473,423917,240,23,68,350,31,66
474,292930,240,27,79,350,33,70
475,161887,240,17,90,350,23,93
476,161999,240,23,72,350,31,50
477,424300,240,17,68,350,23,87
478,555508,240,15,92,350,17,86
479,424473,240,21,80,350,27,75
480,948783,240,11,69,350,21,78
481,686674,240,21,77,350,27,86
482,817796,240,13,71,350,21,70
483,293511,240,21,80,350,33,88
484,162450,240,17,85,350,23,82
485,162604,240,17,81,350,23,71
486,818143,240,13,88,350,21,77
487,818164,240,17,76,350,21,67
488,949298,240,13,50,350,27,55
489,162883,240,17,65,350,23,58
490,818362,240,13,87,350,23,83
491,163053,240,11,83,350,31,83
492,687361,240,21,50,350,23,71
493,294200,240,21,69,350,27,80
494,818549,240,21,55,350,27,56
495,818566,240,17,85,350,21,74
496,556786,240,17,74,350,31,92
497,163687,240,17,68,350,23,74
498,819070,240,13,63,350,21,61
499,425896,240,21,67,350,27,40
500,425896,240,21,67,350,31,34
501,163852,240,21,81,350,29,83
502,426025,240,21,75,350,27,85
503,426055,240,17,90,350,23,86
504,295038,240,21,69,350,23,68
505,950474,240,17,72,350,31,91
506,950563,240,21,70,350,27,75
507,819549,240,17,81,350,23,76
508,295424,240,17,87,350,23,68
509,688654,240,11,62,350,23,56
510,164440,240,13,75,350,21,66
511,950922,240,21,90,350,23,90
512,164514,240,13,77,350,21,63
513,819879,240,9,78,350,21,82
514,950975,240,13,69,350,21,67
515,426693,240,31,62,350,37,73
516,164711,240,17,50,350,41,65
517,164726,240,27,64,350,33,45
518,164726,240,27,64,350,41,78
519,689050,240,17,96,350,23,93
520,951256,240,21,86,350,27,86
521,820372,240,11,62,350,17,61
522,427170,240,17,89,350,23,93
523,427251,240,21,73,350,23,70
524,296334,240,17,59,350,23,75
525,165313,240,17,61,350,23,70
526,951816,240,15,84,350,21,82
527,165391,240,17,82,350,23,79
528,689685,240,13,68,350,21,67
529,558618,240,21,76,350,27,88
530,165431,240,17,82,350,23,72
531,165540,240,27,66,350,31,64
532,165577,240,27,79,350,33,62
533,689890,240,17,75,350,23,58
534,296695,240,17,79,350,23,72
535,296865,240,25,93,350,29,94
536,427950,240,23,69,350,33,68
537,165826,240,21,86,350,27,79
538,428007,240,17,84,350,23,84
539,690183,240,15,57,350,17,32
540,690183,240,15,57,350,21,68
541,559393,240,17,93,350,23,98
542,297285,240,17,71,350,23,73
543,821800,240,7,91,350,21,89
544,821810,240,13,99,350,27,97
545,297685,240,17,81,350,23,72
546,822137,240,17,75,350,23,69
547,297917,240,13,99,350,27,91
548,429001,240,3,33,350,11,41
549,429001,240,3,33,350,13,60
550,429001,240,7,65,350,11,41
551,429001,240,7,65,350,13,60
552,822260,240,17,80,350,23,72
553,691350,240,21,52,350,27,70
554,298316,240,17,68,350,21,62
555,167249,240,11,92,350,23,84
556,691539,240,25,53,350,27,56
557,691665,240,17,77,350,23,74
558,429612,240,23,59,350,27,65
559,822875,240,11,73,350,13,74
560,429712,240,17,77,350,23,60
561,823053,240,27,79,350,33,73
562,167734,240,23,67,350,31,52
563,954248,240,17,83,350,23,85
564,561100,240,29,57,350,35,44
565,561100,240,29,57,350,39,59
566,430084,240,21,81,350,27,78
567,823350,240,11,77,350,17,82
568,692319,240,7,84,350,13,81
569,692363,240,21,72,350,27,85
570,168125,240,13,86,350,23,88
571,954629,240,21,68,350,23,56
572,299287,240,21,70,350,27,77
573,430402,240,13,93,350,27,88
574,299531,240,21,77,350,27,90
575,430643,240,13,87,350,21,75
576,168500,240,21,73,350,27,58
577,823887,240,23,72,350,31,78
578,430725,240,15,86,350,29,82
579,693007,240,13,83,350,21,68
580,168888,240,21,85,350,27,83
581,562238,240,13,73,350,17,84
582,169136,240,9,57,350,15,50
583,693452,240,21,73,350,27,81
584,169231,240,37,70,350,43,62
585,300369,240,13,63,350,21,61
586,562572,240,11,80,350,23,78
587,955808,240,13,74,350,21,90
588,169401,240,17,72,350,23,58
589,824996,240,21,65,350,27,70
590,562886,240,21,83,350,27,71
591,694043,240,21,81,350,27,80
592,169772,240,21,85,350,27,81
593,956230,240,15,64,350,25,58
594,563080,240,21,43,350,31,83
595,563080,240,23,50,350,31,83
596,169987,240,21,61,350,33,51
597,563222,240,23,79,350,43,58
598,563252,240,11,84,350,17,63
599,170058,240,13,76,350,21,63
600,432215,240,21,61,350,23,75
601,432224,240,13,89,350,21,85
602,563305,240,23,64,350,37,52
603,432265,240,17,71,350,31,78
604,694446,240,21,64,350,27,65
605,170256,240,7,87,350,15,78
606,563507,240,17,75,350,23,77
607,694658,240,21,67,350,29,42
608,694658,240,21,67,350,31,60
609,694809,240,13,70,350,17,64
610,170677,240,21,69,350,27,67
611,432822,240,17,77,350,23,85
612,170690,240,7,93,350,13,89
613,170728,240,13,69,350,21,74
614,170904,240,21,73,350,27,72
615,695597,240,1,89,350,3,74
616,433493,240,13,72,350,21,56
617,171363,240,11,88,350,13,95
618,564635,240,13,82,350,17,83
619,564970,240,21,79,350,27,85
620,696053,240,3,80,350,7,60
621,958197,240,17,83,350,23,58
622,434052,240,17,65,350,23,72
623,958344,240,17,85,350,23,91
624,565332,240,19,65,350,29,61
625,172214,240,13,68,350,21,70
626,434487,240,17,80,350,23,76
627,827715,240,21,79,350,27,82
628,827970,240,21,85,350,27,95
629,959110,240,17,80,350,23,72
630,172708,240,15,91,350,21,88
631,828144,240,17,77,350,23,89
632,828202,240,15,67,350,21,44
633,828202,240,15,67,350,25,55
634,828267,240,17,70,350,23,80
635,959339,240,21,63,350,23,62
636,828405,240,17,50,350,23,70
637,304120,240,13,66,350,17,74
638,173087,240,25,63,350,27,50
639,697577,240,17,91,350,23,93
640,173329,240,17,97,350,23,94
641,304558,240,21,71,350,33,78
642,566705,240,27,51,350,33,54
643,959934,240,21,72,350,27,83
644,959940,240,17,60,350,31,53
645,435670,240,17,86,350,27,93
646,959987,240,31,36,350,37,57
647,959987,240,33,70,350,37,57
648,435703,240,17,86,350,23,85
649,697896,240,17,89,350,23,88
650,828971,240,21,69,350,27,77
651,304800,240,33,62,350,41,71
652,173740,240,21,53,350,49,25
653,173740,240,21,53,350,55,65
654,304838,240,11,75,350,17,70
655,305072,240,13,97,350,21,100
656,305087,240,17,57,350,23,60
657,960530,240,21,62,350,27,73
658,174206,240,21,79,350,33,90
659,829762,240,9,79,350,11,82
660,567658,240,17,41,350,31,68
661,567658,240,23,75,350,31,68
662,567813,240,13,54,350,21,70
663,436839,240,17,62,350,23,50
664,305770,240,23,69,350,31,71
665,961292,240,23,70,350,31,67
666,305970,240,17,81,350,23,88
667,961399,240,13,89,350,23,82
668,699303,240,17,91,350,23,82
669,699310,240,27,90,350,33,90
670,306113,240,21,80,350,27,80
671,175111,240,17,65,350,21,32
672,175111,240,17,65,350,25,72
673,568353,240,27,46,350,41,56
674,568353,240,33,67,350,41,56
675,961568,240,21,34,350,31,81
676,961568,240,23,73,350,31,81
677,830585,240,17,89,350,23,96
678,568477,240,21,81,350,27,87
679,961782,240,23,52,350,37,70
680,437503,240,19,71,350,21,35
681,437503,240,19,71,350,25,70
682,699709,240,15,68,350,21,65
683,830783,240,23,75,350,27,58
684,568680,240,33,62,350,43,43
685,568680,240,33,62,350,51,67
686,568698,240,11,78,350,25,74
687,961965,240,17,69,350,31,46
688,961965,240,17,69,350,33,70
689,306678,240,17,73,350,23,54
690,437764,240,21,65,350,27,78
691,437785,240,21,80,350,27,83
692,175686,240,17,85,350,23,93
693,175724,240,13,79,350,17,70
694,437907,240,21,64,350,41,58
695,306840,240,17,55,350,23,70
696,831219,240,21,76,350,31,65
697,306962,240,17,73,350,23,73
698,831534,240,21,86,350,27,85
699,569396,240,21,63,350,27,68
700,700539,240,5,73,350,7,68
701,438427,240,21,65,350,27,64
702,700582,240,11,62,350,17,71
703,569621,240,23,82,350,27,84
704,831941,240,13,85,350,21,92
705,176665,240,17,60,350,23,60
706,569944,240,15,77,350,21,65
707,307903,240,21,55,350,27,60
708,832304,240,21,91,350,27,69
709,701263,240,21,77,350,27,80
710,832340,240,21,66,350,23,66
711,439308,240,17,62,350,23,45
712,570398,240,17,88,350,23,79
713,177270,240,17,75,350,23,65
714,570491,240,25,83,350,31,78
715,963760,240,21,67,350,27,75
716,177333,240,19,53,350,29,80
717,963785,240,13,84,350,31,94
718,308855,240,21,87,350,27,84
719,702161,240,17,57,350,23,65
720,309029,240,17,81,350,23,72
721,833590,240,31,45,350,43,63
722,833590,240,37,50,350,43,63
723,702533,240,17,54,350,23,69
724,440425,240,13,80,350,27,84
725,178415,240,21,71,350,27,88
726,964944,240,13,69,350,23,67
727,964997,240,13,61,350,21,66
728,702855,240,21,89,350,27,87
729,178609,240,21,54,350,29,47
730,178609,240,21,54,350,31,64
731,571993,240,11,98,350,13,93
732,440941,240,3,84,350,11,83
733,309903,240,21,64,350,27,71
734,572145,240,21,61,350,27,74
735,703675,240,17,67,350,21,68
736,965887,240,21,62,350,27,71
737,703751,240,21,65,350,27,81
738,310609,240,11,85,350,21,80
739,179629,240,17,80,350,23,75
740,441836,240,21,75,350,27,72
741,966157,240,19,60,350,25,58
742,180024,240,21,79,350,27,82
743,835449,240,21,77,350,31,64
744,311218,240,31,72,350,41,75
745,442320,240,25,70,350,35,64
746,442324,240,21,53,350,23,67
748,835564,240,21,68,350,31,76
749,966693,240,13,71,350,21,58
750,835703,240,15,95,350,29,91
751,704802,240,17,58,350,23,65
752,966950,240,27,73,350,33,87
753,704831,240,21,64,350,27,71
754,180559,240,17,46,350,23,69
755,180559,240,21,65,350,23,69
756,573779,240,15,52,350,35,64
757,180625,240,13,87,350,21,93
758,836084,240,3,84,350,7,80
759,311798,240,13,86,350,21,88
760,967238,240,7,75,350,21,75
761,967409,240,21,62,350,27,70
762,705377,240,15,93,350,21,82
763,312164,240,11,77,350,23,59
764,181332,240,21,67,350,27,80
765,574548,240,11,82,350,15,53
766,574721,240,11,51,350,19,41
767,443657,240,13,56,350,21,61
768,574772,240,11,61,350,13,54
769,443708,240,13,82,350,21,75
770,836955,240,27,89,350,33,83
771,968187,240,21,59,350,33,68
772,181761,240,33,62,350,41,64
773,837135,240,21,68,350,27,86
774,313006,240,13,74,350,27,84
775,837314,240,17,50,350,23,65
776,837331,240,13,50,350,27,82
777,313105,240,21,61,350,23,68
778,575695,240,17,71,350,23,73
779,706794,240,13,84,350,27,81
780,313781,240,17,93,350,23,82
781,838142,240,17,84,350,23,92
782,576188,240,13,77,350,21,71
783,969552,240,13,62,350,21,72
784,445348,240,17,71,350,23,65
785,445380,240,21,80,350,27,79
786,838602,240,17,53,350,23,43
787,838602,240,17,53,350,27,67
788,445431,240,17,88,350,23,80
789,576550,240,15,56,350,21,66
790,707629,240,21,76,350,43,70
791,576712,240,21,54,350,27,59
792,445790,240,17,56,350,23,70
793,970283,240,17,50,350,23,64
794,315048,240,17,75,350,21,55
795,708323,240,17,63,350,23,55
796,577330,240,17,67,350,23,65
797,446423,240,21,55,350,27,70
798,446440,240,17,72,350,23,76
799,970736,240,21,70,350,27,83
800,184336,240,21,64,350,27,78
801,577553,240,17,84,350,23,83
802,577555,240,21,92,350,27,84
803,577594,240,21,68,350,27,64
804,577618,240,15,64,350,21,70
805,315523,240,21,50,350,31,73
806,315523,240,23,72,350,31,73
807,184522,240,17,84,350,23,82
808,708867,240,11,100,350,17,88
809,315787,240,17,72,350,23,75
810,971247,240,21,68,350,27,76
811,184825,240,23,81,350,31,75
812,709140,240,21,54,350,33,59
813,971321,240,23,50,350,31,59
814,316033,240,17,66,350,23,41
815,316033,240,17,66,350,27,69
816,447139,240,21,82,350,27,77
817,971438,240,17,67,350,27,71
818,578277,240,21,59,350,27,75
819,185080,240,21,76,350,35,62
820,971616,240,7,66,350,27,81
821,709537,240,13,79,350,31,79
822,840768,240,15,77,350,19,43
823,840768,240,15,77,350,21,58
824,447575,240,11,72,350,23,67
825,709876,240,13,92,350,17,89
826,316681,240,17,60,350,31,62
827,185693,240,17,68,350,23,63
828,316801,240,23,53,350,31,71
829,185885,240,11,71,350,15,70
830,841260,240,21,86,350,23,74
831,972337,240,21,80,350,33,95
832,317057,240,13,57,350,21,58
833,972460,240,17,64,350,23,55
834,186041,240,21,71,350,27,78
835,841534,240,27,71,350,33,80
836,841605,240,27,72,350,33,64
837,186289,240,13,76,350,21,76
838,317376,240,7,67,350,13,58
839,972785,240,11,82,350,17,73
840,448504,240,9,76,350,11,50
841,448579,240,13,88,350,21,79
842,317560,240,21,85,350,27,88
843,317727,240,15,87,350,29,32
844,317727,240,15,87,350,35,51
845,973110,240,11,67,350,13,68
846,317770,240,17,74,350,23,71
847,448964,240,13,70,350,27,69
848,318056,240,21,75,350,23,45
849,318056,240,21,75,350,31,65
850,711314,240,17,99,350,21,99
851,449201,240,13,84,350,21,77
852,973582,240,13,51,350,23,57
853,842542,240,19,56,350,21,40
854,842542,240,19,56,350,29,54
855,318260,240,11,64,350,15,38
856,318260,240,11,64,350,17,63
857,187203,240,13,73,350,27,80
858,580428,240,21,67,350,27,87
859,580539,240,17,89,350,23,86
860,973827,240,21,67,350,27,76
861,449627,240,13,74,350,21,71
862,842889,240,17,63,350,23,57
863,318602,240,13,95,350,27,89
864,318668,240,21,51,350,31,70
865,580819,240,17,80,350,23,68
866,449767,240,13,71,350,23,62
867,843003,240,17,76,350,23,85
868,318789,240,29,64,350,35,78
869,187751,240,17,87,350,23,79
870,580993,240,17,71,350,31,66
871,843205,240,17,75,350,23,78
872,581104,240,17,63,350,23,73
873,712223,240,11,75,350,19,74
874,581163,240,21,65,350,27,76
875,319082,240,17,62,350,23,65
876,712311,240,33,53,350,47,53
877,450211,240,21,78,350,27,60
878,188091,240,21,63,350,31,72
879,450405,240,21,80,350,27,80
880,450477,240,17,65,350,31,74
881,843737,240,29,67,350,39,67
882,712756,240,21,67,350,27,67
883,974916,240,17,73,350,21,43
884,974916,240,17,73,350,25,73
885,712795,240,21,57,350,27,73
886,581795,240,21,80,350,27,73
887,975011,240,17,86,350,23,75
888,975145,240,21,70,350,33,68
889,975230,240,21,82,350,27,90
890,975355,240,17,56,350,31,67
891,189009,240,13,77,350,27,80
892,189073,240,17,77,350,23,76
893,451429,240,19,58,350,21,66
894,844796,240,21,71,350,23,55
895,713858,240,17,53,350,23,32
896,713858,240,17,53,350,31,66
897,713905,240,11,64,350,23,76
898,189719,240,17,72,350,23,66
899,714011,240,11,66,350,23,72
900,582947,240,11,77,350,27,80
901,583065,240,21,60,350,27,71
902,189867,240,27,75,350,31,61
903,845250,240,17,66,350,23,82
904,714194,240,33,73,350,41,76
905,321069,240,21,52,350,27,60
906,845404,240,17,76,350,21,83
907,583552,240,17,78,350,23,83
908,976944,240,11,67,350,21,70
909,976970,240,33,68,350,41,63
910,190900,240,13,74,350,21,74
911,190969,240,15,58,350,25,61
912,977405,240,17,74,350,23,58
913,584199,240,11,76,350,21,88
914,191006,240,31,68,350,37,60
915,322092,240,21,51,350,27,67
916,846387,240,11,76,350,21,76
917,584309,240,11,64,350,23,81
918,584313,240,21,72,350,27,69
919,453280,240,21,81,350,27,64
920,715465,240,15,97,350,21,99
921,191192,240,7,71,350,21,80
922,453383,240,13,79,350,21,81
923,322383,240,13,84,350,21,83
924,846692,240,11,62,350,17,66
925,584571,240,13,86,350,27,82
926,584625,240,27,66,350,33,60
927,322491,240,17,71,350,23,50
928,191544,240,27,67,350,33,67
929,453710,240,21,81,350,27,79
930,322683,240,19,50,350,21,38
932,847173,240,17,50,350,31,44
933,847173,240,17,50,350,33,61
934,716203,240,21,77,350,27,84
935,847409,240,21,83,350,27,75
936,716353,240,21,75,350,27,74
937,323152,240,7,95,350,11,79
938,454225,240,33,72,350,41,78
939,192215,240,17,69,350,23,65
940,192242,240,13,66,350,21,88
941,323398,240,9,66,350,29,68
942,847754,240,21,84,350,27,83
943,978848,240,11,83,350,15,72
944,978876,240,21,82,350,27,86
945,978948,240,17,54,350,31,75
946,323602,240,15,57,350,27,62
947,585777,240,23,62,350,31,69
948,192756,240,17,63,350,23,70
949,717056,240,7,83,350,13,88
950,455006,240,17,58,350,23,40
951,455006,240,17,58,350,27,50
952,848348,240,21,88,350,27,91
953,586217,240,15,70,350,21,63
954,717587,240,17,65,350,21,62
955,586709,240,13,94,350,27,90
956,848930,240,27,69,350,33,56
957,193702,240,15,77,350,21,58
958,324824,240,21,71,350,27,81
959,586994,240,11,76,350,13,72
960,324856,240,17,67,350,23,56
961,324920,240,17,57,350,31,78
962,849449,240,23,71,350,27,67
963,194153,240,21,84,350,27,86
964,849641,240,21,77,350,27,82
965,325448,240,21,69,350,23,85
966,587720,240,21,52,350,33,61
967,587764,240,23,54,350,31,68
968,981072,240,19,78,350,25,68
969,587957,240,23,66,350,33,62
970,194747,240,13,86,350,21,58
971,194810,240,17,82,350,31,89
972,456955,240,21,62,350,27,55
973,456977,240,13,72,350,21,65
974,456981,240,17,87,350,23,85
975,719166,240,13,85,350,21,87
976,719326,240,11,68,350,17,68
977,457322,240,17,86,350,23,80
978,981625,240,17,75,350,23,76
979,326304,240,13,61,350,21,78
980,719980,240,19,80,350,25,85
981,982159,240,17,60,350,23,69
982,851141,240,21,56,350,27,62
983,195878,240,21,94,350,23,83
984,327083,240,13,61,350,21,69
985,589263,240,21,68,350,27,62
986,196125,240,41,51,350,43,58
987,196135,240,13,81,350,21,82
988,196170,240,21,60,350,33,57
989,458364,240,27,83,350,33,78
990,327443,240,17,88,350,23,90
991,983146,240,21,78,350,27,80
992,589943,240,21,70,350,27,71
993,589976,240,17,87,350,23,85
994,721141,240,21,67,350,27,75
995,983330,240,25,64,350,27,64
996,328033,240,57,72,350,61,56
997,721302,240,11,66,350,17,75
998,328123,240,17,82,350,23,93
999,590285,240,21,58,350,27,78
1000,983567,240,11,87,350,21,87
1001,197205,240,13,73,350,21,67
1002,721569,240,17,80,350,23,82
1003,852690,240,21,70,350,33,65
1004,459539,240,13,64,350,21,73
1005,328498,240,29,61,350,35,56
1006,983879,240,17,54,350,23,72
1007,197566,240,7,63,350,13,84
1008,459945,240,21,61,350,29,43
1009,459945,240,21,61,350,35,68
1010,853165,240,11,39,350,23,80
1011,853165,240,17,69,350,23,80
1012,197881,240,17,64,350,23,63
1013,460185,240,31,78,350,33,86
1014,460210,240,15,71,350,19,43
1015,460210,240,15,71,350,21,62
1016,329175,240,27,67,350,33,60
1017,460307,240,17,79,350,23,75
1018,329242,240,13,76,350,17,75
1019,984759,240,21,73,350,27,75
1020,198444,240,13,95,350,21,91
1021,854095,240,21,56,350,27,68
1022,198769,240,15,60,350,25,74
1023,198769,240,19,61,350,25,74
1024,460960,240,21,56,350,27,66
1025,330040,240,17,75,350,23,77
1026,330046,240,21,73,350,27,70
1027,592238,240,21,81,350,27,71
1028,199112,240,21,72,350,23,81
1029,854705,240,17,82,350,31,70
1030,723806,240,21,62,350,27,74
1031,461704,240,17,80,350,23,78
1032,592822,240,13,79,350,21,83
1033,986152,240,13,78,350,27,78
1034,986211,240,17,77,350,23,74
1035,724257,240,33,64,350,41,60
1036,855333,240,19,69,350,21,68
1037,724341,240,13,61,350,21,59
1038,200101,240,17,68,350,23,73
1039,462370,240,17,69,350,21,62
1040,986672,240,21,82,350,27,75
1041,200326,240,17,80,350,23,83
1042,986829,240,15,62,350,25,70
1043,200422,240,13,76,350,21,76
1044,855793,240,23,78,350,31,79
1045,986951,240,15,74,350,17,57
1046,855932,240,13,70,350,21,83
1047,331770,240,21,84,350,27,74
1048,331810,240,21,79,350,27,81
1049,594032,240,23,63,350,31,72
1050,200837,240,17,70,350,23,71
1051,331919,240,11,83,350,17,66
1052,725315,240,27,72,350,33,68
1053,201045,240,11,73,350,13,73
1054,987479,240,21,68,350,23,78
1055,332142,240,21,76,350,27,80
1056,463242,240,21,77,350,27,80
1057,463388,240,31,84,350,33,82
1058,725587,240,1,58,350,21,74
1059,332385,240,21,76,350,27,74
1060,987777,240,13,73,350,21,63
1061,463624,240,21,81,350,27,84
1062,594720,240,21,73,350,27,73
1063,463651,240,11,81,350,23,76
1064,463773,240,15,80,350,21,78
1065,857058,240,17,53,350,31,66
1066,463990,240,13,68,350,21,62
1067,857379,240,17,74,350,23,83
1068,988567,240,13,82,350,21,69
1069,595358,240,11,64,350,21,74
1070,464421,240,13,96,350,17,94
1071,988805,240,17,65,350,31,34
1072,988805,240,17,65,350,37,64
1073,464520,240,17,76,350,23,72
1074,595834,240,17,77,350,23,71
1075,726915,240,21,68,350,29,53
1076,858006,240,17,70,350,23,77
1077,595921,240,11,55,350,17,62
1078,989166,240,21,81,350,27,61
1079,595955,240,21,52,350,33,36
1080,333837,240,17,52,350,23,67
1081,727097,240,17,88,350,23,88
1082,464961,240,17,59,350,23,68
1083,596137,240,1,69,350,15,80
1084,858284,240,21,73,350,27,78
1085,596203,240,17,70,350,23,84
1087,465175,240,11,84,350,21,70
1088,858664,240,21,50,350,27,57
1089,858707,240,13,55,350,17,60
1090,465896,240,7,68,350,13,32
1091,465896,240,7,68,350,17,66
1092,990337,240,21,81,350,27,70
1093,859304,240,17,72,350,23,67
1094,204078,240,13,74,350,21,90
1095,204094,240,17,71,350,23,68
1096,335262,240,21,70,350,23,79
1097,859571,240,23,55,350,37,35
1098,859678,240,17,69,350,23,80
1099,859699,240,19,50,350,21,60
1100,990822,240,21,57,350,25,54
1101,204476,240,17,64,350,23,57
1102,728898,240,17,86,350,23,63
1103,204674,240,23,67,350,31,70
1104,204747,240,13,60,350,21,76
1105,991243,240,13,74,350,21,71
1106,205043,240,17,60,350,23,58
1107,860468,240,21,84,350,27,83
1108,991696,240,17,73,350,23,82
1109,598481,240,21,73,350,33,63
1110,598574,240,31,85,350,33,89
1111,729651,240,27,57,350,41,50
1112,991857,240,13,84,350,37,50
1113,467655,240,21,50,350,23,69
1114,860920,240,23,74,350,31,54
1115,467787,240,17,92,350,23,90
1116,205764,240,21,58,350,27,59
1117,730056,240,21,73,350,27,82
1118,730151,240,21,81,350,27,79
1119,337130,240,13,87,350,21,78
1120,599298,240,21,79,350,27,90
1121,861511,240,1,78,350,7,89
1122,992766,240,21,63,350,27,65
1123,206379,240,17,79,350,23,86
1124,468600,240,9,80,350,11,72
1125,206528,240,11,81,350,23,76
1126,468781,240,21,84,350,27,85
1127,206730,240,13,80,350,21,81
1128,993216,240,21,56,350,27,62
1129,206799,240,21,57,350,23,77
1130,468945,240,17,76,350,23,60
1131,337892,240,15,76,350,21,73
1132,731136,240,21,69,350,27,65
1133,206906,240,13,83,350,17,86
1134,731229,240,21,62,350,27,63
1135,206966,240,11,65,350,17,68
1136,206978,240,13,82,350,27,91
1137,600205,240,17,64,350,25,65
1138,862353,240,13,77,350,17,74
1139,338114,240,23,71,350,31,58
1140,469242,240,17,78,350,23,67
1141,338314,240,17,77,350,23,70
1142,469473,240,15,81,350,21,71
1143,862759,240,17,84,350,23,88
1144,862804,240,23,86,350,31,67
1145,993946,240,13,95,350,21,92
1146,600744,240,17,74,350,23,78
1147,731918,240,13,75,350,21,77
1148,994105,240,21,81,350,27,65
1149,207735,240,13,92,350,27,75
1150,863151,240,21,62,350,27,74
1151,207804,240,17,69,350,23,72
1152,207934,240,11,89,350,13,86
1153,994504,240,17,90,350,23,95
1154,601356,240,23,67,350,31,72
1155,470315,240,27,70,350,33,61
1156,732693,240,21,89,350,27,90
1157,863783,240,13,85,350,21,81
1158,994897,240,21,100,350,27,74
1159,470742,240,13,61,350,27,71
1160,470978,240,3,71,350,13,72
1161,471017,240,13,64,350,23,60
1162,471025,240,19,60,350,31,75
1163,995406,240,17,80,350,23,81
1164,602193,240,21,74,350,27,83
1165,471336,240,27,70,350,33,65
1166,864581,240,21,61,350,23,72
1167,995654,240,11,60,350,21,82
1168,995797,240,11,79,350,17,72
1169,209462,240,17,94,350,23,87
1170,733831,240,17,70,350,23,68
1171,209764,240,21,62,350,25,73
1172,209846,240,13,64,350,21,80
1173,472265,240,17,83,350,23,88
1174,996570,240,9,33,350,21,58
1175,996570,240,15,57,350,21,58
1176,603374,240,21,50,350,27,69
1177,341241,240,13,72,350,21,46
1178,341241,240,13,72,350,23,73
1179,734472,240,27,60,350,33,51
1180,472339,240,21,67,350,27,73
1181,603463,240,47,68,350,57,59
1182,865618,240,11,73,350,21,73
1183,603550,240,27,85,350,33,94
1184,341410,240,13,74,350,21,82
1185,210526,240,21,65,350,27,68
1186,996959,240,7,99,350,17,91
1187,210543,240,17,57,350,23,56
1188,603786,240,13,62,350,21,31
1189,603786,240,13,62,350,27,64
1190,210593,240,17,76,350,23,60
1191,210747,240,21,93,350,27,74
1192,997298,240,13,95,350,21,90
1193,604300,240,23,63,350,31,66
1194,604412,240,17,56,350,23,56
1195,735525,240,21,52,350,27,85
1196,473457,240,23,67,350,31,77
1197,604538,240,21,52,350,33,44
1198,604538,240,21,52,350,53,80
1199,604831,240,7,60,350,31,67
1200,342706,240,27,73,350,33,80
1201,342857,240,17,88,350,23,96
1202,605062,240,3,71,350,11,50
1203,998433,240,15,73,350,21,72
1204,343076,240,21,57,350,27,72
1205,212027,240,21,57,350,27,76
1206,605447,240,25,67,350,31,74
1207,343377,240,17,75,350,21,57
1208,212338,240,13,61,350,23,44
1209,212338,240,13,61,350,31,64
1210,605558,240,13,91,350,21,96
1211,736761,240,21,67,350,27,67
1212,998981,240,21,67,350,27,65
1213,999029,240,13,77,350,21,87
1214,212602,240,13,90,350,23,70
1215,736895,240,17,61,350,31,71
1216,474754,240,21,76,350,27,80
1217,736900,240,21,71,350,27,57
1218,605864,240,17,67,350,23,63
1219,736998,240,17,82,350,23,80
1220,343799,240,27,67,350,33,61
1221,343902,240,41,52,350,43,65
1222,475101,240,27,59,350,33,45
1223,475101,240,27,59,350,41,50
1224,344060,240,17,60,350,37,66
1225,475199,240,17,77,350,21,62
1226,475271,240,11,93,350,17,74
1227,737440,240,17,65,350,23,50
1228,213192,240,17,85,350,23,65
1229,868628,240,3,80,350,7,85
1230,868666,240,31,66,350,33,63
1231,868699,240,15,66,350,17,77
1232,737879,240,11,81,350,23,86
1233,475829,240,17,67,350,23,62
1234,738051,240,27,80,350,33,56
1235,475963,240,21,88,350,27,93
1236,738198,240,21,73,350,27,87
1237,738234,240,21,73,350,27,70
1238,738241,240,17,82,350,23,74
1239,476255,240,13,86,350,21,73
1240,738415,240,13,89,350,27,91
1241,214155,240,21,65,350,27,74
1242,476353,240,21,78,350,27,78
1243,214339,240,9,57,350,21,83
1244,476552,240,17,88,350,23,80
1245,476637,240,21,61,350,27,63
1246,345603,240,23,66,350,31,66
1247,345811,240,17,82,350,23,68
1248,870102,240,33,59,350,41,62
1249,870223,240,21,75,350,27,78
1250,345971,240,17,79,350,23,72
1251,870311,240,9,62,350,19,50
1252,214974,240,21,58,350,33,55
1253,215026,240,17,62,350,23,56
1254,346194,240,23,69,350,31,63
1255,215168,240,13,92,350,27,86
1256,215186,240,21,84,350,27,70
1257,739497,240,17,50,350,23,64
1258,739505,240,21,61,350,27,83
1259,215233,240,17,84,350,23,83
1260,477636,240,13,67,350,27,75
1261,346601,240,21,66,350,27,70
1262,346876,240,17,62,350,23,64
1263,478067,240,21,73,350,27,63
1264,216073,240,21,67,350,33,81
1265,347233,240,17,64,350,23,50
1266,871591,240,17,74,350,23,68
1267,871671,240,15,38,350,21,28
1268,871671,240,15,38,350,29,44
1269,871671,240,19,53,350,21,28
1270,871671,240,19,53,350,29,44
1271,347473,240,21,75,350,27,82
1272,609737,240,11,66,350,17,75
1273,478705,240,3,72,350,7,57
1274,609843,240,19,57,350,25,56
1275,741084,240,21,70,350,23,67
1276,741351,240,17,72,350,23,80
1277,217088,240,23,68,350,31,67
1278,348184,240,23,76,350,31,72
1279,479549,240,19,76,350,21,58
1280,479916,240,11,80,350,23,81
1281,479959,240,21,65,350,27,67
1282,348993,240,17,89,350,23,90
1283,348995,240,17,75,350,31,80
1284,611330,240,17,76,350,23,76
1285,611439,240,19,57,350,21,44
1286,611439,240,19,57,350,25,50
1287,742868,240,17,71,350,23,63
1288,349725,240,7,50,350,15,64
1289,742951,240,19,57,350,25,53
1290,742965,240,27,66,350,33,54
1291,743057,240,17,68,350,23,77
1292,481096,240,21,79,350,27,70
1293,743295,240,27,72,350,33,83
1294,612404,240,3,69,350,11,78
1295,350328,240,27,71,350,33,74
1296,874681,240,17,93,350,27,76
1297,219457,240,17,55,350,23,62
1298,743900,240,21,75,350,31,66
1299,874976,240,37,60,350,41,50
1300,612889,240,23,55,350,31,64
1301,481876,240,21,85,350,33,91
1302,481904,240,13,43,350,31,59
1303,481904,240,21,62,350,31,59
1304,219874,240,11,82,350,13,62
1305,219884,240,13,73,350,21,79
1306,613199,240,17,78,350,23,63
1307,744326,240,23,64,350,31,59
1308,613418,240,17,69,350,31,70
1309,875633,240,33,86,350,43,83
1310,351450,240,27,61,350,33,51
1311,613828,240,17,64,350,31,73
1312,351725,240,21,89,350,27,85
1313,220720,240,13,90,350,21,93
1314,745016,240,13,82,350,21,70
1315,613958,240,11,58,350,23,68
1316,482890,240,11,65,350,13,40
1317,482890,240,11,65,350,17,63
1318,351962,240,17,95,350,23,90
1319,483181,240,13,68,350,27,74
1320,483216,240,17,67,350,23,72
1321,483239,240,17,54,350,21,64
1322,876498,240,21,65,350,27,64
1323,614383,240,17,81,350,23,80
1324,483364,240,17,72,350,21,66
1325,221274,240,9,79,350,25,78
1326,876928,240,3,66,350,11,65
1327,877331,240,11,69,350,23,64
1328,746323,240,15,63,350,21,76
1329,484317,240,13,75,350,21,61
1330,615617,240,17,72,350,23,67
1331,484692,240,9,75,350,19,79
1332,222612,240,13,77,350,27,80
1333,353699,240,17,81,350,23,73
1334,353817,240,17,69,350,27,68
1335,222861,240,17,83,350,23,66
1336,878423,240,11,64,350,17,75
1337,616318,240,11,57,350,13,72
1338,878579,240,21,59,350,27,77
1339,223242,240,21,67,350,27,71
1340,354374,240,31,63,350,33,43
1341,354374,240,31,63,350,41,73
1342,747686,240,21,70,350,27,71
1343,485739,240,17,76,350,23,58
1344,616836,240,21,65,350,27,74
1345,616845,240,17,81,350,23,63
1346,616953,240,21,51,350,27,69
1347,223825,240,13,70,350,21,66
1348,748196,240,7,66,350,23,60
1349,879301,240,13,89,350,27,67
1350,486118,240,23,86,350,31,88
1351,355306,240,17,55,350,27,56
1352,224284,240,21,72,350,27,68
1353,486498,240,11,62,350,13,58
1354,224408,240,21,67,350,27,72
1355,355480,240,21,71,350,27,71
1356,879791,240,7,76,350,13,70
1357,224540,240,13,64,350,17,70
1358,355687,240,21,51,350,27,62
1359,486792,240,17,76,350,23,61
1360,486892,240,17,59,350,23,60
1361,355843,240,15,98,350,29,97
1362,224802,240,11,56,350,21,44
1363,224802,240,11,56,350,23,50
1364,224963,240,21,58,350,23,51
1365,487109,240,9,64,350,25,65
1366,749303,240,17,71,350,23,67
1367,749370,240,17,76,350,31,79
1368,618350,240,21,71,350,27,69
1369,487313,240,21,71,350,23,63
1370,618429,240,17,58,350,31,73
1371,225543,240,25,80,350,29,79
1372,487698,240,27,58,350,37,55
1373,618936,240,11,77,350,13,76
1374,619201,240,17,70,350,27,65
1375,619241,240,13,62,350,27,71
1376,881437,240,11,73,350,17,72
1377,488245,240,13,54,350,21,52
1378,488286,240,17,76,350,23,82
1379,226187,240,27,60,350,37,66
1380,226323,240,7,87,350,13,95
1381,881730,240,11,79,350,17,74
1382,881818,240,27,80,350,33,74
1383,881832,240,31,64,350,37,63
1384,488753,240,23,63,350,31,77
1385,488815,240,31,60,350,33,61
1386,619897,240,27,69,350,41,50
1387,882074,240,23,86,350,27,70
1388,751003,240,21,74,350,27,76
1389,488886,240,19,66,350,25,64
1390,489068,240,21,76,350,27,79
1391,882555,240,17,71,350,23,75
1392,620507,240,21,53,350,27,70
1393,358392,240,15,67,350,21,74
1394,751616,240,11,75,350,13,73
1395,358439,240,21,84,350,27,86
1396,358597,240,21,84,350,27,88
1397,489837,240,21,75,350,27,78
1398,227834,240,17,90,350,21,82
1399,227964,240,17,80,350,23,73
1400,228065,240,17,69,350,23,62
1401,359156,240,11,79,350,23,88
1402,883450,240,21,64,350,27,44
1403,883450,240,21,64,350,31,55
1404,359163,240,21,76,350,33,67
1405,490250,240,33,59,350,43,46
1406,490250,240,33,59,350,53,50
1407,490343,240,17,86,350,23,73
1408,490394,240,21,72,350,33,70
1409,752642,240,21,71,350,27,75
1410,359475,240,17,67,350,23,55
1411,621636,240,13,82,350,21,87
1412,883885,240,11,62,350,21,74
1413,228641,240,21,71,350,23,78
1414,753021,240,19,72,350,25,65
1415,884237,240,1,72,350,7,75
1416,228896,240,17,53,350,23,73
1417,491142,240,21,52,350,23,71
1418,229007,240,17,63,350,23,61
1419,360153,240,17,76,350,23,72
1420,491236,240,17,75,350,23,50
1421,229128,240,13,79,350,21,79
1422,491431,240,21,50,350,31,65
1423,229325,240,21,81,350,27,71
1424,229365,240,21,66,350,27,76
1425,491648,240,13,78,350,21,84
1426,622740,240,11,41,350,27,67
1427,622740,240,17,71,350,27,67
1428,885022,240,17,53,350,23,50
1429,491868,240,21,62,350,27,54
1430,622976,240,27,60,350,41,34
1431,622976,240,27,60,350,43,73
1432,360949,240,19,66,350,25,67
1433,623146,240,15,62,350,21,39
1434,623146,240,15,62,350,29,78
1435,754307,240,21,52,350,25,53
1436,361253,240,11,62,350,23,72
1437,885592,240,17,76,350,23,66
1438,230295,240,15,78,350,17,69
1439,361513,240,11,85,350,13,93
1440,230455,240,13,62,350,21,45
1441,230455,240,13,62,350,27,59
1442,492695,240,23,55,350,31,82
1443,492712,240,17,61,350,23,64
1444,230760,240,21,72,350,23,63
1445,624191,240,31,82,350,39,87
1446,493125,240,17,81,350,23,78
1447,231018,240,19,56,350,21,60
1448,493191,240,21,71,350,33,76
1449,755336,240,13,83,350,27,87
1450,362142,240,23,63,350,31,55
1451,231120,240,13,57,350,23,66
1452,362218,240,17,53,350,23,66
1453,100134,240,21,68,350,27,65
1454,755603,240,21,72,350,27,84
1455,755625,240,9,62,350,21,61
1456,886834,240,17,59,350,23,84
1457,362557,240,21,69,350,23,58
1458,231534,240,21,72,350,27,82
1459,100485,240,17,78,350,27,69
1460,886957,240,17,61,350,23,51
1461,362682,240,27,50,350,41,65
1462,100728,240,13,72,350,21,79
1463,362948,240,21,80,350,27,81
1464,494021,240,21,66,350,27,88
1465,100816,240,11,53,350,17,45
1466,100816,240,11,53,350,21,59
1467,756232,240,11,81,350,17,92
1468,887441,240,21,66,350,27,72
1469,494474,240,9,68,350,19,77
1470,363423,240,17,80,350,31,84
1471,101324,240,17,59,350,27,67
1472,887798,240,17,78,350,23,73
1473,887826,240,27,73,350,33,68
1474,494623,240,21,65,350,23,52
1475,101474,240,13,60,350,17,63
1476,363625,240,21,69,350,33,37
1477,363625,240,21,69,350,47,77
1478,756932,240,11,76,350,31,83
1479,364132,240,27,67,350,33,50
1480,757369,240,17,70,350,23,70
1481,626370,240,17,84,350,21,73
1482,233392,240,15,89,350,21,81
1483,626789,240,13,75,350,21,73
1484,888934,240,21,56,350,51,72
1485,757882,240,23,70,350,31,78
1486,364752,240,21,66,350,23,41
1487,364752,240,21,66,350,27,66
1488,626992,240,27,43,350,43,70
1489,626992,240,41,66,350,43,70
1490,102745,240,11,71,350,17,57
1491,495977,240,17,64,350,23,68
1492,102763,240,23,65,350,37,74
1493,627073,240,17,63,350,23,74
1494,496069,240,13,62,350,21,45
1495,496069,240,13,62,350,31,79
1496,627180,240,19,64,350,29,70
1497,365271,240,17,99,350,23,95
1498,234236,240,13,69,350,21,60
1499,365349,240,13,79,350,17,50
1500,103216,240,17,79,350,23,77
1501,234345,240,15,67,350,27,69
1502,628068,240,17,81,350,23,68
1503,366018,240,21,53,350,27,60
1504,366079,240,3,35,350,13,86
1505,366079,240,11,58,350,13,86
1506,628260,240,13,79,350,21,64
1507,890406,240,13,63,350,21,77
1508,104016,240,11,98,350,13,97
1509,890499,240,11,46,350,21,51
1510,890499,240,13,69,350,21,51
1511,890548,240,21,80,350,27,67
1512,366278,240,11,85,350,13,78
1513,497362,240,21,75,350,27,64
1514,628510,240,23,68,350,33,59
1515,890687,240,7,57,350,13,56
1516,104345,240,17,91,350,23,85
1517,628781,240,17,73,350,23,85
1518,628806,240,21,86,350,27,79
1519,366669,240,1,63,350,15,59
1520,104655,240,17,97,350,23,88
1521,366964,240,9,57,350,21,67
1522,891420,240,13,76,350,21,88
1523,629282,240,13,77,350,21,73
1524,105233,240,21,70,350,27,72
1525,629566,240,11,73,350,23,83
1526,760680,240,11,79,350,17,73
1527,891794,240,17,77,350,23,71
1528,498686,240,31,62,350,37,80
1529,367687,240,11,66,350,23,64
1530,498827,240,17,73,350,23,61
1531,367763,240,13,81,350,27,83
1532,892060,240,21,80,350,27,86
1533,367784,240,21,53,350,27,60
1534,498863,240,17,69,350,23,53
1535,236858,240,17,87,350,27,87
1536,499055,240,27,62,350,31,70
1537,236947,240,11,66,350,17,76
1538,368144,240,13,85,350,27,90
1539,368181,240,17,67,350,25,68
1540,499277,240,17,73,350,23,75
1541,761574,240,21,60,350,23,64
1542,499434,240,21,85,350,27,81
1543,499573,240,9,61,350,29,80
1544,630751,240,17,73,350,23,73
1545,892934,240,21,65,350,27,64
1546,761890,240,31,83,350,37,84
1547,237627,240,27,57,350,33,20
1548,237627,240,27,57,350,37,73
1549,500063,240,13,68,350,23,65
1550,762273,240,17,62,350,23,67
1551,106994,240,21,53,350,27,70
1552,631333,240,21,56,350,23,74
1553,369321,240,11,60,350,21,66
1554,631476,240,17,71,350,23,64
1555,762732,240,13,78,350,21,37
1556,762732,240,13,78,350,23,72
1557,893883,240,23,70,350,31,67
1558,631757,240,27,59,350,51,66
1559,107606,240,21,75,350,27,78
1560,500918,240,13,74,350,27,74
1561,894171,240,17,65,350,21,77
1562,238895,240,15,77,350,25,80
1563,239055,240,21,60,350,27,70
1564,763357,240,21,73,350,23,70
1565,894432,240,15,65,350,21,74
1566,632304,240,13,70,350,21,67
1567,370189,240,33,81,350,41,72
1568,108104,240,17,87,350,23,81
1569,370369,240,11,88,350,13,77
1570,370401,240,21,70,350,33,57
1571,894735,240,21,76,350,27,82
1572,894931,240,13,77,350,21,94
1573,763886,240,17,83,350,23,86
1574,894965,240,11,63,350,21,56
1575,632879,240,17,76,350,23,68
1576,632883,240,21,84,350,31,86
1577,239685,240,19,67,350,25,75
1578,632923,240,13,58,350,21,61
1579,501869,240,15,64,350,25,67
1580,239764,240,21,79,350,27,74
1581,895235,240,11,82,350,23,79
1582,633101,240,11,56,350,15,44
1583,633101,240,11,56,350,19,65
1584,108904,240,21,31,350,31,56
1585,108904,240,27,75,350,31,56
1586,764296,240,17,87,350,27,82
1587,240013,240,31,69,350,33,63
1588,633284,240,21,69,350,27,62
1589,633362,240,17,88,350,23,96
1590,371297,240,17,64,350,23,50
1591,109191,240,27,54,350,31,66
1592,502431,240,21,75,350,23,79
1593,502458,240,21,74,350,27,86
1594,764612,240,1,52,350,21,90
1595,895725,240,27,84,350,33,75
1596,371597,240,17,68,350,23,71
1597,109583,240,11,71,350,13,67
1598,633871,240,13,85,350,27,77
1599,764945,240,17,86,350,23,92
1600,633975,240,17,67,350,23,64
1601,765222,240,21,63,350,27,84
1602,896338,240,21,64,350,27,73
1603,896416,240,11,79,350,17,57
1604,241229,240,17,64,350,23,45
1605,241229,240,17,64,350,31,71
1606,634522,240,13,53,350,27,59
1607,634570,240,17,65,350,23,63
1608,372433,240,27,70,350,33,51
1609,372449,240,17,72,350,23,74
1610,765686,240,1,69,350,9,72
1611,765735,240,17,68,350,23,71
1612,372549,240,17,71,350,23,94
1613,241630,240,17,72,350,23,75
1614,766018,240,13,69,350,17,76
1615,504135,240,13,83,350,21,67
1616,373117,240,13,81,350,27,83
1617,242213,240,13,81,350,27,93
1618,504622,240,21,67,350,27,84
1619,635702,240,37,99,350,43,94
1620,897918,240,21,66,350,27,76
1621,504735,240,17,73,350,23,65
1622,766899,240,13,69,350,17,61
1623,766939,240,19,70,350,29,74
1624,111725,240,23,56,350,31,79
1625,636160,240,21,93,350,27,77
1626,767256,240,31,73,350,39,64
1627,898333,240,11,58,350,17,50
1628,374049,240,17,78,350,23,78
1629,505132,240,21,60,350,27,69
1630,243016,240,21,62,350,33,76
1631,898420,240,13,75,350,27,82
1632,112075,240,21,61,350,27,70
1633,898630,240,21,81,350,27,66
1634,767576,240,9,61,350,21,70
1635,767989,240,17,84,350,23,77
1636,505852,240,17,86,350,23,70
1637,768096,240,17,86,350,33,59
1638,899194,240,31,62,350,41,60
1639,112786,240,27,66,350,37,57
1640,637088,240,17,60,350,23,46
1641,637088,240,17,60,350,31,66
1642,768234,240,7,51,350,21,53
1643,375276,240,27,63,350,33,41
1644,375276,240,27,63,350,37,61
1645,244302,240,13,68,350,21,58
1646,768598,240,13,73,350,21,70
1647,637540,240,13,71,350,21,78
1648,375409,240,13,93,350,21,79
1649,768803,240,17,84,350,23,70
1650,375647,240,11,100,350,17,99
1651,375657,240,11,61,350,17,73
1652,244825,240,21,71,350,27,84
1653,769467,240,17,43,350,31,71
1654,769467,240,23,69,350,31,71
1655,638432,240,11,68,350,23,62
1656,376323,240,17,75,350,23,74
1657,114251,240,17,73,350,23,80
1658,770022,240,17,95,350,23,90
1659,770031,240,13,66,350,23,65
1660,376844,240,11,92,350,23,91
1661,377037,240,15,78,350,25,73
1662,639227,240,13,65,350,23,60
1663,246057,240,7,76,350,13,68
1664,246072,240,27,72,350,33,62
1665,115091,240,13,54,350,27,41
1666,115091,240,13,54,350,33,45
1667,115091,240,13,54,350,41,67
1668,770570,240,13,87,350,21,57
1669,639661,240,17,71,350,23,65
1670,115390,240,23,66,350,31,71
1671,377569,240,17,83,350,23,84
1672,901942,240,23,70,350,37,61
1673,246595,240,17,72,350,23,73
1674,508799,240,21,83,350,27,62
1675,115745,240,21,72,350,27,71
1676,115779,240,11,62,350,27,77
1677,115792,240,21,68,350,27,59
1678,771173,240,23,69,350,31,45
1679,771173,240,23,69,350,37,66
1680,640108,240,17,81,350,23,71
1681,115860,240,17,82,350,23,74
1682,640287,240,17,63,350,23,73
1683,378369,240,17,61,350,23,78
1684,509483,240,13,62,350,21,83
1685,771921,240,13,74,350,21,77
1686,509806,240,21,65,350,27,71
1687,116897,240,17,73,350,23,74
1688,772295,240,21,51,350,23,62
1689,641362,240,21,66,350,33,75
1690,641436,240,19,66,350,49,73
1691,248227,240,27,72,350,33,72
1692,772538,240,37,51,350,41,68
1693,903640,240,21,87,350,27,88
1694,248346,240,21,63,350,27,73
1695,772654,240,13,83,350,21,60
1696,248422,240,13,53,350,21,70
1697,772868,240,17,85,350,31,76
1698,248613,240,21,83,350,27,88
1699,773099,240,13,71,350,21,69
1700,117800,240,21,79,350,27,89
1701,117876,240,23,62,350,31,74
1702,773343,240,21,83,350,27,80
1703,380167,240,11,65,350,23,84
1704,773420,240,13,46,350,31,63
1705,773420,240,23,83,350,31,63
1706,380235,240,37,73,350,43,80
1707,118092,240,13,73,350,21,71
1708,773507,240,21,63,350,27,71
1709,642550,240,27,73,350,31,75
1710,249431,240,17,70,350,23,74
1711,904836,240,21,74,350,25,74
1712,380573,240,21,81,350,27,78
1713,380611,240,13,75,350,21,73
1714,511846,240,21,66,350,33,62
1715,642974,240,17,80,350,31,78
1716,249857,240,17,58,350,31,74
1717,905254,240,17,72,350,23,75
1718,774213,240,17,89,350,47,80
1719,905311,240,15,63,350,21,40
1720,905311,240,15,63,350,29,50
1721,381111,240,17,67,350,23,94
1722,381127,240,21,72,350,27,69
1723,512223,240,13,83,350,21,82
1724,250100,240,13,84,350,27,80
1725,643421,240,17,75,350,23,70
1726,381387,240,21,86,350,25,82
1727,381432,240,27,56,350,33,55
1728,119339,240,13,75,350,31,71
1729,774771,240,17,80,350,23,87
1730,774811,240,13,52,350,31,75
1731,119515,240,19,54,350,21,52
1732,905955,240,21,88,350,23,92
1733,119554,240,17,70,350,23,71
1734,512823,240,21,60,350,41,50
1735,775007,240,7,64,350,13,74
1736,119688,240,21,84,350,27,77
1737,644105,240,27,70,350,37,80
1738,382062,240,11,61,350,13,72
1739,775286,240,17,70,350,27,70
1740,120050,240,17,84,350,23,90
1741,906566,240,17,86,350,27,85
1742,120215,240,17,84,350,23,68
1743,906699,240,21,79,350,33,81
1744,120364,240,19,83,350,25,79
1745,120378,240,17,82,350,27,74
1746,775823,240,27,72,350,33,93
1747,251596,240,13,66,350,21,62
1748,382748,240,27,67,350,33,80
1749,513894,240,11,67,350,21,66
1750,776061,240,21,66,350,27,68
1751,776139,240,23,74,350,33,42
1752,776139,240,23,74,350,43,69
1753,645183,240,21,77,350,27,81
1754,251978,240,23,80,350,31,81
1755,120936,240,17,87,350,23,83
1756,776335,240,21,82,350,31,70
1757,514205,240,31,51,350,37,69
1758,776404,240,21,58,350,27,82
1759,252296,240,19,55,350,21,46
1760,252296,240,19,55,350,25,74
1761,645552,240,13,77,350,21,54
1762,645642,240,17,76,350,21,43
1763,645642,240,17,76,350,23,77
1764,121392,240,21,66,350,27,64
1765,383570,240,15,60,350,29,72
1766,383571,240,9,57,350,21,60
1767,645724,240,17,52,350,23,70
1768,645741,240,15,67,350,21,55
1769,776878,240,17,63,350,23,59
1770,383689,240,21,69,350,27,71
1771,383763,240,21,80,350,27,80
1772,121661,240,33,86,350,41,93
1773,908120,240,33,57,350,41,54
1774,908134,240,13,81,350,17,68
1775,908161,240,27,70,350,31,65
1776,646346,240,11,84,350,13,75
1777,646445,240,15,94,350,21,65
1778,384348,240,23,66,350,27,73
1779,384386,240,9,89,350,15,94
1780,646601,240,21,61,350,27,67
1781,646820,240,17,69,350,23,71
1782,909032,240,13,76,350,21,55
1783,122665,240,13,72,350,23,71
1784,384815,240,21,76,350,31,75
1785,778032,240,11,67,350,21,60
1786,515981,240,3,44,350,21,76
1787,515981,240,17,69,350,21,76
1788,516037,240,21,68,350,27,66
1789,385133,240,11,57,350,13,50
1790,385133,240,11,57,350,23,66
1791,516257,240,1,94,350,3,91
1792,123181,240,13,89,350,17,75
1793,123187,240,17,68,350,23,75
1794,909623,240,27,64,350,33,57
1795,778643,240,21,55,350,31,60
1796,385436,240,11,77,350,23,71
1797,647590,240,11,58,350,21,73
1798,909823,240,17,73,350,23,86
1799,778841,240,23,65,350,31,78
1800,909980,240,17,82,350,23,66
1801,910055,240,23,72,350,31,61
1802,254739,240,11,76,350,13,56
1803,516981,240,21,67,350,31,63
1804,910200,240,13,80,350,21,76
1805,779164,240,21,69,350,33,50
1806,255096,240,21,90,350,27,74
1807,779462,240,17,69,350,31,90
1808,517366,240,11,62,350,17,81
1809,386436,240,21,72,350,27,88
1810,386471,240,17,65,350,37,71
1811,124369,240,31,70,350,39,69
1812,648672,240,21,87,350,27,87
1813,779772,240,11,90,350,23,97
1814,910893,240,17,80,350,31,73
1815,255542,240,17,58,350,23,66
1816,124550,240,21,80,350,27,78
1817,255716,240,17,68,350,23,78
1818,386823,240,23,65,350,31,70
1819,911172,240,17,84,350,23,89
1820,911260,240,13,58,350,21,58
1821,518161,240,21,51,350,27,63
1822,124973,240,9,74,350,11,60
1823,518208,240,11,75,350,23,80
1824,256091,240,21,69,350,23,56
1825,649404,240,21,55,350,27,70
1826,387277,240,21,100,350,33,98
1827,649454,240,17,65,350,23,69
1828,780616,240,15,54,350,25,65
1829,125322,240,15,66,350,21,85
1830,911783,240,17,64,350,23,61
1831,911794,240,21,50,350,27,75
1832,518605,240,21,72,350,27,77
1833,911863,240,15,62,350,21,64
1834,387798,240,17,91,350,23,89
1835,781031,240,13,62,350,21,65
1836,387912,240,21,59,350,33,66
1837,125780,240,21,52,350,33,51
1838,912312,240,11,69,350,23,70
1839,781255,240,21,88,350,27,82
1840,256970,240,17,93,350,23,83
1841,912408,240,17,83,350,23,77
1842,781353,240,21,64,350,27,73
1843,650380,240,11,75,350,13,76
1844,126131,240,11,68,350,21,56
1845,126314,240,17,75,350,23,71
1846,781716,240,11,58,350,19,51
1847,519633,240,21,75,350,27,69
1848,388581,240,7,66,350,23,73
1849,388684,240,21,60,350,27,77
1850,126560,240,15,72,350,19,54
1851,781922,240,21,76,350,27,64
1852,126772,240,21,67,350,27,76
1853,651171,240,21,55,350,27,56
1854,389176,240,13,79,350,21,67
1855,258184,240,27,65,350,33,57
1856,520372,240,17,71,350,23,55
1857,782623,240,1,62,350,21,73
1858,127292,240,23,68,350,31,74
1859,651702,240,11,95,350,27,91
1860,914167,240,13,100,350,21,99
1861,127843,240,17,78,350,23,72
1862,783260,240,17,73,350,27,64
1863,652192,240,17,64,350,23,57
1864,390061,240,11,82,350,23,81
1865,127988,240,21,73,350,29,67
1866,652446,240,21,81,350,31,77
1867,390335,240,25,46,350,39,64
1868,390335,240,31,68,350,39,64
1869,521410,240,21,60,350,27,63
1870,783574,240,21,51,350,31,80
1871,783605,240,11,72,350,21,50
1872,521525,240,17,74,350,23,72
1873,783907,240,21,56,350,27,75
1874,259654,240,21,74,350,27,78
1875,915015,240,13,83,350,17,66
1876,390839,240,13,75,350,21,68
1877,784071,240,17,69,350,23,73
1878,390860,240,21,57,350,27,60
1879,915208,240,17,76,350,23,88
1880,653126,240,17,76,350,23,70
1881,653133,240,21,79,350,27,82
1882,391015,240,17,72,350,23,85
1883,522108,240,17,68,350,23,42
1884,522108,240,17,68,350,37,77
1885,915429,240,13,61,350,27,73
1886,653399,240,13,87,350,17,76
1887,784479,240,11,78,350,23,88
1888,915646,240,7,63,350,27,67
1889,260290,240,21,52,350,33,50
1890,391425,240,21,75,350,27,79
1891,784675,240,21,78,350,27,87
1892,785014,240,21,74,350,27,62
1893,391981,240,23,80,350,33,87
1894,260970,240,21,65,350,27,67
1895,261000,240,11,83,350,23,80
1896,785372,240,13,93,350,21,93
1897,523428,240,21,82,350,27,84
1898,654503,240,17,72,350,23,70
1899,130217,240,23,50,350,27,54
1900,654571,240,21,66,350,27,61
1901,130302,240,17,61,350,23,65
1902,785788,240,15,82,350,25,70
1903,523731,240,21,71,350,25,53
1904,261605,240,13,74,350,21,65
1905,654883,240,23,62,350,31,66
1906,261820,240,21,89,350,27,76
1907,130809,240,9,61,350,21,64
1908,130852,240,13,73,350,21,86
1909,917303,240,17,61,350,23,45
1910,917303,240,17,61,350,33,61
1911,393040,240,23,65,350,37,62
1912,393059,240,21,50,350,23,25
1913,393059,240,21,50,350,31,37
1914,917370,240,11,82,350,17,70
1915,393110,240,9,56,350,21,59
