,StudentID,CourseNumber_x,Term_x,Grade_x,CourseNumber_y,Term_y,Grade_y
0,655430,240,27,72,341,33,72
1,131188,240,23,64,341,31,43
2,131188,240,23,64,341,33,67
3,131205,240,17,82,341,31,92
4,131252,240,21,84,341,23,67
5,917788,240,11,51,341,23,83
6,524634,240,21,72,341,33,62
7,262625,240,1,85,341,7,80
8,787023,240,1,82,341,13,74
9,393886,240,17,73,341,31,73
10,918214,240,13,80,341,23,62
11,262913,240,7,79,341,21,71
12,918323,240,9,76,341,21,50
13,787281,240,17,82,341,23,82
14,787296,240,11,73,341,13,53
15,918408,240,23,59,341,37,55
16,525401,240,9,71,341,21,78
17,656627,240,11,72,341,13,69
18,787766,240,11,74,341,13,80
19,656717,240,27,64,341,33,46
20,656717,240,27,64,341,41,71
21,263554,240,13,73,341,27,75
22,787843,240,7,61,341,21,60
23,394640,240,11,82,341,23,76
24,525934,240,15,53,341,21,73
25,394865,240,31,68,341,37,66
26,788210,240,15,97,341,21,100
27,526102,240,17,67,341,23,63
28,919338,240,17,85,341,23,77
29,263986,240,7,92,341,21,100
30,526165,240,13,90,341,23,99
31,657306,240,3,50,341,7,61
32,264142,240,9,85,341,11,80
33,788540,240,1,93,341,3,95
34,788547,240,17,60,341,31,64
35,788600,240,1,71,341,13,58
36,526476,240,11,70,341,21,58
37,919720,240,17,82,341,23,80
38,133520,240,21,63,341,33,50
39,395676,240,19,52,341,25,69
40,526806,240,21,62,341,27,69
41,264746,240,13,82,341,27,81
42,920196,240,21,57,341,33,60
43,527032,240,17,75,341,23,75
44,133890,240,7,67,341,21,61
45,264967,240,21,57,341,33,63
46,264967,240,27,76,341,33,63
47,265106,240,7,82,341,21,97
48,265140,240,21,76,341,29,65
49,396242,240,11,51,341,31,91
50,134110,240,17,95,341,23,90
51,920646,240,17,87,341,23,100
52,658523,240,7,74,341,17,83
53,396481,240,17,75,341,23,68
54,658701,240,9,63,341,21,55
55,789824,240,19,73,341,21,59
56,265628,240,1,67,341,21,79
57,527861,240,1,85,341,7,83
58,396798,240,21,82,341,27,78
59,396813,240,7,73,341,21,66
60,265752,240,7,56,341,21,62
61,265831,240,17,63,341,23,64
62,265956,240,17,62,341,23,68
63,397034,240,1,84,341,13,84
64,134978,240,15,86,341,29,92
65,790412,240,15,70,341,19,74
66,528297,240,21,77,341,27,75
67,266156,240,17,68,341,31,72
68,921584,240,7,76,341,21,65
69,266249,240,17,77,341,23,80
70,266350,240,9,67,341,15,68
71,266465,240,27,72,341,31,69
72,790931,240,17,76,341,23,76
73,135634,240,1,73,341,11,96
74,135654,240,7,67,341,21,73
75,266750,240,27,67,341,33,78
76,528945,240,3,76,341,11,61
77,791160,240,9,74,341,21,78
78,266931,240,11,79,341,17,90
79,398060,240,21,80,341,27,64
80,398071,240,7,64,341,27,83
81,660573,240,1,70,341,9,55
82,660594,240,21,53,341,31,54
83,267393,240,17,75,341,41,100
84,660673,240,9,79,341,21,81
85,922902,240,15,61,341,21,75
86,136511,240,7,76,341,21,95
87,267721,240,17,85,341,31,85
88,398834,240,17,70,341,31,79
89,792065,240,21,67,341,31,72
90,136770,240,23,83,341,31,88
91,398948,240,11,63,341,13,78
92,530055,240,13,73,341,21,62
93,136858,240,13,99,341,21,83
94,923384,240,17,79,341,33,100
95,792349,240,7,69,341,21,72
96,530272,240,9,71,341,21,87
97,399262,240,13,50,341,23,50
98,661514,240,15,96,341,21,89
99,923674,240,7,81,341,15,87
100,399422,240,9,76,341,25,78
101,530559,240,15,67,341,17,81
102,792757,240,9,89,341,21,95
103,399626,240,1,60,341,15,71
104,530702,240,21,61,341,27,65
105,399758,240,13,59,341,27,60
106,530835,240,21,67,341,25,68
107,399788,240,11,70,341,21,74
108,924089,240,13,70,341,27,32
109,924089,240,13,70,341,47,64
110,530912,240,11,54,341,39,71
111,662040,240,11,97,341,21,100
112,530998,240,9,66,341,25,75
113,269007,240,23,69,341,37,71
114,137990,240,27,84,341,33,76
115,924461,240,17,64,341,31,75
116,924489,240,21,76,341,27,70
117,793475,240,7,56,341,21,50
118,793596,240,17,80,341,23,80
119,138275,240,21,51,341,47,54
120,793641,240,19,82,341,31,77
121,138354,240,9,73,341,21,63
122,531595,240,1,68,341,13,50
123,400629,240,23,54,341,31,60
124,924921,240,17,81,341,23,67
125,531706,240,21,62,341,33,63
126,925098,240,9,60,341,19,77
127,531965,240,21,56,341,27,36
128,531965,240,21,56,341,33,57
129,925225,240,17,69,341,23,62
130,138796,240,7,77,341,21,83
131,794158,240,7,62,341,21,58
132,532023,240,15,77,341,19,64
133,400974,240,7,81,341,21,88
134,138858,240,21,66,341,41,67
135,269954,240,21,59,341,27,52
136,794306,240,17,75,341,23,71
137,663311,240,17,59,341,31,79
138,794400,240,21,59,341,33,62
139,794432,240,7,67,341,21,70
140,794618,240,1,73,341,13,67
141,401438,240,9,87,341,21,91
142,139307,240,23,62,341,31,63
143,401612,240,21,69,341,33,61
144,925909,240,11,89,341,13,77
145,663821,240,15,66,341,29,75
146,532779,240,13,80,341,21,86
147,532789,240,9,78,341,29,71
148,270650,240,21,84,341,27,75
149,794942,240,1,75,341,21,67
150,795053,240,3,67,341,11,56
151,532935,240,13,65,341,17,68
152,795093,240,17,65,341,23,66
153,139739,240,13,76,341,23,70
154,139773,240,13,91,341,31,87
155,270850,240,1,69,341,11,67
156,401989,240,17,81,341,23,69
157,139927,240,27,59,341,33,59
158,664243,240,21,58,341,33,58
159,795318,240,7,63,341,21,69
160,664346,240,27,61,341,33,55
161,533296,240,27,61,341,41,76
162,271155,240,1,75,341,5,50
163,795564,240,9,50,341,21,41
164,795564,240,9,50,341,39,67
165,533465,240,15,76,341,29,86
166,271379,240,21,72,341,33,81
167,271472,240,13,70,341,21,70
168,533628,240,17,61,341,31,66
169,795779,240,1,61,341,13,50
170,533682,240,7,52,341,27,61
171,664766,240,17,76,341,31,67
172,140592,240,1,76,341,13,70
173,795984,240,7,63,341,21,50
174,140636,240,17,74,341,37,88
175,271716,240,31,82,341,41,77
176,533877,240,1,64,341,21,54
177,927188,240,17,56,341,41,74
178,927348,240,13,62,341,27,60
179,796293,240,17,85,341,31,93
180,140941,240,9,73,341,15,70
181,796317,240,17,74,341,23,75
182,272064,240,21,69,341,27,75
183,403160,240,17,69,341,23,76
184,272139,240,7,56,341,21,52
185,534333,240,13,64,341,23,53
186,534339,240,9,60,341,21,60
187,403305,240,1,58,341,13,57
188,403316,240,17,76,341,31,67
189,927632,240,15,59,341,19,62
190,272299,240,19,62,341,21,60
191,403404,240,9,82,341,15,72
192,403411,240,21,55,341,27,71
193,927785,240,21,71,341,27,39
194,927785,240,21,71,341,33,50
195,665647,240,13,71,341,17,91
196,141373,240,7,75,341,13,66
197,403527,240,9,76,341,19,86
198,534603,240,17,86,341,23,77
199,927823,240,27,68,341,33,61
200,534620,240,23,61,341,31,50
201,403610,240,7,75,341,21,67
202,403623,240,21,61,341,27,42
203,403623,240,21,61,341,33,22
204,403679,240,21,84,341,33,98
205,141575,240,1,67,341,11,45
206,141575,240,1,67,341,19,75
207,272678,240,13,70,341,27,53
208,403860,240,21,57,341,33,59
209,272814,240,17,88,341,31,96
210,928186,240,7,66,341,21,79
211,141833,240,7,74,341,21,86
212,404037,240,13,79,341,21,90
213,928379,240,13,79,341,27,78
214,273106,240,15,84,341,25,80
215,928493,240,13,70,341,27,61
216,404241,240,1,53,341,15,56
217,273177,240,21,62,341,27,72
218,797465,240,21,70,341,33,79
219,273411,240,15,69,341,21,71
220,797723,240,17,88,341,31,89
221,535593,240,13,65,341,21,64
222,535638,240,13,68,341,21,80
223,666747,240,7,62,341,17,73
224,273575,240,11,78,341,23,77
225,535722,240,1,71,341,13,50
226,666823,240,17,65,341,31,68
227,404743,240,17,91,341,31,95
228,142656,240,21,88,341,33,83
229,142701,240,17,57,341,33,59
230,798141,240,1,70,341,13,62
231,536105,240,21,85,341,33,79
232,273977,240,13,83,341,27,92
233,142952,240,21,73,341,27,67
234,143030,240,23,40,341,41,58
235,143030,240,31,62,341,41,58
236,667372,240,21,86,341,33,69
237,536307,240,11,89,341,17,90
238,143106,240,27,43,341,33,50
239,143106,240,31,52,341,33,50
240,667437,240,7,71,341,21,88
241,143180,240,27,64,341,31,41
242,798583,240,17,65,341,23,58
243,929662,240,1,88,341,13,90
244,405442,240,23,80,341,37,73
245,929778,240,17,77,341,31,58
246,143436,240,17,64,341,31,72
247,143461,240,9,66,341,21,58
248,929911,240,21,73,341,27,78
249,798862,240,17,70,341,21,57
250,143517,240,11,76,341,19,74
251,930012,240,17,78,341,31,78
252,798966,240,17,66,341,23,73
253,274686,240,21,74,341,37,79
254,930059,240,21,70,341,27,54
255,667935,240,23,72,341,37,29
256,274882,240,27,62,341,33,83
257,799263,240,17,76,341,23,80
258,799305,240,27,85,341,33,73
259,143989,240,17,65,341,43,66
260,144003,240,13,66,341,27,70
261,930463,240,7,79,341,11,79
262,930464,240,23,72,341,31,73
263,537387,240,21,59,341,27,58
264,799627,240,13,92,341,21,83
265,144275,240,13,85,341,21,85
266,799649,240,7,80,341,21,72
267,537542,240,13,80,341,23,78
268,275464,240,21,60,341,27,73
269,406619,240,21,66,341,33,67
270,537736,240,7,75,341,21,65
271,668864,240,17,74,341,27,66
272,800073,240,17,69,341,23,67
273,669024,240,17,68,341,23,77
274,275913,240,1,68,341,7,67
275,931291,240,13,91,341,23,98
276,275968,240,13,82,341,21,78
277,275984,240,21,60,341,27,40
278,144975,240,17,70,341,23,61
279,538191,240,21,76,341,33,82
280,538243,240,17,75,341,21,69
281,276104,240,7,56,341,21,58
282,145077,240,9,75,341,31,78
283,276171,240,11,67,341,21,56
284,538370,240,13,82,341,21,65
285,800535,240,21,77,341,27,83
286,276256,240,13,68,341,21,66
287,800560,240,11,57,341,19,56
288,407379,240,27,86,341,33,95
289,800610,240,7,65,341,21,58
290,669558,240,17,76,341,23,73
291,145284,240,21,55,341,23,70
292,931738,240,17,79,341,23,65
293,538625,240,11,76,341,13,74
294,669744,240,17,50,341,23,42
295,669744,240,17,50,341,33,51
296,407676,240,21,74,341,27,77
297,931980,240,7,75,341,11,75
298,932001,240,27,90,341,37,92
299,669968,240,17,54,341,31,50
300,932347,240,13,62,341,21,71
301,277011,240,21,61,341,27,80
302,932437,240,21,86,341,33,87
303,408158,240,1,90,341,7,79
304,801399,240,9,70,341,21,71
305,146062,240,13,57,341,17,64
306,801457,240,11,46,341,13,44
307,801457,240,11,46,341,41,71
309,801457,240,17,61,341,41,71
310,670549,240,9,79,341,19,95
311,539567,240,27,72,341,33,70
312,670640,240,1,71,341,13,52
313,670702,240,13,94,341,27,86
314,146442,240,1,63,341,7,66
315,932939,240,7,65,341,21,51
316,277600,240,1,73,341,13,67
317,670826,240,21,60,341,33,43
318,670826,240,21,60,341,41,34
319,146581,240,7,76,341,21,100
320,146601,240,11,54,341,21,52
321,933068,240,21,80,341,45,86
322,539975,240,1,76,341,13,73
323,671191,240,21,81,341,33,83
324,933353,240,17,96,341,23,96
325,671211,240,21,66,341,23,66
326,278032,240,27,89,341,33,83
327,933410,240,17,72,341,31,76
328,802383,240,21,75,341,33,79
329,671320,240,1,60,341,23,59
330,409288,240,7,83,341,11,83
331,802568,240,11,79,341,13,69
332,671542,240,17,85,341,31,90
333,802710,240,17,97,341,31,97
334,671697,240,15,58,341,29,64
335,409608,240,13,63,341,23,58
336,671850,240,15,86,341,21,66
337,540811,240,17,73,341,23,59
338,409786,240,1,63,341,7,62
339,278894,240,11,73,341,23,91
340,672162,240,21,73,341,33,87
341,672188,240,21,56,341,27,66
342,803347,240,17,75,341,31,72
343,148002,240,21,65,341,27,73
344,410195,240,3,90,341,11,100
345,934488,240,11,82,341,23,79
346,279140,240,23,81,341,31,73
347,410216,240,1,75,341,13,59
348,803496,240,27,59,341,41,69
349,541367,240,13,69,341,33,57
350,934598,240,15,63,341,29,33
351,148179,240,13,57,341,23,42
352,148179,240,13,57,341,27,59
353,803542,240,1,70,341,21,69
354,803613,240,43,65,341,51,55
355,541536,240,7,76,341,21,65
356,410494,240,21,66,341,27,68
357,410514,240,13,72,341,23,89
358,148423,240,21,84,341,33,81
359,148488,240,21,63,341,27,72
360,541730,240,21,68,341,33,67
361,148647,240,7,68,341,21,77
362,804026,240,21,73,341,27,75
363,672977,240,13,77,341,23,54
364,673036,240,17,93,341,23,92
365,542140,240,25,68,341,31,65
366,148951,240,1,82,341,3,86
367,673282,240,1,75,341,23,81
368,149016,240,21,63,341,25,59
369,935517,240,9,81,341,21,77
370,804514,240,23,65,341,37,65
371,280343,240,29,59,341,41,54
372,542509,240,7,69,341,21,57
373,149299,240,9,55,341,31,61
374,411554,240,17,67,341,31,79
375,935908,240,21,62,341,25,61
376,149559,240,7,67,341,21,84
377,149604,240,21,78,341,27,70
378,411831,240,27,74,341,33,62
379,542945,240,21,71,341,33,66
380,542953,240,21,63,341,33,56
381,280810,240,21,75,341,27,85
382,805149,240,13,46,341,27,62
383,805149,240,21,68,341,27,62
384,280876,240,11,73,341,21,72
385,280945,240,7,46,341,23,57
386,280945,240,13,80,341,23,57
387,805252,240,21,61,341,31,58
388,674212,240,13,79,341,17,72
389,936396,240,17,74,341,31,74
390,674288,240,21,66,341,23,56
391,674299,240,21,70,341,23,72
392,543267,240,17,74,341,31,84
393,150060,240,25,62,341,27,50
394,936566,240,1,72,341,7,73
395,936571,240,1,69,341,21,71
396,674495,240,25,51,341,29,71
397,150281,240,21,50,341,27,54
398,150281,240,23,50,341,27,54
399,936796,240,3,68,341,13,71
400,543740,240,3,91,341,13,91
401,805911,240,17,60,341,31,68
402,150594,240,1,77,341,13,74
403,543870,240,17,82,341,23,66
404,937107,240,7,70,341,21,54
405,675007,240,17,77,341,23,73
406,675020,240,27,79,341,31,87
407,544112,240,17,65,341,23,69
408,150906,240,21,54,341,33,54
409,806285,240,17,66,341,23,64
410,544250,240,13,60,341,27,72
411,675371,240,15,75,341,21,72
412,282169,240,17,75,341,31,87
413,937616,240,27,45,341,37,40
414,937616,240,27,45,341,43,63
415,937616,240,33,68,341,37,40
416,937616,240,33,68,341,43,63
417,151211,240,13,59,341,23,69
418,282296,240,23,62,341,27,58
419,544465,240,9,72,341,19,63
420,937729,240,1,81,341,23,91
421,937875,240,15,60,341,35,79
422,675865,240,13,52,341,27,67
423,544800,240,13,94,341,21,100
424,544834,240,19,67,341,21,78
425,675947,240,7,78,341,23,71
426,151689,240,21,66,341,27,83
427,544952,240,3,75,341,13,71
428,938326,240,21,91,341,27,80
429,545134,240,21,79,341,23,79
430,283011,240,7,75,341,13,65
431,938497,240,7,78,341,21,65
432,283238,240,1,84,341,15,72
433,414313,240,1,96,341,15,98
434,676457,240,17,65,341,21,75
435,283256,240,11,62,341,13,59
436,807636,240,13,62,341,33,65
437,283452,240,11,79,341,21,76
438,414539,240,15,95,341,29,97
439,283569,240,13,75,341,23,57
440,152510,240,21,69,341,23,56
441,283750,240,9,67,341,15,61
442,152740,240,15,65,341,29,72
443,283841,240,13,86,341,21,64
444,808153,240,13,55,341,23,44
445,808153,240,13,55,341,27,70
446,677095,240,11,66,341,15,59
447,808173,240,11,66,341,27,54
448,808177,240,17,70,341,23,67
449,939316,240,11,70,341,23,68
450,939437,240,21,60,341,27,80
451,939574,240,17,55,341,23,79
452,677437,240,13,85,341,21,79
453,284222,240,7,65,341,21,53
454,284233,240,1,64,341,7,66
455,677584,240,1,73,341,11,64
456,677618,240,17,75,341,23,81
457,939762,240,1,84,341,9,84
458,546579,240,33,60,341,37,53
459,415529,240,17,52,341,31,65
460,284521,240,13,76,341,27,75
461,939882,240,17,70,341,31,72
462,153499,240,21,64,341,27,78
463,808900,240,13,81,341,21,83
464,940068,240,13,87,341,27,82
465,284731,240,9,63,341,15,53
466,153736,240,17,75,341,23,79
467,415986,240,29,80,341,31,73
468,809226,240,13,39,341,33,62
469,809226,240,21,73,341,33,62
470,284991,240,21,65,341,27,70
471,416069,240,1,62,341,21,67
472,285019,240,7,73,341,21,71
473,547192,240,21,71,341,33,81
474,154029,240,17,73,341,31,84
475,416222,240,17,66,341,23,50
476,809553,240,17,68,341,23,62
477,285269,240,33,64,341,41,56
478,154198,240,15,69,341,21,65
479,940774,240,7,68,341,13,71
480,809759,240,1,68,341,13,45
481,809759,240,1,68,341,21,62
482,416608,240,23,67,341,31,82
483,285602,240,1,68,341,13,66
484,154672,240,21,70,341,33,68
485,679013,240,27,46,341,41,43
486,679013,240,33,55,341,41,43
487,285873,240,3,80,341,21,78
488,941245,240,17,46,341,31,50
489,941245,240,21,65,341,31,50
490,810198,240,7,72,341,21,61
491,154962,240,9,61,341,21,75
492,679394,240,17,55,341,33,50
493,286285,240,21,52,341,27,68
494,810574,240,21,83,341,33,69
495,417409,240,21,91,341,33,56
496,810736,240,13,79,341,23,70
497,417524,240,21,51,341,27,52
498,286551,240,21,51,341,27,63
499,155496,240,21,63,341,33,71
500,286600,240,11,69,341,15,72
501,942002,240,17,82,341,31,85
502,679954,240,17,67,341,21,77
503,155674,240,15,81,341,17,86
504,417896,240,21,83,341,33,72
505,417900,240,1,70,341,13,72
506,942196,240,17,97,341,23,100
507,942283,240,7,64,341,21,61
508,549082,240,17,98,341,23,84
509,418078,240,15,71,341,29,85
510,287048,240,17,84,341,23,64
511,942524,240,21,66,341,31,80
512,418293,240,17,64,341,31,28
513,811535,240,21,73,341,33,50
514,549442,240,1,67,341,3,46
515,549442,240,1,67,341,7,68
516,549481,240,21,69,341,27,75
517,942758,240,3,66,341,11,37
518,942758,240,3,66,341,17,58
519,418491,240,21,44,341,31,43
520,418491,240,23,61,341,31,43
521,811750,240,3,76,341,7,67
522,811800,240,9,73,341,21,79
523,418643,240,17,40,341,33,95
524,418643,240,27,82,341,33,95
525,680809,240,11,66,341,17,91
526,418755,240,21,65,341,33,65
527,943075,240,17,93,341,31,100
528,943077,240,7,76,341,21,89
529,549899,240,9,85,341,15,91
530,549939,240,17,86,341,23,50
531,287896,240,13,78,341,57,94
532,419004,240,17,68,341,31,68
533,287964,240,13,60,341,27,26
534,287964,240,13,60,341,33,38
535,287964,240,13,60,341,41,70
536,287987,240,21,82,341,33,89
537,287990,240,17,59,341,43,52
538,550182,240,31,78,341,41,65
539,943538,240,17,52,341,27,64
540,550330,240,17,45,341,23,52
541,550330,240,21,63,341,23,52
542,288191,240,17,82,341,23,64
543,550368,240,15,93,341,21,99
544,419303,240,21,69,341,33,51
545,419311,240,7,76,341,11,51
546,943619,240,1,76,341,13,78
547,681537,240,9,76,341,21,82
548,157271,240,11,77,341,23,78
549,288426,240,17,61,341,23,51
550,812729,240,11,90,341,17,100
551,157391,240,13,71,341,23,58
552,681731,240,43,62,341,57,62
553,681802,240,13,84,341,27,84
554,943989,240,21,63,341,27,54
555,943990,240,11,62,341,33,69
556,288636,240,21,100,341,27,100
557,944088,240,17,98,341,31,98
558,157683,240,21,56,341,31,65
559,550899,240,11,75,341,21,81
560,944116,240,13,53,341,23,50
561,157739,240,11,78,341,13,77
562,419973,240,13,88,341,27,91
563,288910,240,15,75,341,25,59
564,157976,240,1,67,341,21,76
565,158040,240,13,67,341,21,69
566,158128,240,27,70,341,33,64
567,158133,240,13,69,341,33,74
568,813779,240,13,85,341,21,83
569,420631,240,17,85,341,31,77
570,551747,240,7,79,341,21,84
571,551784,240,13,68,341,23,72
572,289655,240,13,68,341,21,67
573,551818,240,13,77,341,31,42
574,158683,240,13,90,341,21,80
575,158753,240,17,74,341,23,55
576,683125,240,13,61,341,21,50
577,289966,240,11,72,341,19,52
578,552151,240,23,54,341,31,50
579,159051,240,9,81,341,15,83
580,814702,240,3,70,341,17,76
581,421562,240,17,72,341,31,61
582,290499,240,17,76,341,41,80
583,945985,240,7,64,341,21,60
584,945996,240,31,78,341,43,79
585,159646,240,1,80,341,7,74
586,683941,240,23,79,341,31,68
587,946112,240,9,80,341,21,81
588,946160,240,17,62,341,31,59
589,290808,240,17,75,341,23,70
590,684112,240,13,52,341,33,58
591,553068,240,27,69,341,33,64
592,684191,240,7,73,341,17,78
593,684225,240,17,66,341,23,57
594,159949,240,21,69,341,33,42
595,159949,240,21,69,341,37,53
596,422108,240,21,68,341,33,74
597,160205,240,17,66,341,23,50
598,160211,240,7,67,341,21,52
599,815657,240,15,70,341,21,79
600,684587,240,7,81,341,21,75
601,815672,240,11,56,341,23,30
602,815672,240,11,56,341,31,78
603,684720,240,21,75,341,23,51
604,553777,240,13,88,341,23,87
605,947036,240,9,64,341,19,67
606,553831,240,21,59,341,27,78
607,291758,240,21,64,341,33,68
608,947140,240,27,75,341,41,56
609,685019,240,3,62,341,17,58
610,685033,240,3,83,341,11,73
611,291891,240,33,89,341,41,76
612,422983,240,17,81,341,23,96
613,816273,240,19,66,341,21,62
614,160927,240,11,70,341,21,64
615,685254,240,17,74,341,23,61
616,947403,240,17,75,341,21,73
617,947423,240,31,90,341,37,95
618,685309,240,17,83,341,23,74
619,685338,240,11,75,341,23,85
620,816449,240,9,78,341,21,90
621,947543,240,13,85,341,21,86
622,947692,240,11,66,341,21,59
623,947724,240,21,75,341,33,74
624,685662,240,7,61,341,21,69
625,292516,240,27,70,341,31,57
626,554702,240,27,92,341,33,95
627,161520,240,13,87,341,23,67
628,423722,240,15,57,341,21,50
629,685995,240,9,82,341,21,85
630,423917,240,21,45,341,23,57
632,423961,240,11,65,341,19,42
633,423961,240,11,65,341,25,64
634,292930,240,27,79,341,33,70
635,161887,240,17,90,341,31,85
636,424289,240,1,83,341,13,82
637,424300,240,17,68,341,23,63
638,948648,240,1,73,341,21,75
639,555508,240,15,92,341,21,75
640,424473,240,21,80,341,33,72
641,948783,240,11,69,341,21,63
642,424529,240,9,76,341,21,75
643,686674,240,21,77,341,27,83
644,817796,240,13,71,341,27,56
645,293511,240,21,80,341,33,73
646,162450,240,17,85,341,31,89
647,817852,240,1,64,341,15,67
648,162604,240,17,81,341,23,74
649,555885,240,1,55,341,23,66
650,424866,240,17,77,341,23,84
651,818143,240,13,88,341,23,80
652,818164,240,17,76,341,21,74
653,949298,240,13,50,341,27,55
654,162883,240,17,65,341,31,38
655,162883,240,17,65,341,37,50
656,163053,240,11,83,341,23,61
657,687361,240,21,50,341,31,50
658,556331,240,9,82,341,19,80
659,294200,240,21,69,341,27,80
660,425297,240,11,51,341,21,67
661,818549,240,21,55,341,33,63
662,818566,240,17,85,341,21,84
663,425378,240,13,53,341,23,67
664,294591,240,9,54,341,25,52
665,556786,240,17,74,341,23,73
666,950086,240,1,76,341,13,62
667,163687,240,17,68,341,31,52
668,819070,240,13,63,341,21,61
669,425896,240,21,67,341,27,50
670,425924,240,3,80,341,13,89
671,163852,240,21,81,341,41,63
672,426025,240,21,75,341,27,84
673,426055,240,17,90,341,23,96
674,295038,240,21,69,341,23,59
675,950474,240,17,72,341,23,76
676,950563,240,21,70,341,27,76
677,557475,240,1,61,341,13,45
678,557475,240,1,61,341,17,63
679,295424,240,17,87,341,31,77
680,688654,240,11,62,341,21,58
681,164440,240,13,75,341,17,78
682,950922,240,21,90,341,31,95
683,164514,240,13,77,341,21,69
684,819879,240,9,78,341,15,67
685,950975,240,13,69,341,27,78
686,426693,240,31,62,341,43,66
687,820009,240,7,78,341,21,63
688,164711,240,17,50,341,23,46
689,164711,240,17,50,341,27,50
690,164726,240,27,64,341,33,52
691,689026,240,13,86,341,21,98
692,689050,240,17,96,341,31,100
693,951256,240,21,86,341,27,88
694,689285,240,1,86,341,11,87
695,820372,240,11,62,341,17,57
696,427170,240,17,89,341,23,93
697,689328,240,1,77,341,13,73
698,689339,240,9,64,341,15,50
699,427251,240,21,73,341,31,90
700,296334,240,17,59,341,31,57
701,165313,240,17,61,341,31,67
702,165373,240,1,75,341,21,58
703,951816,240,15,84,341,25,84
704,165391,240,17,82,341,23,66
705,689685,240,13,68,341,21,76
706,558618,240,21,76,341,27,77
707,165431,240,17,82,341,23,60
708,820800,240,15,69,341,25,60
709,165540,240,27,66,341,31,61
710,820912,240,9,60,341,21,87
711,165577,240,27,79,341,43,71
712,689890,240,17,75,341,23,65
713,296695,240,17,79,341,23,67
714,821068,240,3,60,341,13,100
715,558977,240,1,72,341,15,67
716,296865,240,25,93,341,29,91
717,427950,240,23,69,341,33,53
718,165826,240,21,86,341,27,64
719,428007,240,17,84,341,23,88
720,690183,240,15,57,341,21,67
721,165964,240,27,59,341,41,64
722,166012,240,1,65,341,7,70
723,952494,240,7,72,341,21,72
724,559393,240,17,93,341,31,100
725,952639,240,7,80,341,17,82
726,297285,240,17,71,341,31,59
727,821800,240,7,91,341,21,80
728,821809,240,1,65,341,7,72
729,821810,240,13,99,341,33,100
730,952972,240,7,69,341,13,60
731,297685,240,17,81,341,23,83
732,690974,240,13,66,341,31,68
733,822137,240,17,75,341,31,50
734,297917,240,13,99,341,27,99
735,429001,240,3,33,341,11,59
736,429001,240,7,65,341,11,59
737,822260,240,17,80,341,23,69
738,691350,240,21,52,341,33,50
739,691350,240,21,52,341,41,59
740,691359,240,7,69,341,21,60
741,298316,240,17,68,341,25,69
742,167249,240,11,92,341,17,100
743,691539,240,25,53,341,31,72
744,429401,240,7,62,341,13,57
745,822670,240,9,79,341,21,84
746,691665,240,17,77,341,23,68
747,822820,240,1,57,341,9,67
748,429612,240,23,59,341,31,67
749,429633,240,15,91,341,29,100
750,822875,240,11,73,341,23,77
751,298607,240,9,57,341,21,67
752,429712,240,17,77,341,31,61
753,954006,240,7,75,341,17,77
754,823053,240,27,79,341,33,61
755,954248,240,17,83,341,23,90
756,561100,240,29,57,341,31,67
757,430084,240,21,81,341,27,86
758,823350,240,11,77,341,17,73
759,954446,240,15,81,341,29,78
760,692319,240,7,84,341,11,73
761,692363,240,21,72,341,27,67
762,168125,240,13,86,341,23,94
763,954629,240,21,68,341,23,71
764,299287,240,21,70,341,27,63
765,430402,240,13,93,341,21,89
766,954700,240,9,63,341,21,65
767,692679,240,3,69,341,11,59
768,299531,240,21,77,341,27,98
769,430643,240,13,87,341,27,86
770,168500,240,21,73,341,27,46
771,168500,240,21,73,341,33,69
772,823887,240,23,72,341,27,65
773,430725,240,15,86,341,21,50
774,693007,240,13,83,341,23,55
775,168888,240,21,85,341,27,90
776,300174,240,3,72,341,11,65
777,169136,240,9,57,341,19,37
778,169136,240,9,57,341,21,50
779,169136,240,9,57,341,31,58
780,693452,240,21,73,341,27,80
781,169231,240,37,70,341,43,58
782,300369,240,13,63,341,21,54
783,562572,240,11,80,341,23,56
784,955808,240,13,74,341,27,75
785,169401,240,17,72,341,23,55
786,693742,240,3,80,341,13,78
787,693823,240,17,93,341,31,92
788,824996,240,21,65,341,33,82
789,562886,240,21,83,341,33,89
790,694043,240,21,81,341,27,77
791,169763,240,1,59,341,15,56
792,169772,240,21,85,341,27,80
793,956230,240,15,64,341,25,57
794,432010,240,17,86,341,23,82
795,169987,240,21,61,341,41,62
796,563222,240,23,79,341,43,74
797,563252,240,11,84,341,23,66
798,170058,240,13,76,341,21,56
799,432215,240,21,61,341,23,28
800,432215,240,21,61,341,57,29
801,432224,240,13,89,341,27,94
802,563305,240,23,64,341,31,72
803,432265,240,17,71,341,23,69
804,694446,240,21,64,341,33,73
805,170256,240,7,87,341,15,80
806,170258,240,1,73,341,7,74
807,563507,240,17,75,341,23,70
808,694658,240,21,67,341,25,52
809,432556,240,7,69,341,21,73
810,432621,240,1,79,341,15,88
811,694809,240,13,70,341,23,74
812,170527,240,13,91,341,21,82
813,825960,240,1,71,341,13,83
814,170677,240,21,69,341,27,74
815,432822,240,17,77,341,31,72
816,170690,240,7,93,341,13,95
817,170728,240,13,69,341,21,66
818,170904,240,21,73,341,33,62
819,695597,240,1,89,341,3,79
820,433484,240,1,82,341,3,89
821,433493,240,13,72,341,21,73
822,171363,240,11,88,341,21,100
823,302482,240,1,75,341,11,73
824,564635,240,13,82,341,17,97
825,957989,240,1,71,341,11,52
826,302788,240,7,81,341,17,71
827,564970,240,21,79,341,27,77
828,696053,240,3,80,341,21,66
829,958197,240,17,83,341,31,90
830,434052,240,17,65,341,23,68
831,958344,240,17,85,341,31,82
832,434075,240,1,80,341,13,77
833,565332,240,19,65,341,21,57
834,172214,240,13,68,341,27,50
835,434487,240,17,80,341,23,68
836,827715,240,21,79,341,33,74
837,827970,240,21,85,341,31,95
838,959110,240,17,80,341,31,79
839,172708,240,15,91,341,21,78
840,828144,240,17,77,341,23,91
841,303880,240,1,83,341,13,88
842,828202,240,15,67,341,19,63
843,303936,240,1,71,341,13,56
844,828267,240,17,70,341,23,51
845,959339,240,21,63,341,27,71
846,828405,240,17,50,341,31,71
847,304120,240,13,66,341,21,64
848,173087,240,25,63,341,31,68
849,697577,240,17,91,341,31,100
850,828649,240,1,88,341,11,77
851,173329,240,17,97,341,23,100
852,304558,240,21,71,341,27,57
853,566705,240,27,51,341,47,35
854,566705,240,27,51,341,51,43
855,566705,240,27,51,341,53,55
856,959934,240,21,72,341,27,74
857,304578,240,7,66,341,21,70
858,435670,240,17,86,341,27,96
859,959987,240,31,36,341,37,57
860,959987,240,33,70,341,37,57
861,435703,240,17,86,341,23,93
862,697896,240,17,89,341,23,87
863,828971,240,21,69,341,33,68
864,566862,240,3,78,341,13,84
865,304800,240,33,62,341,41,70
866,173740,240,21,53,341,41,43
867,173740,240,21,53,341,55,43
868,304838,240,11,75,341,23,70
869,305072,240,13,97,341,27,98
870,305087,240,17,57,341,31,62
871,960530,240,21,62,341,27,74
872,305232,240,1,83,341,7,83
873,174206,240,21,79,341,27,92
874,829762,240,9,79,341,19,79
875,567658,240,17,41,341,31,80
876,567658,240,23,75,341,31,80
877,829866,240,17,82,341,23,77
878,567813,240,13,54,341,21,72
879,830000,240,7,69,341,21,85
880,436839,240,17,62,341,31,66
881,305770,240,23,69,341,43,61
882,961292,240,23,70,341,31,67
883,305970,240,17,81,341,23,95
884,961343,240,9,66,341,21,66
885,961399,240,13,89,341,21,86
886,699303,240,17,91,341,23,92
887,699310,240,27,90,341,33,80
888,306113,240,21,80,341,33,83
889,306136,240,1,79,341,13,55
890,175111,240,17,65,341,25,59
891,568353,240,27,46,341,41,63
892,568353,240,33,67,341,41,63
893,961568,240,21,34,341,31,54
894,961568,240,23,73,341,31,54
895,830585,240,17,89,341,23,98
896,568477,240,21,81,341,27,78
897,961782,240,23,52,341,31,53
898,437503,240,19,71,341,25,71
899,699709,240,15,68,341,27,64
900,830783,240,23,75,341,33,68
901,568680,240,33,62,341,51,51
902,437619,240,17,83,341,31,94
903,568698,240,11,78,341,31,100
904,175488,240,27,57,341,41,59
905,961965,240,17,69,341,31,59
906,175584,240,7,71,341,21,80
907,306678,240,17,73,341,31,62
908,437764,240,21,65,341,33,81
909,437785,240,21,80,341,27,86
910,175686,240,17,85,341,27,100
911,175724,240,13,79,341,17,52
912,437907,240,21,64,341,33,61
913,306840,240,17,55,341,31,53
914,831219,240,21,76,341,25,64
915,306962,240,17,73,341,23,72
916,175970,240,11,71,341,17,74
917,962421,240,9,76,341,21,57
918,700327,240,21,69,341,27,67
919,831534,240,21,86,341,27,94
920,569396,240,21,63,341,27,68
921,700539,240,5,73,341,7,70
922,438427,240,21,65,341,33,64
923,700582,240,11,62,341,23,69
924,831705,240,13,65,341,27,75
925,831735,240,9,64,341,21,71
926,569621,240,23,82,341,33,71
927,831941,240,13,85,341,27,90
928,963029,240,9,78,341,21,80
929,176665,240,17,60,341,31,58
930,569944,240,15,77,341,19,71
931,832180,240,13,79,341,21,63
932,307903,240,21,55,341,27,58
933,832304,240,21,91,341,27,74
934,701263,240,21,77,341,27,59
935,832340,240,21,66,341,23,70
936,963412,240,7,68,341,21,45
937,963412,240,7,68,341,27,71
938,963543,240,1,73,341,7,64
939,439308,240,17,62,341,23,40
940,570398,240,17,88,341,31,84
941,177270,240,17,75,341,23,73
942,570491,240,25,83,341,31,80
943,177303,240,7,81,341,21,84
944,963760,240,21,67,341,33,70
945,177333,240,19,53,341,29,58
946,963785,240,13,84,341,31,86
947,308503,240,1,73,341,21,68
948,177445,240,13,77,341,21,59
949,308855,240,21,87,341,33,86
950,439930,240,11,76,341,17,73
951,177847,240,1,56,341,19,58
952,833210,240,7,66,341,21,77
953,702161,240,17,57,341,31,54
954,702201,240,7,69,341,21,66
955,309029,240,17,81,341,31,77
956,440275,240,1,75,341,7,74
957,833590,240,31,45,341,47,43
958,833590,240,37,50,341,47,43
959,702533,240,17,54,341,31,54
960,178264,240,13,80,341,33,56
961,440425,240,13,80,341,27,70
962,571620,240,17,93,341,31,93
963,178415,240,21,71,341,33,81
964,964944,240,13,69,341,31,75
965,964997,240,13,61,341,17,67
966,702855,240,21,89,341,27,95
967,571796,240,13,72,341,27,64
968,178609,240,21,54,341,25,54
969,178728,240,1,83,341,7,76
970,571993,240,11,98,341,13,97
971,440941,240,3,84,341,11,86
972,309903,240,21,64,341,27,70
973,309996,240,9,61,341,21,72
974,572145,240,21,61,341,33,51
975,572231,240,9,90,341,15,87
976,703675,240,17,67,341,21,70
977,965848,240,17,86,341,23,80
978,965887,240,21,62,341,33,46
979,703751,240,21,65,341,33,69
980,310609,240,11,85,341,21,58
981,179629,240,17,80,341,23,73
982,441836,240,21,75,341,27,71
983,966157,240,19,60,341,41,60
984,180024,240,21,79,341,27,85
985,835449,240,21,77,341,31,71
986,311218,240,31,72,341,43,60
987,442320,240,25,70,341,31,78
988,442324,240,21,53,341,37,71
989,442324,240,33,82,341,37,71
990,835564,240,21,68,341,33,66
991,966693,240,13,71,341,17,63
992,442466,240,15,68,341,29,51
993,835703,240,15,95,341,21,96
994,311502,240,1,65,341,15,64
995,704802,240,17,58,341,31,40
996,966950,240,27,73,341,33,81
997,704831,240,21,64,341,33,79
998,180559,240,17,46,341,23,43
999,180559,240,17,46,341,33,70
1000,180559,240,21,65,341,23,43
1001,180559,240,21,65,341,33,70
1002,573779,240,15,52,341,35,8
1003,573779,240,15,52,341,39,75
1004,180625,240,13,87,341,21,100
1005,836084,240,3,84,341,7,67
1006,311798,240,13,86,341,21,98
1007,311842,240,7,71,341,21,67
1008,967238,240,7,75,341,27,74
1009,442954,240,1,74,341,9,60
1010,574051,240,9,69,341,21,82
1011,967409,240,21,62,341,33,46
1012,967409,240,21,62,341,41,73
1013,967473,240,1,87,341,7,95
1014,967500,240,43,60,341,51,60
1015,312164,240,11,77,341,23,75
1016,967564,240,1,70,341,13,50
1017,967592,240,5,87,341,15,91
1018,181332,240,21,67,341,27,65
1019,574548,240,11,82,341,15,63
1020,574663,240,9,67,341,21,70
1021,705758,240,13,81,341,23,93
1022,574721,240,11,51,341,19,40
1023,443657,240,13,56,341,21,68
1024,181527,240,1,76,341,7,69
1025,574772,240,11,61,341,21,69
1026,443708,240,13,82,341,23,82
1027,836955,240,27,89,341,33,72
1028,181758,240,1,63,341,15,62
1029,181761,240,33,62,341,37,42
1030,181761,240,33,62,341,41,57
1031,837135,240,21,68,341,27,72
1032,968270,240,1,77,341,13,75
1033,313006,240,13,74,341,33,69
1034,837314,240,17,50,341,31,64
1035,837331,240,13,50,341,33,58
1036,313105,240,21,61,341,31,58
1037,313361,240,3,84,341,7,87
1038,575590,240,1,86,341,21,90
1039,575695,240,17,71,341,31,73
1040,313567,240,7,74,341,21,72
1041,706794,240,13,84,341,21,64
1042,313726,240,7,61,341,21,62
1043,313781,240,17,93,341,31,95
1044,838142,240,17,84,341,31,94
1045,576188,240,13,77,341,21,84
1046,838344,240,11,75,341,31,71
1047,969552,240,13,62,341,21,58
1048,445327,240,1,72,341,23,50
1049,445345,240,1,93,341,15,96
1050,445348,240,17,71,341,31,74
1051,445380,240,21,80,341,27,87
1052,838602,240,17,53,341,31,59
1053,445431,240,17,88,341,31,95
1054,576550,240,15,56,341,19,69
1055,707629,240,21,76,341,47,54
1056,576712,240,21,54,341,27,54
1057,314716,240,7,71,341,21,67
1058,445790,240,17,56,341,31,67
1059,445827,240,7,68,341,21,64
1060,445831,240,7,77,341,21,68
1061,314806,240,3,71,341,7,65
1062,970283,240,17,50,341,23,68
1063,315048,240,17,75,341,21,55
1064,708323,240,17,63,341,21,73
1065,577330,240,17,67,341,23,61
1066,970589,240,7,80,341,21,76
1067,446304,240,1,61,341,13,56
1068,446423,240,21,55,341,27,66
1069,446440,240,17,72,341,23,77
1070,970736,240,21,70,341,33,76
1071,184336,240,21,64,341,33,80
1072,577553,240,17,84,341,23,72
1073,577555,240,21,92,341,27,100
1074,577594,240,21,68,341,33,57
1075,577618,240,15,64,341,29,64
1076,315523,240,21,50,341,33,56
1077,315523,240,23,72,341,33,56
1078,184522,240,17,84,341,23,88
1079,708867,240,11,100,341,17,96
1080,315787,240,17,72,341,31,68
1081,315884,240,11,51,341,21,51
1082,971247,240,21,68,341,33,86
1083,184825,240,23,81,341,37,72
1084,709140,240,21,54,341,27,50
1085,316009,240,7,58,341,21,56
1086,447082,240,1,61,341,7,60
1087,447091,240,15,81,341,21,60
1088,316033,240,17,66,341,23,67
1089,447139,240,21,82,341,33,76
1090,971438,240,17,67,341,21,41
1091,971438,240,17,67,341,23,56
1092,578277,240,21,59,341,41,74
1093,185080,240,21,76,341,35,54
1094,709403,240,13,76,341,21,61
1095,971616,240,7,66,341,21,55
1096,709537,240,13,79,341,31,83
1097,840768,240,15,77,341,19,56
1098,447575,240,11,72,341,31,77
1099,709876,240,13,92,341,21,100
1100,316681,240,17,60,341,23,66
1101,185693,240,17,68,341,23,54
1102,316801,240,23,53,341,31,72
1103,316925,240,1,65,341,7,78
1104,185885,240,11,71,341,15,58
1105,841260,240,21,86,341,23,82
1106,317022,240,7,72,341,21,68
1107,317057,240,13,57,341,21,59
1108,972460,240,17,64,341,31,66
1109,186041,240,21,71,341,33,75
1110,841534,240,27,71,341,33,87
1111,841605,240,27,72,341,41,59
1112,579481,240,13,61,341,23,63
1113,186283,240,1,86,341,15,90
1114,186289,240,13,76,341,27,84
1115,317376,240,7,67,341,13,72
1116,972785,240,11,82,341,17,90
1117,448504,240,9,76,341,11,60
1118,579612,240,7,73,341,13,64
1119,448579,240,13,88,341,27,99
1120,448596,240,7,78,341,21,90
1121,317560,240,21,85,341,33,85
1122,317727,240,15,87,341,21,51
1123,973110,240,11,67,341,13,72
1124,317770,240,17,74,341,23,74
1125,448964,240,13,70,341,33,71
1126,973262,240,5,72,341,19,68
1127,580116,240,7,69,341,13,62
1128,186926,240,11,61,341,13,50
1129,318056,240,21,75,341,31,68
1130,711314,240,17,99,341,23,100
1131,449201,240,13,84,341,21,72
1132,973582,240,13,51,341,21,53
1133,973582,240,13,51,341,31,65
1134,842542,240,19,56,341,35,69
1135,318260,240,11,64,341,21,61
1136,187203,240,13,73,341,27,61
1137,580428,240,21,67,341,27,79
1138,842640,240,1,70,341,17,52
1139,580539,240,17,89,341,31,98
1140,973827,240,21,67,341,33,72
1141,449627,240,13,74,341,21,63
1142,842889,240,17,63,341,31,52
1143,318602,240,13,95,341,21,97
1144,318668,240,21,51,341,31,54
1145,580819,240,17,80,341,23,79
1146,449767,240,13,71,341,23,50
1147,843003,240,17,76,341,23,72
1148,318789,240,29,64,341,31,65
1149,187751,240,17,87,341,23,94
1150,187777,240,7,91,341,21,88
1151,580993,240,17,71,341,31,81
1152,712086,240,3,78,341,13,78
1153,843205,240,17,75,341,23,67
1154,318925,240,1,79,341,7,93
1155,581104,240,17,63,341,53,83
1156,712223,240,11,75,341,15,63
1157,581163,240,21,65,341,27,64
1158,450108,240,17,86,341,23,83
1159,712295,240,1,82,341,15,63
1160,319082,240,17,62,341,23,57
1161,712311,240,33,53,341,43,53
1162,450211,240,21,78,341,33,38
1163,450211,240,21,78,341,41,65
1164,188091,240,21,63,341,33,79
1165,712389,240,7,63,341,13,76
1166,581318,240,9,79,341,21,91
1167,974586,240,37,57,341,41,60
1168,450405,240,21,80,341,33,88
1169,450477,240,17,65,341,31,58
1170,843737,240,29,67,341,31,80
1171,974848,240,7,85,341,21,84
1172,712756,240,21,67,341,27,75
1173,974916,240,17,73,341,21,61
1174,712795,240,21,57,341,33,42
1175,712795,240,21,57,341,43,61
1176,974948,240,7,67,341,21,60
1177,974987,240,1,69,341,13,62
1178,712859,240,9,67,341,21,75
1179,581795,240,21,80,341,27,70
1180,975011,240,17,86,341,23,87
1181,843983,240,7,71,341,17,67
1182,712979,240,1,83,341,13,90
1183,581912,240,11,81,341,15,70
1184,975145,240,21,70,341,27,63
1185,581981,240,1,72,341,7,73
1186,975230,240,21,82,341,27,93
1187,975355,240,17,56,341,23,65
1188,189009,240,13,77,341,27,76
1189,320136,240,7,67,341,21,100
1190,189073,240,17,77,341,23,71
1191,451429,240,19,58,341,21,62
1192,189292,240,1,76,341,7,65
1193,975729,240,1,64,341,9,62
1194,844796,240,21,71,341,27,66
1195,713842,240,1,70,341,17,78
1196,189561,240,1,73,341,15,72
1197,713858,240,17,53,341,41,50
1198,713905,240,11,64,341,17,75
1199,320713,240,7,93,341,21,100
1200,189719,240,17,72,341,23,64
1201,714011,240,11,66,341,31,62
1202,582947,240,11,77,341,27,86
1203,714086,240,1,67,341,15,68
1204,583065,240,21,60,341,27,60
1205,189867,240,27,75,341,43,58
1206,845250,240,17,66,341,31,67
1207,714194,240,33,73,341,41,77
1208,321069,240,21,52,341,37,61
1209,845389,240,1,87,341,9,80
1210,845404,240,17,76,341,21,87
1211,583552,240,17,78,341,31,74
1212,714635,240,9,79,341,21,81
1213,976874,240,3,61,341,23,86
1214,845864,240,1,78,341,7,65
1215,976944,240,11,67,341,21,57
1216,976970,240,33,68,341,43,52
1217,190900,240,13,74,341,21,78
1218,190969,240,15,58,341,31,63
1219,977405,240,17,74,341,23,58
1220,584199,240,11,76,341,23,70
1221,322056,240,3,90,341,11,97
1222,191006,240,31,68,341,47,74
1223,322092,240,21,51,341,27,46
1224,322092,240,21,51,341,33,68
1225,846387,240,11,76,341,21,83
1226,584309,240,11,64,341,17,68
1227,584313,240,21,72,341,33,61
1228,453280,240,21,81,341,27,70
1229,715465,240,15,97,341,29,96
1230,191192,240,7,71,341,13,70
1231,453383,240,13,79,341,21,79
1232,977723,240,11,73,341,17,78
1233,322383,240,13,84,341,21,66
1234,846692,240,11,62,341,23,50
1235,584571,240,13,86,341,33,61
1236,584625,240,27,66,341,41,58
1237,322491,240,17,71,341,23,46
1238,322491,240,17,71,341,31,55
1239,846838,240,1,74,341,13,65
1240,191544,240,27,67,341,33,73
1241,453691,240,11,73,341,17,76
1242,453710,240,21,81,341,33,83
1243,978148,240,23,71,341,31,66
1244,847173,240,17,50,341,23,50
1245,716110,240,1,76,341,13,59
1246,978306,240,7,77,341,21,63
1247,978326,240,1,96,341,13,97
1248,716203,240,21,77,341,27,79
1249,847409,240,21,83,341,27,69
1250,716353,240,21,75,341,33,70
1251,323152,240,7,95,341,11,91
1252,454225,240,33,72,341,41,63
1253,192215,240,17,69,341,31,64
1254,192242,240,13,66,341,27,94
1255,454387,240,1,91,341,13,83
1256,192279,240,9,69,341,21,65
1257,323398,240,9,66,341,29,58
1258,847754,240,21,84,341,27,87
1259,978848,240,11,83,341,19,84
1260,978876,240,21,82,341,27,82
1261,978948,240,17,54,341,37,64
1262,323602,240,15,57,341,31,50
1263,192570,240,1,67,341,13,66
1264,192645,240,9,63,341,15,71
1265,192756,240,17,63,341,23,60
1266,717056,240,7,83,341,13,68
1267,454974,240,1,68,341,13,56
1268,455006,240,17,58,341,21,62
1269,848348,240,21,88,341,27,96
1270,455139,240,7,74,341,21,63
1271,586217,240,15,70,341,21,68
1272,586296,240,13,84,341,27,68
1273,848494,240,7,58,341,13,50
1274,586388,240,7,69,341,21,59
1275,717507,240,15,93,341,21,75
1276,979691,240,11,67,341,17,85
1277,717587,240,17,65,341,23,52
1278,586709,240,13,94,341,27,96
1279,848930,240,27,69,341,33,65
1280,455753,240,1,75,341,9,81
1281,193702,240,15,77,341,19,67
1282,980169,240,7,70,341,21,68
1283,324824,240,21,71,341,33,76
1284,586994,240,11,76,341,21,81
1285,324856,240,17,67,341,23,43
1286,324856,240,17,67,341,31,70
1287,324920,240,17,57,341,31,52
1288,849449,240,23,71,341,27,57
1289,456259,240,7,60,341,21,58
1290,456290,240,1,69,341,13,51
1291,194153,240,21,84,341,27,95
1292,718511,240,7,82,341,21,78
1293,849641,240,21,77,341,27,92
1294,587536,240,1,68,341,13,74
1295,980792,240,17,75,341,31,87
1296,325448,240,21,69,341,31,90
1297,980878,240,3,54,341,17,64
1298,456597,240,1,61,341,13,50
1299,587720,240,21,52,341,23,45
1300,587720,240,21,52,341,31,67
1301,587764,240,23,54,341,31,72
1302,981072,240,19,78,341,25,65
1303,587957,240,23,66,341,31,58
1304,194747,240,13,86,341,21,82
1305,194810,240,17,82,341,31,99
1306,456955,240,21,62,341,33,68
1307,325900,240,11,57,341,21,64
1308,456977,240,13,72,341,27,68
1309,456981,240,17,87,341,23,71
1310,719166,240,13,85,341,27,85
1311,719326,240,11,68,341,23,65
1312,850492,240,9,77,341,21,81
1313,457322,240,17,86,341,31,93
1314,981625,240,17,75,341,23,75
1315,326304,240,13,61,341,21,37
1316,326304,240,13,61,341,31,76
1317,850684,240,3,88,341,11,97
1318,457784,240,9,63,341,21,70
1319,588881,240,9,81,341,21,95
1320,719980,240,19,80,341,31,67
1321,982135,240,1,73,341,13,68
1322,982159,240,17,60,341,23,70
1323,982173,240,9,68,341,21,76
1324,851119,240,9,74,341,21,73
1325,851141,240,21,56,341,27,50
1326,195878,240,21,94,341,33,92
1327,982373,240,1,72,341,13,74
1328,327083,240,13,61,341,31,70
1329,589263,240,21,68,341,27,70
1330,196125,240,41,51,341,43,50
1331,196135,240,13,81,341,23,84
1332,982580,240,1,78,341,13,71
1333,196170,240,21,60,341,27,43
1334,196170,240,21,60,341,33,63
1335,458364,240,27,83,341,43,59
1336,327443,240,17,88,341,23,74
1337,458552,240,9,74,341,21,53
1338,983146,240,21,78,341,27,78
1339,589943,240,21,70,341,33,72
1340,589976,240,17,87,341,31,87
1341,327843,240,7,61,341,21,51
1342,721141,240,21,67,341,33,86
1343,983330,240,25,64,341,31,64
1344,327978,240,11,72,341,23,68
1345,983391,240,1,60,341,7,72
1346,328033,240,57,72,341,61,65
1347,328052,240,1,59,341,11,58
1348,721302,240,11,66,341,31,64
1349,328123,240,17,82,341,23,75
1350,590285,240,21,58,341,27,63
1351,852494,240,3,87,341,11,100
1352,983567,240,11,87,341,23,86
1353,197205,240,13,73,341,21,65
1354,459420,240,7,69,341,21,69
1355,721569,240,17,80,341,31,73
1356,852690,240,21,70,341,27,69
1357,459539,240,13,64,341,27,67
1358,328498,240,29,61,341,31,62
1359,983879,240,17,54,341,23,50
1360,197566,240,7,63,341,21,71
1361,459945,240,21,61,341,29,62
1362,591043,240,11,66,341,17,75
1363,197881,240,17,64,341,23,73
1364,853309,240,1,58,341,19,50
1365,460134,240,7,68,341,21,74
1366,460185,240,31,78,341,33,86
1367,460210,240,15,71,341,21,65
1368,329175,240,27,67,341,33,66
1369,460307,240,17,79,341,23,72
1370,329242,240,13,76,341,17,16
1371,984759,240,21,73,341,33,83
1372,853796,240,13,87,341,23,79
1373,198444,240,13,95,341,27,100
1374,854095,240,21,56,341,27,59
1375,198769,240,15,60,341,25,63
1376,198769,240,19,61,341,25,63
1377,854157,240,13,68,341,23,79
1378,460960,240,21,56,341,27,56
1379,723192,240,1,79,341,15,76
1380,461072,240,11,83,341,31,82
1381,330040,240,17,75,341,23,77
1382,330046,240,21,73,341,33,78
1383,723294,240,7,75,341,21,77
1384,592238,240,21,81,341,23,78
1385,199112,240,21,72,341,23,73
1386,330264,240,1,71,341,13,64
1387,854705,240,17,82,341,23,69
1388,723806,240,21,62,341,33,50
1389,461704,240,17,80,341,31,92
1390,330648,240,7,78,341,21,86
1391,592822,240,13,79,341,27,66
1392,854990,240,9,81,341,15,79
1393,199636,240,1,76,341,15,85
1394,986152,240,13,78,341,27,86
1395,986211,240,17,77,341,31,85
1396,986213,240,3,86,341,13,77
1397,855212,240,1,71,341,13,61
1398,724257,240,33,64,341,41,62
1399,855333,240,19,69,341,21,55
1400,986434,240,11,77,341,17,83
1401,462158,240,7,72,341,21,64
1402,855390,240,7,70,341,21,94
1403,724341,240,13,61,341,33,57
1404,200101,240,17,68,341,31,75
1405,462370,240,17,69,341,21,69
1406,986672,240,21,82,341,33,91
1407,200326,240,17,80,341,23,88
1408,462530,240,3,59,341,13,63
1409,986829,240,15,62,341,21,69
1410,200422,240,13,76,341,21,89
1411,724718,240,3,72,341,13,57
1412,855793,240,23,78,341,31,80
1413,200458,240,7,63,341,21,55
1414,331557,240,13,82,341,17,69
1415,986951,240,15,74,341,25,53
1416,855932,240,13,70,341,21,86
1417,462790,240,1,77,341,13,87
1418,331770,240,21,84,341,33,59
1419,331810,240,21,79,341,27,82
1420,594032,240,23,63,341,31,58
1421,200837,240,17,70,341,31,63
1422,331919,240,11,83,341,17,75
1423,725315,240,27,72,341,33,76
1424,594248,240,1,62,341,21,66
1425,201045,240,11,73,341,21,83
1426,987479,240,21,68,341,23,80
1427,725343,240,1,87,341,13,77
1428,332142,240,21,76,341,33,67
1429,463242,240,21,77,341,33,68
1430,594389,240,1,64,341,15,67
1431,725474,240,13,82,341,27,78
1432,463388,240,31,84,341,37,81
1433,725587,240,1,58,341,13,70
1434,332385,240,21,76,341,37,95
1435,332396,240,11,76,341,17,66
1436,987777,240,13,73,341,23,60
1437,725641,240,7,86,341,21,75
1438,332541,240,1,82,341,13,76
1439,463624,240,21,81,341,33,79
1440,594720,240,21,73,341,33,72
1441,463651,240,11,81,341,23,87
1442,463773,240,15,80,341,21,84
1443,725975,240,1,92,341,15,93
1444,857058,240,17,53,341,21,62
1445,463990,240,13,68,341,21,57
1446,988309,240,7,88,341,21,85
1447,857379,240,17,74,341,23,68
1448,726322,240,7,77,341,21,70
1449,988567,240,13,82,341,23,72
1450,202136,240,17,78,341,21,67
1451,595358,240,11,64,341,21,64
1452,595424,240,13,77,341,21,54
1453,464418,240,1,69,341,21,60
1454,464421,240,13,96,341,17,97
1455,202284,240,1,72,341,15,70
1456,988805,240,17,65,341,37,52
1457,464520,240,17,76,341,31,73
1458,464627,240,1,77,341,13,87
1459,595834,240,17,77,341,23,64
1460,726915,240,21,68,341,25,62
1461,858006,240,17,70,341,31,86
1462,595921,240,11,55,341,21,51
1463,989166,240,21,81,341,33,68
1464,595955,240,21,52,341,41,63
1465,333837,240,17,52,341,31,60
1466,333878,240,13,84,341,21,67
1467,727097,240,17,88,341,23,89
1468,464961,240,17,59,341,31,56
1469,464999,240,9,73,341,21,70
1470,858225,240,1,61,341,19,88
1471,596137,240,1,69,341,7,80
1472,858284,240,21,73,341,27,66
1473,596203,240,17,70,341,31,70
1474,334070,240,23,56,341,31,56
1475,465152,240,7,64,341,21,57
1476,465175,240,11,84,341,17,74
1477,727425,240,1,83,341,3,66
1478,596380,240,9,67,341,21,65
1479,858555,240,17,83,341,31,68
1480,858664,240,21,50,341,33,33
1481,858664,240,21,50,341,41,37
1482,858664,240,21,50,341,43,50
1483,858707,240,13,55,341,21,62
1484,465896,240,7,68,341,11,56
1485,990194,240,7,82,341,11,94
1486,990337,240,21,81,341,33,74
1487,859304,240,17,72,341,31,75
1488,728256,240,9,69,341,21,75
1489,728283,240,7,65,341,17,64
1490,204078,240,13,74,341,23,85
1491,204094,240,17,71,341,23,50
1492,859548,240,31,50,341,33,50
1493,335262,240,21,70,341,23,68
1494,859678,240,17,69,341,23,68
1495,859699,240,19,50,341,21,56
1496,335416,240,1,75,341,13,68
1497,990822,240,21,57,341,25,60
1498,204476,240,17,64,341,23,66
1499,859930,240,7,73,341,21,76
1500,728898,240,17,86,341,23,80
1501,991087,240,11,78,341,21,69
1502,204674,240,23,67,341,31,63
1503,204747,240,13,60,341,27,74
1504,991243,240,13,74,341,21,85
1505,991303,240,1,57,341,7,68
1506,336023,240,13,87,341,27,62
1507,205043,240,17,60,341,31,52
1508,860468,240,21,84,341,27,94
1509,467327,240,1,65,341,21,41
1510,467327,240,1,65,341,23,58
1511,991696,240,17,73,341,37,81
1512,598481,240,21,73,341,33,61
1513,598574,240,31,85,341,33,89
1514,729651,240,27,57,341,33,51
1515,860920,240,23,74,341,31,58
1516,598805,240,21,72,341,23,42
1517,467787,240,17,92,341,31,99
1518,205764,240,21,58,341,41,63
1519,730056,240,21,73,341,27,80
1520,861177,240,7,74,341,27,78
1521,861190,240,7,57,341,21,64
1522,730151,240,21,81,341,27,67
1523,336963,240,9,77,341,21,73
1524,336966,240,1,63,341,7,61
1525,337130,240,13,87,341,21,87
1526,599298,240,21,79,341,33,74
1527,861511,240,1,78,341,7,90
1528,992622,240,33,74,341,41,64
1529,992766,240,21,63,341,27,51
1530,206379,240,17,79,341,23,75
1531,337524,240,1,72,341,21,65
1532,468600,240,9,80,341,11,75
1533,206528,240,11,81,341,17,85
1534,599796,240,1,75,341,21,72
1535,468781,240,21,84,341,33,88
1536,731009,240,9,86,341,21,83
1537,206730,240,13,80,341,21,69
1538,993216,240,21,56,341,27,74
1539,206799,240,21,57,341,31,51
1540,468945,240,17,76,341,23,66
1541,337892,240,15,76,341,29,92
1542,731136,240,21,69,341,33,58
1543,337955,240,1,87,341,13,87
1544,206906,240,13,83,341,21,87
1545,731229,240,21,62,341,33,62
1546,862319,240,9,70,341,21,77
1547,206966,240,11,65,341,23,58
1548,206978,240,13,82,341,21,79
1549,600205,240,17,64,341,25,59
1550,862353,240,13,77,341,17,74
1551,206996,240,11,85,341,21,88
1552,338114,240,23,71,341,43,83
1553,469242,240,17,78,341,31,70
1554,731472,240,1,85,341,13,69
1555,338314,240,17,77,341,31,62
1556,731538,240,1,67,341,11,52
1557,469473,240,15,81,341,19,85
1558,862759,240,17,84,341,23,88
1559,862804,240,23,86,341,31,74
1560,469609,240,7,81,341,21,91
1561,600719,240,7,78,341,21,80
1562,993946,240,13,95,341,23,90
1563,600744,240,17,74,341,31,64
1564,731918,240,13,75,341,21,67
1565,994105,240,21,81,341,33,69
1566,207735,240,13,92,341,27,83
1567,469921,240,3,74,341,13,70
1568,863151,240,21,62,341,27,70
1569,207804,240,17,69,341,31,81
1570,732162,240,7,83,341,21,73
1571,207934,240,11,89,341,13,93
1572,470151,240,1,56,341,13,39
1573,470151,240,1,56,341,21,63
1574,994504,240,17,90,341,23,100
1575,601356,240,23,67,341,33,82
1576,470315,240,27,70,341,33,70
1577,732693,240,21,89,341,27,83
1578,863783,240,13,85,341,21,67
1579,994897,240,21,100,341,27,80
1580,470742,240,13,61,341,21,57
1581,601961,240,9,73,341,21,76
1582,208770,240,1,92,341,21,98
1583,733072,240,17,86,341,23,84
1584,470978,240,3,71,341,13,76
1585,995289,240,1,88,341,7,83
1586,471017,240,13,64,341,17,45
1587,471017,240,13,64,341,23,63
1588,471025,240,19,60,341,29,77
1589,995406,240,17,80,341,31,72
1590,602193,240,21,74,341,27,86
1591,471336,240,27,70,341,33,59
1592,864581,240,21,61,341,31,59
1593,995654,240,11,60,341,31,87
1594,864692,240,7,76,341,21,80
1595,995797,240,11,79,341,23,70
1596,209462,240,17,94,341,31,80
1597,733831,240,17,70,341,31,77
1598,733903,240,1,68,341,19,50
1599,602838,240,7,76,341,27,70
1601,209846,240,13,64,341,21,55
1602,865304,240,1,78,341,17,81
1603,472265,240,17,83,341,23,78
1604,996570,240,9,33,341,25,78
1605,996570,240,15,57,341,25,78
1606,603374,240,21,50,341,27,51
1607,341241,240,13,72,341,17,80
1608,734472,240,27,60,341,31,57
1609,472339,240,21,67,341,33,62
1610,603463,240,47,68,341,53,58
1611,865618,240,11,73,341,21,73
1612,865666,240,1,62,341,11,70
1613,603550,240,27,85,341,33,71
1614,341410,240,13,74,341,23,80
1615,603559,240,15,70,341,21,75
1616,210526,240,21,65,341,33,57
1617,996959,240,7,99,341,11,100
1618,210543,240,17,57,341,31,60
1619,603786,240,13,62,341,27,55
1620,210593,240,17,76,341,23,72
1621,603848,240,7,73,341,21,83
1622,472869,240,9,90,341,15,93
1623,210747,240,21,93,341,33,92
1624,866120,240,7,64,341,21,64
1625,472989,240,7,81,341,13,90
1626,997298,240,13,95,341,21,95
1627,604300,240,23,63,341,31,67
1628,604348,240,9,83,341,21,93
1629,342216,240,9,74,341,21,68
1630,604412,240,17,56,341,21,55
1631,735525,240,21,52,341,27,78
1632,473457,240,23,67,341,31,71
1633,604538,240,21,52,341,57,58
1634,211389,240,1,72,341,9,71
1635,735831,240,17,54,341,31,44
1636,735831,240,17,54,341,37,57
1637,604831,240,7,60,341,31,75
1638,342706,240,27,73,341,43,65
1639,342857,240,17,88,341,31,100
1640,605062,240,3,71,341,21,70
1641,342945,240,1,87,341,13,93
1642,998433,240,15,73,341,21,60
1643,343076,240,21,57,341,27,64
1644,212027,240,21,57,341,33,64
1645,343120,240,7,62,341,21,57
1646,867485,240,9,73,341,15,84
1647,605447,240,25,67,341,27,60
1648,343377,240,17,75,341,33,68
1649,212338,240,13,61,341,23,64
1650,605558,240,13,91,341,27,100
1651,998861,240,11,62,341,19,38
1652,998861,240,11,62,341,39,52
1653,867813,240,7,76,341,21,55
1654,998904,240,7,72,341,21,84
1655,736761,240,21,67,341,27,71
1656,998981,240,21,67,341,27,58
1657,999029,240,13,77,341,23,96
1658,212602,240,13,90,341,21,71
1659,605820,240,1,91,341,11,98
1660,736895,240,17,61,341,37,65
1661,474754,240,21,76,341,27,71
1662,736900,240,21,71,341,33,69
1663,605864,240,17,67,341,31,61
1664,736998,240,17,82,341,31,88
1665,343799,240,27,67,341,33,55
1666,343902,240,41,52,341,47,50
1667,212921,240,5,66,341,25,74
1668,475101,240,27,59,341,41,64
1669,344060,240,17,60,341,43,67
1670,213015,240,7,74,341,13,66
1671,475198,240,11,46,341,23,70
1672,475198,240,21,72,341,23,70
1673,475199,240,17,77,341,25,78
1674,475271,240,11,93,341,17,95
1675,475295,240,13,81,341,23,64
1676,737440,240,17,65,341,37,62
1677,213192,240,17,85,341,31,66
1678,868628,240,3,80,341,7,81
1679,868666,240,31,66,341,33,50
1680,868699,240,15,66,341,17,67
1681,868790,240,1,85,341,13,83
1682,737879,240,11,81,341,23,92
1683,475829,240,17,67,341,31,78
1684,738051,240,27,80,341,33,63
1685,475963,240,21,88,341,33,100
1686,738198,240,21,73,341,27,83
1687,738234,240,21,73,341,27,73
1688,738241,240,17,82,341,31,77
1689,476255,240,13,86,341,21,80
1690,738415,240,13,89,341,21,98
1691,869491,240,7,79,341,13,69
1692,214155,240,21,65,341,27,68
1693,476353,240,21,78,341,33,87
1694,214339,240,9,57,341,21,53
1695,607575,240,11,77,341,17,71
1696,476535,240,13,71,341,27,72
1697,476552,240,17,88,341,23,90
1698,476637,240,21,61,341,27,53
1699,345603,240,23,66,341,37,61
1700,607778,240,3,86,341,13,87
1701,345811,240,17,82,341,23,43
1702,345811,240,17,82,341,37,85
1703,870223,240,21,75,341,33,82
1704,345971,240,17,79,341,23,79
1705,870311,240,9,62,341,19,55
1706,214974,240,21,58,341,41,70
1707,739278,240,3,78,341,13,67
1708,215026,240,17,62,341,31,60
1709,346194,240,23,69,341,31,60
1710,215168,240,13,92,341,33,87
1711,215186,240,21,84,341,27,76
1712,739497,240,17,50,341,31,51
1713,739505,240,21,61,341,33,62
1714,215233,240,17,84,341,23,77
1715,346424,240,17,62,341,31,57
1716,477636,240,13,67,341,27,81
1717,346601,240,21,66,341,27,70
1718,871139,240,7,83,341,21,73
1719,346876,240,17,62,341,31,65
1720,215857,240,7,70,341,21,62
1721,478067,240,21,73,341,33,68
1722,216073,240,21,67,341,27,69
1723,609338,240,17,98,341,23,97
1724,347233,240,17,64,341,21,60
1725,871591,240,17,74,341,31,86
1726,871671,240,15,38,341,29,38
1727,871671,240,19,53,341,29,38
1728,347473,240,21,75,341,33,72
1729,609737,240,11,66,341,23,50
1730,478705,240,3,72,341,7,71
1731,478731,240,1,81,341,11,78
1732,609843,240,19,57,341,21,65
1733,216734,240,1,73,341,13,58
1734,741084,240,21,70,341,23,55
1735,347905,240,3,59,341,27,73
1736,872245,240,1,81,341,7,83
1737,741313,240,9,78,341,21,67
1738,741351,240,17,72,341,23,81
1739,217088,240,23,68,341,33,67
1740,348184,240,23,76,341,31,58
1741,479549,240,19,76,341,21,64
1742,872813,240,1,74,341,3,74
1743,479916,240,11,80,341,37,83
1744,479959,240,21,65,341,27,71
1745,348993,240,17,89,341,31,91
1746,348995,240,17,75,341,31,75
1747,611330,240,17,76,341,31,86
1748,218335,240,7,79,341,21,78
1749,349591,240,7,72,341,13,68
1750,742868,240,17,71,341,23,53
1751,873948,240,7,64,341,13,54
1752,349725,240,7,50,341,15,61
1753,742951,240,19,57,341,25,50
1754,742965,240,27,66,341,33,86
1755,743057,240,17,68,341,31,74
1756,874164,240,1,73,341,13,59
1757,481096,240,21,79,341,27,72
1758,743295,240,27,72,341,33,67
1759,481224,240,7,63,341,21,59
1760,874471,240,1,81,341,3,77
1761,612404,240,3,69,341,7,83
1762,219195,240,1,61,341,21,76
1763,350328,240,27,71,341,33,78
1764,874681,240,17,93,341,27,97
1766,219457,240,17,55,341,31,65
1767,743900,240,21,75,341,31,69
1768,874976,240,37,60,341,41,5
1769,874976,240,37,60,341,43,32
1770,874976,240,37,60,341,47,57
1771,612889,240,23,55,341,31,61
1772,744019,240,13,87,341,33,90
1773,481876,240,21,85,341,27,70
1774,219758,240,11,59,341,17,67
1775,481904,240,13,43,341,23,44
1776,481904,240,13,43,341,31,70
1777,481904,240,21,62,341,23,44
1778,481904,240,21,62,341,31,70
1779,219874,240,11,82,341,21,75
1780,219884,240,13,73,341,27,70
1781,350973,240,7,72,341,21,69
1782,613199,240,17,78,341,33,74
1783,744326,240,23,64,341,43,39
1784,744326,240,23,64,341,51,40
1785,744326,240,23,64,341,53,46
1786,744326,240,23,64,341,57,61
1787,613418,240,17,69,341,37,64
1788,875633,240,33,86,341,37,74
1789,351376,240,11,68,341,19,41
1790,351376,240,11,68,341,25,64
1791,351450,240,27,61,341,41,50
1792,613828,240,17,64,341,37,65
1793,351725,240,21,89,341,27,88
1794,220703,240,3,64,341,11,79
1795,351790,240,1,66,341,21,56
1796,220720,240,13,90,341,33,100
1797,745016,240,13,82,341,21,75
1798,613958,240,11,58,341,17,78
1799,613961,240,7,82,341,21,88
1800,482890,240,11,65,341,21,75
1801,351962,240,17,95,341,31,91
1802,351971,240,9,79,341,15,83
1803,352096,240,7,69,341,21,74
1804,483181,240,13,68,341,33,68
1805,352137,240,9,69,341,21,73
1806,483216,240,17,67,341,23,76
1807,876448,240,7,87,341,21,88
1808,483239,240,17,54,341,23,52
1809,876498,240,21,65,341,27,78
1810,614383,240,17,81,341,31,81
1811,483364,240,17,72,341,21,61
1812,221274,240,9,79,341,25,75
1813,352470,240,7,81,341,21,67
1814,876928,240,3,66,341,11,69
1815,877331,240,11,69,341,13,64
1816,746323,240,15,63,341,29,62
1817,484317,240,13,75,341,23,81
1818,615617,240,17,72,341,23,66
1819,484692,240,9,75,341,15,78
1820,746859,240,11,58,341,13,65
1821,222612,240,13,77,341,27,73
1822,353699,240,17,81,341,23,83
1823,353817,240,17,69,341,21,72
1824,616033,240,1,76,341,15,77
1825,222861,240,17,83,341,23,73
1826,878423,240,11,64,341,23,60
1827,616318,240,11,57,341,23,65
1828,878579,240,21,59,341,27,74
1829,223242,240,21,67,341,27,74
1830,354374,240,31,63,341,33,51
1831,747635,240,9,80,341,21,88
1832,747686,240,21,70,341,33,63
1833,485739,240,17,76,341,23,64
1834,616836,240,21,65,341,33,63
1835,616845,240,17,81,341,31,76
1836,616953,240,21,51,341,33,66
1837,879176,240,1,63,341,13,80
1838,223825,240,13,70,341,23,86
1839,354939,240,1,60,341,21,58
1840,748196,240,7,66,341,23,80
1841,223923,240,1,69,341,11,33
1842,223923,240,1,69,341,25,66
1843,879301,240,13,89,341,21,79
1844,355015,240,7,76,341,13,60
1845,486118,240,23,86,341,31,72
1846,879361,240,11,63,341,17,61
1847,224233,240,1,72,341,13,78
1848,355306,240,17,55,341,23,62
1849,224284,240,21,72,341,27,50
1850,486498,240,11,62,341,13,57
1851,224408,240,21,67,341,27,57
1852,355480,240,21,71,341,27,81
1853,879791,240,7,76,341,13,71
1854,748738,240,1,63,341,13,65
1855,224540,240,13,64,341,23,64
1856,355687,240,21,51,341,27,52
1857,486792,240,17,76,341,23,68
1858,486892,240,17,59,341,31,51
1859,355843,240,15,98,341,29,100
1860,224802,240,11,56,341,23,50
1861,880321,240,13,84,341,33,77
1862,224963,240,21,58,341,41,66
1863,487109,240,9,64,341,25,70
1864,749303,240,17,71,341,23,59
1865,749370,240,17,76,341,23,71
1866,618350,240,21,71,341,33,56
1867,487313,240,21,71,341,31,76
1868,618429,240,17,58,341,23,33
1869,618429,240,17,58,341,43,50
1870,749621,240,7,75,341,13,74
1871,225543,240,25,80,341,29,71
1872,487698,240,27,58,341,33,55
1873,880921,240,7,62,341,21,82
1874,618936,240,11,77,341,13,73
1875,619201,240,17,70,341,21,66
1876,619241,240,13,62,341,21,79
1877,357098,240,7,75,341,13,65
1878,881437,240,11,73,341,17,85
1879,488245,240,13,54,341,27,34
1880,488245,240,13,54,341,43,61
1881,488286,240,17,76,341,31,83
1882,226187,240,27,60,341,41,59
1883,226323,240,7,87,341,13,92
1884,881730,240,11,79,341,17,74
1885,881818,240,27,80,341,43,80
1886,881832,240,31,64,341,43,52
1887,488646,240,9,83,341,21,76
1888,488753,240,23,63,341,31,55
1889,226648,240,11,65,341,21,63
1890,488815,240,31,60,341,41,54
1891,619897,240,27,69,341,43,69
1892,882074,240,23,86,341,27,73
1893,751003,240,21,74,341,27,87
1894,488886,240,19,66,341,35,72
1895,489068,240,21,76,341,27,87
1896,489094,240,1,66,341,13,84
1897,358154,240,1,64,341,9,72
1898,882555,240,17,71,341,31,86
1899,882563,240,1,85,341,7,69
1900,620429,240,9,87,341,21,100
1901,882605,240,1,62,341,13,53
1902,620507,240,21,53,341,27,72
1903,358392,240,15,67,341,21,62
1904,751616,240,11,75,341,21,74
1905,358439,240,21,84,341,33,86
1906,358597,240,21,84,341,27,96
1907,489837,240,21,75,341,27,71
1908,227710,240,3,59,341,17,50
1909,227834,240,17,90,341,21,69
1910,227921,240,1,65,341,13,57
1911,227964,240,17,80,341,23,50
1912,621205,240,7,58,341,21,42
1913,228065,240,17,69,341,23,70
1914,359156,240,11,79,341,23,81
1915,883450,240,21,64,341,31,65
1916,359163,240,21,76,341,27,58
1917,490250,240,33,59,341,41,53
1918,490343,240,17,86,341,23,67
1919,490343,240,17,86,341,31,86
1920,490394,240,21,72,341,27,75
1921,228343,240,13,75,341,21,67
1922,752642,240,21,71,341,33,62
1923,359475,240,17,67,341,23,45
1924,359475,240,17,67,341,31,71
1925,621636,240,13,82,341,23,93
1926,752744,240,1,65,341,21,63
1927,883885,240,11,62,341,21,51
1928,228641,240,21,71,341,31,30
1929,753021,240,19,72,341,25,72
1930,884110,240,1,82,341,7,67
1931,884237,240,1,72,341,7,68
1932,228896,240,17,53,341,31,62
1933,491142,240,21,52,341,23,29
1934,229007,240,17,63,341,31,37
1935,229007,240,17,63,341,37,44
1936,229007,240,17,63,341,43,72
1937,360153,240,17,76,341,31,70
1938,491236,240,17,75,341,31,55
1939,884453,240,9,59,341,21,76
1940,229128,240,13,79,341,21,79
1941,491431,240,21,50,341,31,65
1942,229325,240,21,81,341,27,68
1943,229365,240,21,66,341,33,67
1944,622603,240,1,57,341,17,65
1945,360509,240,13,79,341,21,52
1946,884848,240,9,76,341,21,68
1947,491648,240,13,78,341,27,35
1948,491648,240,13,78,341,41,65
1949,360593,240,13,60,341,21,67
1950,622740,240,11,41,341,21,71
1951,622740,240,17,71,341,21,71
1952,885022,240,17,53,341,31,65
1953,491811,240,1,59,341,13,45
1954,491811,240,1,59,341,21,56
1955,491868,240,21,62,341,33,74
1956,491898,240,1,63,341,7,57
1957,229755,240,17,83,341,31,87
1958,622976,240,27,60,341,43,52
1959,360949,240,19,66,341,31,61
1960,623146,240,15,62,341,35,57
1961,754281,240,1,76,341,11,85
1962,754307,240,21,52,341,25,67
1963,623395,240,5,74,341,21,52
1964,361253,240,11,62,341,23,44
1965,361253,240,11,62,341,37,50
1966,885592,240,17,76,341,23,63
1967,230295,240,15,78,341,17,85
1968,885705,240,11,62,341,17,63
1969,361513,240,11,85,341,13,90
1970,230455,240,13,62,341,21,69
1971,230485,240,7,70,341,21,72
1972,492695,240,23,55,341,37,66
1973,492712,240,17,61,341,31,53
1974,230640,240,7,86,341,21,66
1975,230760,240,21,72,341,31,73
1976,624168,240,3,80,341,17,78
1977,624191,240,31,82,341,39,80
1978,493125,240,17,81,341,23,74
1979,231018,240,19,56,341,25,58
1980,493191,240,21,71,341,27,63
1981,755336,240,13,83,341,21,84
1982,231057,240,15,65,341,29,67
1983,362142,240,23,63,341,31,59
1984,231120,240,13,57,341,21,63
1985,362218,240,17,53,341,23,58
1986,100134,240,21,68,341,33,61
1987,755603,240,21,72,341,33,75
1988,755625,240,9,62,341,21,43
1989,755625,240,9,62,341,25,63
1990,362545,240,15,74,341,21,67
1991,886834,240,17,59,341,23,36
1992,886834,240,17,59,341,31,72
1993,362557,240,21,69,341,23,62
1994,755798,240,7,83,341,21,83
1995,624733,240,1,89,341,7,70
1996,231534,240,21,72,341,33,80
1997,362607,240,9,79,341,21,86
1998,100485,240,17,78,341,21,64
1999,886957,240,17,61,341,31,61
2000,362682,240,27,50,341,33,44
2001,362682,240,27,50,341,41,55
2002,362726,240,7,65,341,21,61
2003,100728,240,13,72,341,21,76
2004,493948,240,3,57,341,13,65
2005,362948,240,21,80,341,33,100
2006,494021,240,21,66,341,27,69
2007,100816,240,11,53,341,13,54
2008,756232,240,11,81,341,17,93
2009,232022,240,17,69,341,21,74
2010,887441,240,21,66,341,27,81
2011,494381,240,1,50,341,21,63
2012,887666,240,13,94,341,23,76
2013,494474,240,9,68,341,35,70
2014,363423,240,17,80,341,23,77
2015,101324,240,17,59,341,23,65
2016,494550,240,1,84,341,23,71
2017,363490,240,7,88,341,21,86
2018,887798,240,17,78,341,31,77
2019,887826,240,27,73,341,33,66
2020,494623,240,21,65,341,23,84
2021,101474,240,13,60,341,17,59
2022,363625,240,21,69,341,33,54
2023,232575,240,1,67,341,13,70
2024,756932,240,11,76,341,17,88
2025,756947,240,1,81,341,9,62
2026,364059,240,9,63,341,19,67
2027,364132,240,27,67,341,33,50
2028,757369,240,17,70,341,31,69
2029,364162,240,1,82,341,15,85
2030,626309,240,1,80,341,13,79
2031,626370,240,17,84,341,21,81
2032,233392,240,15,89,341,29,100
2033,626789,240,13,75,341,21,81
2034,888934,240,21,56,341,51,60
2035,757882,240,23,70,341,31,74
2036,233645,240,3,76,341,17,67
2037,889016,240,3,75,341,13,72
2038,364752,240,21,66,341,31,61
2039,102745,240,11,71,341,23,68
2040,495977,240,17,64,341,23,44
2041,495977,240,17,64,341,31,64
2042,102763,240,23,65,341,37,66
2043,627073,240,17,63,341,31,87
2044,496069,240,13,62,341,17,60
2045,627180,240,19,64,341,35,77
2046,365043,240,9,73,341,21,91
2047,365228,240,9,83,341,21,79
2048,365271,240,17,99,341,31,95
2049,234236,240,13,69,341,17,72
2050,365349,240,13,79,341,21,53
2051,103216,240,17,79,341,23,73
2052,234345,240,15,67,341,25,71
2053,758715,240,3,81,341,13,85
2054,365832,240,17,82,341,23,64
2055,628068,240,17,81,341,23,70
2056,366018,240,21,53,341,33,63
2057,890356,240,1,50,341,21,91
2058,366079,240,3,35,341,21,51
2059,366079,240,11,58,341,21,51
2060,628260,240,13,79,341,23,58
2061,890406,240,13,63,341,21,66
2062,104016,240,11,98,341,13,100
2063,890499,240,11,46,341,17,54
2064,890499,240,13,69,341,17,54
2065,890548,240,21,80,341,27,64
2066,366278,240,11,85,341,13,89
2067,497362,240,21,75,341,33,70
2068,628449,240,7,74,341,13,69
2069,628510,240,23,68,341,27,55
2070,890687,240,7,57,341,21,42
2071,890687,240,7,57,341,27,63
2072,104345,240,17,91,341,23,84
2073,366501,240,9,81,341,21,96
2074,497575,240,1,72,341,7,76
2075,235559,240,9,70,341,29,69
2076,628781,240,17,73,341,31,84
2077,628806,240,21,86,341,33,92
2078,366669,240,1,63,341,17,58
2079,104655,240,17,97,341,23,94
2080,760026,240,1,67,341,13,45
2081,760026,240,1,67,341,21,69
2082,628979,240,13,65,341,21,67
2083,104696,240,7,70,341,21,60
2084,366964,240,9,57,341,25,76
2085,498116,240,11,76,341,17,74
2086,891420,240,13,76,341,21,71
2087,629282,240,13,77,341,23,62
2088,105233,240,21,70,341,33,81
2089,629566,240,11,73,341,31,68
2090,760680,240,11,79,341,17,76
2091,891794,240,17,77,341,23,78
2092,760788,240,1,70,341,13,56
2093,498686,240,31,62,341,43,78
2094,629817,240,1,63,341,11,37
2095,367687,240,11,66,341,23,37
2096,367687,240,11,66,341,31,71
2097,498827,240,17,73,341,23,65
2098,367763,240,13,81,341,33,63
2099,892060,240,21,80,341,33,84
2100,367784,240,21,53,341,41,59
2101,498863,240,17,69,341,23,50
2102,630010,240,11,56,341,13,67
2103,761126,240,21,61,341,23,50
2104,236858,240,17,87,341,21,85
2105,499055,240,27,62,341,33,61
2106,236947,240,11,66,341,23,84
2107,368144,240,13,85,341,27,82
2108,237098,240,3,62,341,13,81
2109,368181,240,17,67,341,25,61
2110,499277,240,17,73,341,37,78
2111,499434,240,21,85,341,27,91
2112,499573,240,9,61,341,21,43
2113,499573,240,9,61,341,29,61
2114,630751,240,17,73,341,23,66
2115,892934,240,21,65,341,27,70
2116,761890,240,31,83,341,37,63
2117,237627,240,27,57,341,33,37
2118,237627,240,27,57,341,37,79
2119,630959,240,9,65,341,15,69
2120,500063,240,13,68,341,23,67
2121,762273,240,17,62,341,21,66
2122,106994,240,21,53,341,33,62
2123,631333,240,21,56,341,23,43
2124,631333,240,21,56,341,27,67
2125,500330,240,1,73,341,13,64
2126,369321,240,11,60,341,23,60
2127,631476,240,17,71,341,23,63
2128,369336,240,13,80,341,23,75
2129,500489,240,7,62,341,21,67
2130,762732,240,13,78,341,21,52
2131,893883,240,23,70,341,37,56
2132,631757,240,27,59,341,43,56
2133,893984,240,17,58,341,21,59
2134,107606,240,21,75,341,27,80
2135,500918,240,13,74,341,33,73
2136,894171,240,17,65,341,21,50
2137,238895,240,15,77,341,25,72
2138,239055,240,21,60,341,27,60
2139,763357,240,21,73,341,31,78
2140,894432,240,15,65,341,21,64
2141,632304,240,13,70,341,27,54
2142,632324,240,17,97,341,23,90
2143,370189,240,33,81,341,41,63
2144,108104,240,17,87,341,23,88
2145,108115,240,1,81,341,21,75
2146,370369,240,11,88,341,17,91
2147,370401,240,21,70,341,33,31
2148,894735,240,21,76,341,27,63
2149,894931,240,13,77,341,21,88
2150,632796,240,15,74,341,29,73
2151,763886,240,17,83,341,23,91
2152,894965,240,11,63,341,21,67
2153,632879,240,17,76,341,23,35
2154,632879,240,17,76,341,37,51
2155,632883,240,21,84,341,27,77
2156,239685,240,19,67,341,21,70
2157,632916,240,21,78,341,33,85
2158,632923,240,13,58,341,23,65
2159,501869,240,15,64,341,19,59
2160,239764,240,21,79,341,27,82
2161,501979,240,9,79,341,15,72
2162,895235,240,11,82,341,23,85
2163,633101,240,11,56,341,15,62
2164,108897,240,1,83,341,13,76
2165,764296,240,17,87,341,31,91
2166,240013,240,31,69,341,33,83
2167,633284,240,21,69,341,27,70
2168,633362,240,17,88,341,31,88
2169,633377,240,1,74,341,7,76
2170,371297,240,17,64,341,21,53
2171,109191,240,27,54,341,31,55
2172,502431,240,21,75,341,31,67
2173,502458,240,21,74,341,33,70
2174,764612,240,1,52,341,21,98
2175,895725,240,27,84,341,33,68
2176,633702,240,7,70,341,21,85
2177,371597,240,17,68,341,31,75
2178,109583,240,11,71,341,13,72
2179,633871,240,13,85,341,27,72
2180,764945,240,17,86,341,21,87
2181,633975,240,17,67,341,23,44
2182,633975,240,17,67,341,31,65
2183,240915,240,1,91,341,7,93
2184,765222,240,21,63,341,27,70
2185,503116,240,9,66,341,21,73
2186,896338,240,21,64,341,33,60
2187,896353,240,9,78,341,21,63
2188,896416,240,11,79,341,13,75
2189,896507,240,7,71,341,21,66
2190,241229,240,17,64,341,23,44
2191,241229,240,17,64,341,31,58
2192,634522,240,13,53,341,27,45
2193,634522,240,13,53,341,33,64
2194,634570,240,17,65,341,33,54
2195,372433,240,27,70,341,33,54
2196,372449,240,17,72,341,31,75
2197,765681,240,7,73,341,21,71
2198,765686,240,1,69,341,9,70
2199,765735,240,17,68,341,37,69
2200,372549,240,17,71,341,31,60
2201,896972,240,7,69,341,21,55
2202,241630,240,17,72,341,31,72
2203,503789,240,7,75,341,21,81
2204,110586,240,7,81,341,21,79
2205,110614,240,7,78,341,21,72
2206,766018,240,13,69,341,17,73
2207,110707,240,3,61,341,11,62
2208,503951,240,7,72,341,21,57
2209,372931,240,21,60,341,33,44
2210,372931,240,21,60,341,37,53
2211,504135,240,13,83,341,21,80
2212,373117,240,13,81,341,33,65
2213,373277,240,17,81,341,23,70
2214,242213,240,13,81,341,27,92
2215,897601,240,9,82,341,21,96
2216,766651,240,7,66,341,13,40
2217,766651,240,7,66,341,21,62
2218,504622,240,21,67,341,33,62
2219,635702,240,37,99,341,41,100
2220,897918,240,21,66,341,27,56
2221,504735,240,17,73,341,23,62
2222,766899,240,13,69,341,17,56
2223,766939,240,19,70,341,31,65
2224,242667,240,9,64,341,21,62
2225,111705,240,17,99,341,31,100
2226,111725,240,23,56,341,31,71
2227,636160,240,21,93,341,33,96
2228,898306,240,7,74,341,21,62
2229,767256,240,31,73,341,41,55
2230,898333,240,11,58,341,23,51
2231,374049,240,17,78,341,23,62
2232,505132,240,21,60,341,27,70
2233,243016,240,21,62,341,27,67
2234,898420,240,13,75,341,27,85
2235,112016,240,9,62,341,21,81
2236,112075,240,21,61,341,27,70
2237,898630,240,21,81,341,27,82
2238,767576,240,9,61,341,15,64
2239,112291,240,7,70,341,21,67
2240,374460,240,1,89,341,15,98
2241,112319,240,17,83,341,23,73
2242,243558,240,7,80,341,21,76
2243,767989,240,17,84,341,23,68
2244,505852,240,17,86,341,31,77
2245,243733,240,7,81,341,21,92
2246,768096,240,17,86,341,27,70
2247,899194,240,31,62,341,33,69
2248,112786,240,27,66,341,37,61
2249,637088,240,17,60,341,37,71
2250,506114,240,7,67,341,21,60
2251,768313,240,7,59,341,21,54
2252,375276,240,27,63,341,33,56
2253,244302,240,13,68,341,17,77
2254,768598,240,13,73,341,23,66
2255,637540,240,13,71,341,23,82
2256,375409,240,13,93,341,27,100
2257,244406,240,1,52,341,19,50
2258,768803,240,17,84,341,21,90
2259,637740,240,7,80,341,21,77
2260,375647,240,11,100,341,23,100
2261,375657,240,11,61,341,23,77
2262,506740,240,7,60,341,21,59
2263,244825,240,21,71,341,33,61
2264,375953,240,25,66,341,39,65
2265,900444,240,1,71,341,21,83
2266,769467,240,17,43,341,31,74
2267,769467,240,23,69,341,31,74
2268,638432,240,11,68,341,31,72
2269,376323,240,17,75,341,33,76
2270,114190,240,1,93,341,13,83
2271,114251,240,17,73,341,27,54
2272,245431,240,7,62,341,21,61
2273,376578,240,1,78,341,21,89
2274,900951,240,7,55,341,17,61
2275,770022,240,17,95,341,23,99
2276,770031,240,13,66,341,31,66
2277,376844,240,11,92,341,31,100
2278,377037,240,15,78,341,29,75
2279,639227,240,13,65,341,31,71
2280,246072,240,27,72,341,37,59
2281,508306,240,1,69,341,11,56
2282,115091,240,13,54,341,37,65
2283,115142,240,3,74,341,17,85
2284,901605,240,1,72,341,21,61
2285,770570,240,13,87,341,27,57
2286,770591,240,7,78,341,13,74
2287,377435,240,13,46,341,31,46
2288,377435,240,23,53,341,31,46
2289,639660,240,1,78,341,15,62
2290,639661,240,17,71,341,37,60
2291,115390,240,23,66,341,31,56
2292,377569,240,17,83,341,31,80
2293,901942,240,23,70,341,37,90
2294,246595,240,17,72,341,31,63
2295,508799,240,21,83,341,33,58
2296,770951,240,7,60,341,21,59
2297,246794,240,1,88,341,7,100
2298,115745,240,21,72,341,41,68
2299,246818,240,7,75,341,21,68
2300,115779,240,11,62,341,33,68
2301,115792,240,21,68,341,31,62
2302,771173,240,23,69,341,31,50
2303,640108,240,17,81,341,31,75
2304,115860,240,17,82,341,27,92
2305,640287,240,17,63,341,23,58
2306,378369,240,17,61,341,31,61
2307,771585,240,9,77,341,21,82
2308,509483,240,13,62,341,23,62
2309,640792,240,1,73,341,13,69
2310,771921,240,13,74,341,21,71
2311,509806,240,21,65,341,33,66
2312,116897,240,17,73,341,37,82
2313,772295,240,21,51,341,31,64
2314,379213,240,21,76,341,27,76
2315,117074,240,1,85,341,13,74
2316,641362,240,21,66,341,33,63
2317,510310,240,9,67,341,19,66
2318,641436,240,19,66,341,45,78
2319,248227,240,27,72,341,33,68
2320,772538,240,37,51,341,41,67
2321,903640,240,21,87,341,27,94
2322,248346,240,21,63,341,33,63
2323,772654,240,13,83,341,27,70
2324,641628,240,7,82,341,21,90
2325,248422,240,13,53,341,27,51
2326,772868,240,17,85,341,31,86
2327,248613,240,21,83,341,33,89
2328,641842,240,9,63,341,29,76
2329,773099,240,13,71,341,31,84
2330,117800,240,21,79,341,33,77
2331,117876,240,23,62,341,31,57
2332,511103,240,9,69,341,15,66
2333,773343,240,21,83,341,27,87
2334,380167,240,11,65,341,23,76
2335,773420,240,13,46,341,31,74
2336,773420,240,23,83,341,31,74
2337,380235,240,37,73,341,47,66
2338,118092,240,13,73,341,23,71
2339,773507,240,21,63,341,23,67
2340,249230,240,7,77,341,21,80
2341,642459,240,1,82,341,13,81
2342,118260,240,7,76,341,21,67
2343,642550,240,27,73,341,33,76
2344,118287,240,17,68,341,23,63
2345,249431,240,17,70,341,31,83
2346,904805,240,21,50,341,25,38
2347,904836,240,21,74,341,25,70
2348,380573,240,21,81,341,33,81
2349,380611,240,13,75,341,23,83
2350,249547,240,11,67,341,21,52
2351,511846,240,21,66,341,27,62
2352,642974,240,17,80,341,41,82
2353,774139,240,1,69,341,15,75
2354,249857,240,17,58,341,23,60
2355,905254,240,17,72,341,23,75
2356,774213,240,17,89,341,27,88
2357,905311,240,15,63,341,21,46
2358,905311,240,15,63,341,35,68
2359,512112,240,9,79,341,21,83
2360,381111,240,17,67,341,23,60
2361,381127,240,21,72,341,27,70
2362,512223,240,13,83,341,21,88
2363,250100,240,13,84,341,33,69
2364,643421,240,17,75,341,31,83
2365,381387,240,21,86,341,29,68
2366,381432,240,27,56,341,41,63
2367,119339,240,13,75,341,33,41
2368,119339,240,13,75,341,41,62
2369,774771,240,17,80,341,31,82
2370,774811,240,13,52,341,33,64
2371,119515,240,19,54,341,29,41
2372,905955,240,21,88,341,27,93
2373,512823,240,21,60,341,33,45
2374,512823,240,21,60,341,41,42
2375,775007,240,7,64,341,13,77
2376,119688,240,21,84,341,27,89
2377,644059,240,7,88,341,11,96
2378,644105,240,27,70,341,33,76
2379,382062,240,11,61,341,13,71
2380,775286,240,17,70,341,21,66
2381,120050,240,17,84,341,23,76
2382,775424,240,7,61,341,13,60
2383,906566,240,17,86,341,23,100
2384,120215,240,17,84,341,23,93
2385,906699,240,21,79,341,31,93
2386,644626,240,9,76,341,21,84
2387,120364,240,19,83,341,21,58
2388,120378,240,17,82,341,27,83
2389,775823,240,27,72,341,33,85
2390,251596,240,13,66,341,21,65
2391,382748,240,27,67,341,33,66
2392,513894,240,11,67,341,23,65
2393,776061,240,21,66,341,27,65
2394,645183,240,21,77,341,33,65
2395,251978,240,23,80,341,31,72
2396,120936,240,17,87,341,31,88
2397,776335,240,21,82,341,37,81
2398,514205,240,31,51,341,37,50
2399,776404,240,21,58,341,27,72
2400,121072,240,1,81,341,11,84
2401,776533,240,7,72,341,13,69
2402,121217,240,7,83,341,21,80
2403,252296,240,19,55,341,25,67
2404,252314,240,9,73,341,29,64
2405,383404,240,15,64,341,29,63
2406,645552,240,13,77,341,21,68
2407,645642,240,17,76,341,23,67
2408,121392,240,21,66,341,27,60
2409,383570,240,15,60,341,21,67
2410,383571,240,9,57,341,15,53
2411,645724,240,17,52,341,31,61
2412,645741,240,15,67,341,21,59
2413,776878,240,17,63,341,31,58
2414,383689,240,21,69,341,27,70
2415,383763,240,21,80,341,33,78
2416,121661,240,33,86,341,41,99
2417,908120,240,33,57,341,43,43
2418,908120,240,33,57,341,51,69
2419,908134,240,13,81,341,17,70
2420,908161,240,27,70,341,33,59
2421,777142,240,1,77,341,13,58
2422,646218,240,15,65,341,21,57
2423,646346,240,11,84,341,13,81
2424,908561,240,11,77,341,13,76
2425,646445,240,15,94,341,19,95
2426,384348,240,23,66,341,27,55
2427,908655,240,1,61,341,3,46
2428,908655,240,1,61,341,7,72
2429,384386,240,9,89,341,19,81
2430,646601,240,21,61,341,27,62
2431,384462,240,7,64,341,21,55
2432,122472,240,13,92,341,27,86
2433,646820,240,17,69,341,37,87
2434,909032,240,13,76,341,21,50
2435,646922,240,7,83,341,21,86
2436,122665,240,13,72,341,21,73
2437,384815,240,21,76,341,27,80
2438,778032,240,11,67,341,21,64
2439,778120,240,17,91,341,23,92
2440,515981,240,3,44,341,31,70
2441,515981,240,17,69,341,31,70
2442,516037,240,21,68,341,33,62
2443,909292,240,13,73,341,23,62
2444,385133,240,11,57,341,13,30
2445,385133,240,11,57,341,21,50
2446,778399,240,13,78,341,31,57
2447,516257,240,1,94,341,3,98
2448,516303,240,1,96,341,3,98
2449,123181,240,13,89,341,21,78
2450,123187,240,17,68,341,31,63
2451,909623,240,27,64,341,33,40
2452,909623,240,27,64,341,41,79
2453,778643,240,21,55,341,37,58
2454,385436,240,11,77,341,23,73
2455,647590,240,11,58,341,21,53
2456,516555,240,17,82,341,23,64
2457,909823,240,17,73,341,23,76
2458,778793,240,9,77,341,21,76
2459,778841,240,23,65,341,31,68
2460,909980,240,17,82,341,31,80
2461,910055,240,23,72,341,33,50
2462,385780,240,1,60,341,13,71
2463,254739,240,11,76,341,13,50
2464,516981,240,21,67,341,31,62
2465,910200,240,13,80,341,33,60
2466,779164,240,21,69,341,27,59
2467,517213,240,7,64,341,21,65
2468,255096,240,21,90,341,33,90
2469,779462,240,17,69,341,31,83
2470,517366,240,11,62,341,17,71
2471,386310,240,7,73,341,21,67
2472,648507,240,9,75,341,21,71
2473,386436,240,21,72,341,27,78
2474,386471,240,17,65,341,31,68
2475,124369,240,31,70,341,35,73
2476,648672,240,21,87,341,27,85
2477,779772,240,11,90,341,23,93
2478,910893,240,17,80,341,23,64
2479,255542,240,17,58,341,23,44
2480,255542,240,17,58,341,31,50
2481,124550,240,21,80,341,33,75
2482,255716,240,17,68,341,31,73
2483,386823,240,23,65,341,37,54
2484,911172,240,17,84,341,31,95
2485,255833,240,13,66,341,27,60
2486,911260,240,13,58,341,21,50
2487,518161,240,21,51,341,33,37
2488,518161,240,21,51,341,47,55
2489,124973,240,9,74,341,11,84
2490,518208,240,11,75,341,23,81
2491,256091,240,21,69,341,23,55
2492,387250,240,7,72,341,13,74
2493,649404,240,21,55,341,33,62
2494,387277,240,21,100,341,33,100
2495,649454,240,17,65,341,31,65
2496,125226,240,1,79,341,13,85
2497,780616,240,15,54,341,19,56
2498,125322,240,15,66,341,21,88
2499,911783,240,17,64,341,23,67
2500,911794,240,21,50,341,33,64
2501,518605,240,21,72,341,27,64
2502,911863,240,15,62,341,21,57
2503,387644,240,7,69,341,21,62
2504,256614,240,3,70,341,13,50
2505,387798,240,17,91,341,31,94
2506,781031,240,13,62,341,17,68
2507,781087,240,1,78,341,9,68
2508,387910,240,7,74,341,21,90
2509,387912,240,21,59,341,27,77
2510,125780,240,21,52,341,33,57
2511,519092,240,7,66,341,21,44
2512,519092,240,7,66,341,27,73
2513,912312,240,11,69,341,21,63
2514,781255,240,21,88,341,33,84
2515,256970,240,17,93,341,23,92
2516,650247,240,3,66,341,21,61
2517,912408,240,17,83,341,23,76
2518,781353,240,21,64,341,33,46
2519,781353,240,21,64,341,37,66
2520,650361,240,3,78,341,13,58
2521,650380,240,11,75,341,21,77
2522,126131,240,11,68,341,21,69
2523,126314,240,17,75,341,31,71
2524,781716,240,11,58,341,21,60
2525,519633,240,21,75,341,27,66
2526,388581,240,7,66,341,23,77
2527,257588,240,9,88,341,11,96
2528,126524,240,7,76,341,21,66
2529,388684,240,21,60,341,27,64
2530,126560,240,15,72,341,19,51
2531,781922,240,21,76,341,27,59
2532,257798,240,15,85,341,29,70
2533,257809,240,1,68,341,13,70
2534,126772,240,21,67,341,27,70
2535,520067,240,3,70,341,17,72
2536,651171,240,21,55,341,33,60
2537,389176,240,13,79,341,21,85
2538,258184,240,27,65,341,33,58
2539,258220,240,7,50,341,21,62
2540,520372,240,17,71,341,23,52
2541,651468,240,7,69,341,17,61
2542,782623,240,1,62,341,19,65
2543,127292,240,23,68,341,33,59
2544,127344,240,7,86,341,17,91
2545,651702,240,11,95,341,23,97
2546,914167,240,13,100,341,23,99
2547,127843,240,17,78,341,31,76
2548,783260,240,17,73,341,27,50
2549,652192,240,17,64,341,31,68
2550,390061,240,11,82,341,23,94
2551,259028,240,7,74,341,13,82
2552,127988,240,21,73,341,29,65
2553,390232,240,13,71,341,43,89
2554,652446,240,21,81,341,33,59
2555,390335,240,25,46,341,39,56
2556,390335,240,31,68,341,39,56
2557,521410,240,21,60,341,33,52
2558,783574,240,21,51,341,41,60
2559,783605,240,11,72,341,21,76
2560,783639,240,7,73,341,21,72
2561,914726,240,9,67,341,21,52
2562,521525,240,17,74,341,23,80
2563,128433,240,1,84,341,13,88
2564,783907,240,21,56,341,33,57
2565,259654,240,21,74,341,33,86
2566,915015,240,13,83,341,17,72
2567,652957,240,1,78,341,13,77
2568,390839,240,13,75,341,17,71
2569,521917,240,1,66,341,9,69
2570,784071,240,17,69,341,23,80
2571,390860,240,21,57,341,33,46
2572,390860,240,21,57,341,37,73
2573,915208,240,17,76,341,31,79
2574,653126,240,17,76,341,23,70
2575,915275,240,7,71,341,21,53
2576,653133,240,21,79,341,27,91
2577,391015,240,17,72,341,23,70
2578,522108,240,17,68,341,37,83
2579,915429,240,13,61,341,33,50
2580,915442,240,11,84,341,15,80
2581,653399,240,13,87,341,23,71
2582,784479,240,11,78,341,23,76
2583,915646,240,7,63,341,21,67
2584,915647,240,11,75,341,31,75
2585,260290,240,21,52,341,27,56
2586,260290,240,21,52,341,33,52
2587,784604,240,7,68,341,21,64
2588,391425,240,21,75,341,27,83
2589,784675,240,21,78,341,27,81
2590,785014,240,21,74,341,27,71
2591,523019,240,1,74,341,13,63
2592,391956,240,3,80,341,13,68
2593,391981,240,23,80,341,27,95
2594,785223,240,1,65,341,13,69
2595,916303,240,9,79,341,21,68
2596,260970,240,21,65,341,27,82
2597,261000,240,11,83,341,31,71
2598,785372,240,13,93,341,21,91
2599,654350,240,7,73,341,21,63
2600,916636,240,9,72,341,21,67
2601,523428,240,21,82,341,33,90
2602,654503,240,17,72,341,23,73
2603,130217,240,23,50,341,27,55
2604,785631,240,9,77,341,21,79
2605,654571,240,21,66,341,27,56
2606,130302,240,17,61,341,31,69
2607,785682,240,15,80,341,21,66
2608,523643,240,9,83,341,15,96
2609,785788,240,15,82,341,17,57
2610,523731,240,21,71,341,25,69
2611,261605,240,13,74,341,21,87
2612,917019,240,15,84,341,21,72
2613,654883,240,23,62,341,31,62
2614,261820,240,21,89,341,27,99
2615,392923,240,5,62,341,19,54
2616,130809,240,9,61,341,21,59
2617,130852,240,13,73,341,27,71
2618,917303,240,17,61,341,23,43
2619,917303,240,17,61,341,27,66
2620,393040,240,23,65,341,41,38
2621,393040,240,23,65,341,43,51
2622,393059,240,21,50,341,31,32
2623,917370,240,11,82,341,17,87
2624,393110,240,9,56,341,29,29
2625,393110,240,9,56,341,45,74
2626,131062,240,1,70,341,21,62
