,StudentID,CourseNumber_x,Term_x,Grade_x,CourseNumber_y,Term_y,Grade_y
0,131188,241,17,71,454,43,67
1,131252,241,13,85,454,31,69
2,524634,241,13,84,454,43,87
3,918214,241,11,67,454,31,77
4,262913,241,1,82,454,27,85
5,918323,241,1,71,454,29,70
6,787281,241,11,74,454,31,71
7,787296,241,3,84,454,23,38
8,918408,241,13,57,454,37,66
9,525401,241,1,67,454,29,88
10,656717,241,13,46,454,47,62
11,656717,241,21,70,454,47,62
12,394640,241,3,83,454,31,82
13,394865,241,23,68,454,47,59
14,263986,241,1,92,454,33,90
15,788547,241,11,56,454,37,79
16,526476,241,3,80,454,31,54
17,395676,241,9,44,454,29,65
18,395676,241,11,72,454,29,65
19,920196,241,13,64,454,33,74
20,133890,241,1,67,454,27,77
21,265106,241,1,90,454,33,95
22,265140,241,11,74,454,31,40
23,265140,241,11,74,454,35,59
24,396242,241,7,65,454,37,89
25,396481,241,11,76,454,37,91
26,658701,241,1,50,454,29,89
27,789824,241,11,55,454,39,82
28,265752,241,1,63,454,33,80
29,265956,241,7,81,454,33,63
30,134978,241,9,70,454,29,84
31,528297,241,13,75,454,41,80
32,266156,241,11,80,454,37,68
33,266249,241,11,69,454,37,81
34,266350,241,1,76,454,29,76
35,266465,241,13,67,454,47,58
36,790931,241,13,85,454,37,89
37,135654,241,1,62,454,27,82
38,266750,241,21,67,454,41,77
39,791160,241,1,86,454,29,80
40,266931,241,3,84,454,43,91
41,398060,241,13,78,454,41,75
42,398071,241,1,76,454,27,85
43,660594,241,11,55,454,37,66
44,922902,241,5,56,454,21,61
45,922902,241,7,78,454,21,61
46,398948,241,3,76,454,17,79
47,136858,241,11,99,454,31,94
48,792349,241,1,72,454,27,80
49,399262,241,3,66,454,33,77
50,661514,241,9,92,454,29,94
51,923674,241,5,81,454,17,85
52,399422,241,1,71,454,31,80
53,530559,241,11,70,454,25,84
54,530835,241,11,46,454,29,58
55,530835,241,15,73,454,29,58
56,924089,241,7,74,454,33,40
57,924089,241,7,74,454,47,65
58,530912,241,5,57,454,41,84
59,269007,241,17,67,454,37,79
60,924461,241,11,61,454,43,73
61,793475,241,1,64,454,33,60
62,793596,241,11,79,454,37,81
63,138275,241,13,53,454,41,92
64,138354,241,1,76,454,31,83
65,400629,241,21,59,454,31,79
66,531706,241,13,66,454,43,89
67,925225,241,13,62,454,37,72
68,532023,241,11,88,454,29,68
69,400974,241,1,85,454,33,75
70,794306,241,11,75,454,31,70
71,663311,241,11,68,454,43,68
72,794400,241,13,68,454,41,78
73,401438,241,1,80,454,29,88
74,401612,241,13,78,454,41,85
75,925909,241,7,89,454,21,65
76,270650,241,7,88,454,33,84
77,532935,241,11,56,454,27,65
78,795093,241,11,67,454,37,74
79,139739,241,11,72,454,31,79
80,795318,241,1,67,454,27,82
81,795564,241,1,66,454,41,77
82,533465,241,9,67,454,35,89
83,533628,241,11,70,454,37,74
84,795779,241,1,58,454,17,60
85,795984,241,1,77,454,27,68
86,140636,241,11,58,454,37,77
87,927348,241,11,85,454,33,75
88,140941,241,1,80,454,31,83
89,403160,241,11,71,454,41,50
90,272139,241,1,53,454,31,66
91,272299,241,15,71,454,29,64
92,403404,241,5,77,454,21,90
93,403411,241,13,74,454,41,80
94,927823,241,21,57,454,43,70
95,534620,241,17,76,454,41,77
96,403610,241,1,80,454,33,65
97,272814,241,11,80,454,43,86
98,928186,241,1,70,454,33,80
99,141833,241,1,87,454,27,87
100,404037,241,7,88,454,33,80
101,928493,241,7,77,454,41,76
102,797723,241,11,88,454,37,84
103,535593,241,1,73,454,27,72
104,535638,241,11,70,454,33,67
105,666747,241,1,75,454,33,71
106,666823,241,11,60,454,37,66
107,273977,241,7,86,454,41,90
108,142952,241,17,79,454,43,76
109,536307,241,3,85,454,31,65
110,143106,241,21,61,454,47,67
111,405442,241,17,73,454,37,90
112,929778,241,11,82,454,43,86
113,929911,241,13,70,454,43,87
114,798862,241,13,82,454,31,88
115,798966,241,11,70,454,31,71
116,144003,241,7,63,454,33,65
117,930463,241,3,84,454,13,67
118,799627,241,7,89,454,37,87
119,144275,241,7,71,454,33,63
120,799649,241,1,81,454,23,71
121,275464,241,11,61,454,41,58
122,406619,241,13,74,454,47,64
123,537736,241,1,63,454,33,69
124,800073,241,11,73,454,41,78
125,144975,241,11,72,454,37,82
126,538191,241,13,73,454,43,75
127,538243,241,13,85,454,31,67
128,145077,241,1,67,454,35,86
129,276171,241,3,87,454,31,58
130,538370,241,11,79,454,23,69
131,800560,241,9,50,454,25,56
132,669558,241,11,71,454,43,76
133,538625,241,7,85,454,17,70
134,669744,241,11,63,454,41,53
135,669968,241,11,60,454,43,78
136,277011,241,13,55,454,41,74
137,801399,241,1,66,454,35,83
138,801457,241,3,62,454,67,73
139,539567,241,21,70,454,43,78
140,670702,241,7,86,454,37,77
141,146581,241,1,89,454,33,91
142,933068,241,15,67,454,31,81
143,802148,241,11,56,454,43,77
144,671211,241,11,59,454,37,73
145,409288,241,1,53,454,23,86
146,802568,241,1,75,454,27,82
147,409608,241,11,70,454,33,61
148,540811,241,11,62,454,47,70
149,148002,241,13,63,454,43,76
150,279140,241,11,56,454,37,73
151,148179,241,11,78,454,33,68
152,541536,241,1,74,454,27,90
153,410494,241,7,70,454,33,63
154,148488,241,13,50,454,43,77
155,541730,241,13,77,454,41,64
156,672977,241,3,51,454,37,77
157,673036,241,11,91,454,37,89
158,542140,241,19,46,454,35,63
159,542140,241,21,65,454,35,63
160,148951,241,1,78,454,11,83
161,542509,241,1,46,454,33,62
162,542509,241,3,69,454,33,62
163,411554,241,11,62,454,37,86
164,935908,241,9,42,454,29,67
165,935908,241,19,65,454,29,67
166,149559,241,1,75,454,27,92
167,149604,241,13,74,454,47,69
168,542919,241,11,84,454,31,63
169,542953,241,13,61,454,41,70
170,280876,241,3,90,454,23,74
171,805252,241,13,73,454,41,73
172,674212,241,11,74,454,27,75
173,936396,241,11,68,454,37,79
174,674288,241,13,58,454,37,77
175,674299,241,3,76,454,37,74
176,543267,241,11,72,454,37,87
177,674495,241,21,61,454,35,66
178,936796,241,1,70,454,21,72
179,675007,241,11,70,454,37,83
180,675020,241,13,45,454,43,88
181,675020,241,21,79,454,43,88
182,544112,241,11,68,454,37,80
183,544250,241,11,51,454,31,65
184,675371,241,11,50,454,31,62
185,675865,241,11,72,454,33,61
186,544834,241,15,77,454,31,75
187,151689,241,13,74,454,41,75
188,938326,241,13,79,454,43,88
189,283011,241,1,74,454,21,86
190,545362,241,9,86,454,35,80
191,807636,241,7,68,454,43,70
192,283452,241,3,81,454,31,69
193,414539,241,9,94,454,31,91
194,283569,241,11,67,454,27,58
195,283750,241,1,64,454,29,77
196,677095,241,5,69,454,31,51
197,939316,241,7,72,454,43,61
198,939437,241,13,83,454,41,72
199,677437,241,11,71,454,27,66
200,284222,241,1,68,454,27,87
201,677584,241,1,82,454,11,65
202,677618,241,11,78,454,43,74
203,415529,241,11,64,454,37,75
204,939882,241,11,76,454,43,86
205,808900,241,7,88,454,43,81
206,284731,241,1,78,454,31,52
207,415986,241,11,71,454,45,57
208,809226,241,7,62,454,43,66
209,285019,241,1,73,454,33,85
210,154029,241,11,70,454,37,86
211,809553,241,11,64,454,43,78
212,285269,241,21,66,454,47,72
213,940774,241,1,59,454,27,71
214,416608,241,17,87,454,41,86
215,154672,241,13,86,454,41,64
216,154962,241,1,57,454,29,75
217,286285,241,13,52,454,41,59
218,417524,241,13,76,454,41,78
219,679954,241,11,74,454,31,46
220,417896,241,13,89,454,41,84
221,287048,241,11,86,454,37,75
222,549481,241,13,71,454,41,77
223,942758,241,1,70,454,17,31
224,942758,241,1,70,454,21,78
225,811750,241,1,68,454,13,65
226,811800,241,1,74,454,29,81
227,418643,241,11,73,454,37,87
228,943075,241,11,92,454,37,87
229,549899,241,1,89,454,31,92
230,549939,241,11,83,454,47,63
231,287964,241,11,61,454,33,69
232,550182,241,27,78,454,41,39
233,550330,241,11,71,454,37,74
234,419303,241,11,66,454,37,68
235,681537,241,1,67,454,29,83
236,157271,241,3,82,454,21,75
237,288426,241,13,56,454,23,62
238,157391,241,3,56,454,33,65
239,943989,241,13,82,454,41,83
240,550899,241,1,64,454,31,75
241,288910,241,11,73,454,35,80
242,813779,241,11,78,454,37,84
243,420631,241,11,87,454,37,89
244,551747,241,1,67,454,33,67
245,289655,241,11,69,454,31,87
246,158683,241,7,72,454,33,64
247,158753,241,11,76,454,41,67
248,289966,241,1,66,454,25,79
249,159051,241,1,85,454,29,81
250,421562,241,11,78,454,37,72
251,290499,241,11,66,454,47,85
252,945996,241,21,61,454,47,85
253,683941,241,11,68,454,43,65
254,946160,241,11,43,454,37,70
255,946160,241,13,60,454,37,70
256,684112,241,7,65,454,41,77
257,159949,241,13,77,454,43,72
258,160205,241,11,61,454,37,60
259,160211,241,1,65,454,27,82
260,815657,241,9,89,454,21,84
261,684587,241,1,78,454,27,82
262,553777,241,11,76,454,33,87
263,947036,241,1,60,454,25,78
264,291758,241,13,63,454,41,54
265,816273,241,11,62,454,31,64
266,160927,241,3,72,454,31,68
267,947403,241,3,46,454,33,82
268,947403,241,11,73,454,33,82
269,685338,241,3,85,454,37,88
270,947543,241,7,96,454,41,77
271,947724,241,13,81,454,43,78
272,292516,241,3,45,454,47,68
273,292516,241,11,52,454,47,68
274,423961,241,9,65,454,29,67
275,292930,241,21,79,454,41,75
276,161887,241,11,95,454,43,75
277,555508,241,7,86,454,21,90
278,948783,241,3,81,454,33,52
279,424529,241,1,62,454,29,75
280,817796,241,7,73,454,33,74
281,949298,241,7,73,454,37,50
282,556331,241,1,88,454,29,75
283,294200,241,13,71,454,43,72
284,818549,241,13,53,454,41,65
285,818566,241,11,84,454,31,83
286,425378,241,3,59,454,31,85
287,163687,241,11,75,454,37,85
288,425924,241,1,71,454,23,88
289,163852,241,15,89,454,35,82
290,295038,241,11,58,454,33,55
291,950563,241,13,74,454,41,63
292,819549,241,11,84,454,43,87
293,295424,241,11,82,454,37,87
294,688654,241,3,57,454,27,67
295,164440,241,11,71,454,37,68
296,819879,241,1,74,454,29,84
297,950975,241,11,80,454,33,86
298,820009,241,1,79,454,27,64
299,689026,241,7,77,454,31,91
300,689050,241,11,91,454,37,87
301,427170,241,7,97,454,37,88
302,689339,241,1,70,454,29,74
303,427251,241,7,77,454,41,83
304,296334,241,11,58,454,51,70
305,165391,241,11,69,454,37,84
306,558618,241,13,92,454,41,57
307,820800,241,1,61,454,29,68
308,820912,241,1,77,454,31,65
309,165577,241,21,66,454,47,84
310,689890,241,11,77,454,31,82
311,296695,241,11,77,454,43,80
312,821068,241,1,59,454,23,84
313,428007,241,11,78,454,47,89
314,690183,241,11,71,454,25,71
315,952494,241,1,65,454,27,80
316,952639,241,1,78,454,23,76
317,822137,241,11,72,454,37,43
318,429001,241,1,68,454,21,77
319,822260,241,11,68,454,43,74
320,167249,241,3,94,454,43,78
321,691539,241,15,54,454,35,57
322,822670,241,1,78,454,29,85
323,691665,241,11,68,454,37,81
324,429612,241,11,30,454,37,57
325,429612,241,17,67,454,37,57
326,429633,241,9,94,454,35,87
327,298607,241,1,61,454,31,88
328,823053,241,21,68,454,43,64
329,561100,241,19,40,454,41,50
330,561100,241,21,62,454,41,50
331,430084,241,13,78,454,33,78
332,692363,241,13,84,454,47,72
333,954629,241,13,79,454,31,81
334,299531,241,13,92,454,41,89
335,430643,241,7,89,454,27,81
336,693007,241,11,73,454,31,71
337,300174,241,1,94,454,13,74
338,169136,241,5,57,454,21,58
339,693452,241,13,74,454,33,75
340,824529,241,9,74,454,35,89
341,300369,241,7,66,454,47,63
342,562572,241,3,81,454,37,60
343,955808,241,7,61,454,27,80
344,169401,241,11,73,454,37,83
345,693742,241,1,74,454,23,81
346,693823,241,11,92,454,31,85
347,169987,241,13,69,454,43,73
348,563222,241,17,70,454,47,88
349,432215,241,13,70,454,41,63
350,563305,241,11,50,454,47,86
351,694446,241,13,74,454,41,74
352,170256,241,5,76,454,27,79
353,563507,241,11,80,454,37,92
354,694658,241,11,68,454,41,66
355,432556,241,1,67,454,27,87
356,170677,241,13,58,454,41,59
357,432822,241,3,74,454,37,85
358,563916,241,7,89,454,31,71
359,433493,241,11,76,454,41,87
360,564635,241,11,80,454,27,81
361,696053,241,1,78,454,17,79
362,958197,241,11,66,454,37,73
363,434052,241,11,64,454,37,61
364,172214,241,7,72,454,43,75
365,827715,241,13,71,454,41,81
366,959110,241,11,83,454,37,94
367,959339,241,11,43,454,31,76
368,959339,241,17,85,454,31,76
369,173087,241,17,46,454,31,60
370,173087,241,21,76,454,31,60
371,304558,241,13,66,454,43,72
372,566705,241,13,43,454,43,64
373,566705,241,21,75,454,43,64
374,959934,241,13,72,454,43,85
375,304578,241,1,64,454,33,80
376,435703,241,11,80,454,37,86
377,697896,241,11,91,454,37,86
378,828971,241,13,73,454,41,71
379,173740,241,19,46,454,69,50
380,173740,241,21,59,454,69,50
381,829762,241,1,75,454,31,55
382,830000,241,1,76,454,33,74
383,436839,241,11,52,454,37,82
384,961292,241,21,69,454,37,78
385,961343,241,1,75,454,29,82
386,306113,241,13,90,454,41,80
387,175111,241,15,59,454,27,65
388,568353,241,13,40,454,43,50
389,568353,241,21,58,454,43,50
390,961568,241,11,53,454,43,70
391,568477,241,13,78,454,43,84
392,568680,241,27,50,454,57,66
393,961965,241,11,67,454,37,66
394,437785,241,13,95,454,33,85
395,175724,241,3,62,454,21,62
396,962421,241,1,73,454,29,70
397,831534,241,13,96,454,43,96
398,569396,241,17,62,454,31,81
399,700539,241,1,63,454,15,75
400,438427,241,13,59,454,43,69
401,700582,241,3,72,454,31,81
402,831705,241,7,75,454,41,50
403,831735,241,1,71,454,29,78
404,569621,241,13,83,454,41,73
405,831941,241,7,100,454,27,72
406,176665,241,11,78,454,37,67
407,569944,241,11,70,454,49,67
408,832180,241,11,70,454,33,74
409,307903,241,13,59,454,43,76
410,832304,241,13,85,454,43,72
411,832340,241,17,67,454,31,85
412,177270,241,11,72,454,43,91
413,177303,241,1,76,454,33,78
414,177333,241,5,42,454,39,77
415,177333,241,11,68,454,39,77
416,439930,241,3,65,454,21,85
417,833210,241,1,73,454,27,77
418,702201,241,1,70,454,33,72
419,309029,241,11,84,454,41,85
420,833590,241,23,79,454,47,52
421,702533,241,11,54,454,37,69
422,440941,241,1,79,454,21,79
423,309903,241,13,69,454,41,63
424,309996,241,1,56,454,29,87
425,572145,241,13,74,454,41,77
426,572231,241,1,92,454,29,86
427,703675,241,11,81,454,27,74
428,703751,241,13,77,454,41,71
429,310609,241,1,75,454,51,68
430,179629,241,11,76,454,37,88
431,966157,241,15,58,454,35,78
432,180024,241,13,72,454,47,73
433,835449,241,17,82,454,37,74
434,311218,241,17,60,454,53,70
435,442320,241,19,68,454,39,58
436,573779,241,11,66,454,45,59
437,836084,241,1,87,454,13,83
438,311842,241,1,87,454,33,68
439,312164,241,3,79,454,37,65
440,181332,241,13,73,454,43,71
441,574548,241,9,75,454,25,76
442,705758,241,7,86,454,41,75
443,443657,241,11,67,454,31,66
444,968187,241,13,71,454,41,72
445,837135,241,13,73,454,43,89
446,313006,241,7,63,454,41,94
447,837314,241,11,57,454,41,59
448,837331,241,7,65,454,41,80
449,313105,241,11,71,454,41,75
450,575695,241,11,71,454,37,88
451,313567,241,1,66,454,37,78
452,706794,241,7,65,454,33,65
453,313726,241,1,76,454,33,75
454,313781,241,11,86,454,37,86
455,838142,241,11,93,454,37,83
456,576188,241,3,80,454,33,70
457,969552,241,11,71,454,31,80
458,707629,241,13,76,454,53,61
459,576712,241,13,68,454,41,86
460,445831,241,1,62,454,33,37
461,970283,241,11,55,454,37,65
462,315048,241,11,63,454,31,81
463,577330,241,11,70,454,37,66
464,970589,241,1,77,454,27,77
465,446440,241,11,78,454,43,84
466,577553,241,3,91,454,43,75
467,577594,241,13,83,454,43,50
468,577618,241,9,51,454,35,78
469,315523,241,13,63,454,37,59
470,184522,241,11,84,454,37,81
471,315884,241,3,58,454,37,51
472,971247,241,13,87,454,43,90
473,184825,241,11,75,454,37,85
474,709140,241,13,65,454,41,73
475,316009,241,3,57,454,27,84
476,447091,241,9,79,454,35,81
477,578277,241,13,85,454,41,73
478,971616,241,1,61,454,37,58
479,317057,241,11,60,454,41,80
480,841605,241,21,59,454,43,80
481,186289,241,7,75,454,33,85
482,317376,241,3,73,454,17,73
483,448504,241,5,60,454,19,73
484,579612,241,3,70,454,17,66
485,448596,241,1,85,454,27,80
486,317560,241,13,86,454,41,72
487,973262,241,1,79,454,25,78
488,711314,241,11,89,454,43,97
489,449201,241,7,81,454,31,73
490,973582,241,11,52,454,41,74
491,842542,241,15,58,454,41,60
492,318260,241,7,71,454,27,68
493,580539,241,11,88,454,37,90
494,973827,241,13,75,454,41,82
495,842889,241,11,60,454,43,60
496,318668,241,11,35,454,37,81
497,318668,241,13,67,454,37,81
498,449767,241,11,60,454,37,36
499,187751,241,3,83,454,31,59
500,187777,241,1,86,454,27,88
501,580993,241,11,61,454,37,74
502,712086,241,1,77,454,23,87
503,581104,241,11,55,454,63,83
504,712223,241,9,68,454,29,80
505,319082,241,3,46,454,31,62
506,319082,241,11,64,454,31,62
507,712389,241,1,78,454,33,77
508,450477,241,11,69,454,47,66
509,843737,241,19,59,454,49,64
510,712795,241,13,74,454,47,67
511,974948,241,1,56,454,27,81
512,712859,241,1,63,454,29,84
513,975011,241,11,81,454,31,81
514,843983,241,3,77,454,23,71
515,975230,241,13,88,454,43,80
516,975355,241,3,44,454,51,73
517,975355,241,11,74,454,51,73
518,189009,241,7,81,454,43,80
519,189073,241,11,75,454,37,77
520,451429,241,11,67,454,31,62
521,844796,241,13,81,454,37,66
522,975901,241,9,77,454,35,82
523,713858,241,11,65,454,37,58
524,320713,241,1,95,454,27,88
525,189719,241,11,72,454,37,58
526,714011,241,7,86,454,37,84
527,845250,241,11,82,454,43,71
528,714194,241,13,38,454,43,78
529,714194,241,21,71,454,43,78
530,583552,241,11,74,454,37,85
531,976874,241,1,69,454,31,81
532,976944,241,3,56,454,31,66
533,190969,241,11,64,454,31,75
534,322092,241,7,63,454,41,80
535,584309,241,3,66,454,37,82
536,584313,241,7,74,454,41,74
537,191192,241,1,71,454,33,82
538,846692,241,3,66,454,37,80
539,584571,241,7,75,454,41,73
540,191544,241,13,73,454,41,62
541,453710,241,13,83,454,41,88
542,847173,241,11,75,454,37,76
543,978306,241,1,70,454,33,70
544,847409,241,13,66,454,43,80
545,323152,241,1,94,454,27,96
546,192215,241,11,72,454,37,76
547,192279,241,1,62,454,35,74
548,323398,241,1,69,454,39,64
549,323602,241,7,75,454,31,69
550,192645,241,1,79,454,25,85
551,192756,241,11,69,454,31,75
552,717056,241,1,90,454,21,84
553,455006,241,13,54,454,31,42
554,455006,241,13,54,454,33,88
555,586296,241,7,54,454,33,53
556,848494,241,1,73,454,31,71
557,979691,241,3,65,454,21,85
558,848930,241,21,65,454,43,85
559,980169,241,1,68,454,27,81
560,586994,241,3,78,454,21,75
561,324856,241,11,70,454,47,74
562,194153,241,13,90,454,33,66
563,718511,241,1,68,454,27,91
564,587720,241,13,50,454,41,80
565,587764,241,11,43,454,43,66
566,587764,241,17,66,454,43,66
567,587957,241,11,46,454,47,69
568,587957,241,17,65,454,47,69
569,194747,241,11,79,454,27,77
570,325900,241,1,58,454,27,69
571,456977,241,7,78,454,33,53
572,456981,241,11,87,454,43,81
573,719326,241,3,66,454,43,60
574,850492,241,1,67,454,29,87
575,981625,241,11,82,454,31,87
576,588881,241,1,77,454,31,95
577,719980,241,11,86,454,41,83
578,982173,241,1,74,454,29,94
579,851119,241,1,70,454,29,87
580,851141,241,13,68,454,41,53
581,589263,241,13,69,454,43,78
582,851409,241,1,82,454,15,70
583,327443,241,11,92,454,31,77
584,983146,241,13,78,454,47,86
585,589943,241,13,76,454,41,76
586,589976,241,11,85,454,37,88
587,327843,241,1,57,454,27,74
588,721302,241,3,72,454,43,75
589,328123,241,11,83,454,37,86
590,590285,241,13,73,454,41,92
591,459420,241,1,79,454,27,76
592,721569,241,11,79,454,37,81
593,852690,241,13,50,454,43,80
594,459539,241,7,66,454,33,68
595,328498,241,19,50,454,39,58
596,459945,241,9,55,454,41,64
597,591043,241,7,66,454,21,77
598,197881,241,11,60,454,43,79
599,984389,241,7,80,454,47,68
600,460134,241,1,63,454,27,73
601,329175,241,21,59,454,47,69
602,460307,241,13,77,454,31,68
603,854157,241,1,83,454,31,81
604,460960,241,13,62,454,41,78
605,330040,241,11,74,454,37,76
606,723294,241,1,84,454,33,66
607,199112,241,13,79,454,33,92
608,854705,241,11,78,454,37,71
609,330648,241,1,78,454,33,89
610,592822,241,1,68,454,27,79
611,854990,241,1,69,454,39,62
612,986434,241,1,82,454,27,77
613,855390,241,1,86,454,27,80
614,200101,241,11,70,454,41,85
615,200246,241,9,55,454,35,85
616,200326,241,11,75,454,37,93
617,986829,241,11,73,454,35,68
618,200422,241,11,84,454,41,64
619,331557,241,11,69,454,31,78
620,986951,241,11,61,454,27,69
621,331770,241,13,81,454,43,75
622,594032,241,17,67,454,43,78
623,332142,241,13,79,454,41,76
624,463242,241,13,91,454,41,85
625,725474,241,7,88,454,51,70
626,463388,241,13,75,454,37,79
627,987777,241,11,70,454,33,64
628,463624,241,13,75,454,41,86
629,988309,241,1,84,454,27,96
630,595112,241,1,73,454,27,89
631,726322,241,1,76,454,33,73
632,595358,241,3,72,454,31,78
633,464421,241,3,96,454,31,85
634,595834,241,11,82,454,43,80
635,858006,241,13,74,454,37,84
636,595921,241,7,58,454,21,55
637,333837,241,11,59,454,43,71
638,333878,241,11,76,454,41,83
639,727097,241,3,80,454,37,94
640,464961,241,11,59,454,37,73
641,464999,241,1,67,454,31,82
642,465152,241,1,64,454,27,77
643,858555,241,11,86,454,37,88
644,858664,241,7,35,454,43,37
645,858664,241,13,71,454,43,37
646,465896,241,3,57,454,27,66
647,859304,241,11,79,454,43,82
648,335262,241,3,42,454,41,89
649,335262,241,11,62,454,41,89
650,859678,241,11,77,454,37,90
651,204476,241,11,76,454,37,78
652,859930,241,1,77,454,33,72
653,204747,241,7,82,454,41,74
654,991243,241,11,78,454,31,63
655,336023,241,1,73,454,41,66
656,860920,241,11,36,454,41,87
657,860920,241,13,45,454,41,87
658,860920,241,21,68,454,41,87
659,205764,241,13,55,454,47,68
660,730056,241,11,86,454,41,79
661,861177,241,1,76,454,41,82
662,861190,241,1,62,454,27,81
663,336963,241,1,64,454,31,79
664,337130,241,11,85,454,31,85
665,992766,241,7,69,454,41,74
666,468600,241,5,81,454,25,59
667,468781,241,13,89,454,41,78
668,862353,241,3,80,454,31,68
669,206996,241,1,38,454,29,78
670,206996,241,9,68,454,29,78
671,338114,241,17,76,454,43,70
672,469242,241,11,68,454,37,76
673,862804,241,17,83,454,43,76
674,600744,241,3,71,454,37,67
675,731918,241,11,71,454,31,86
676,207735,241,7,93,454,43,85
677,207804,241,11,73,454,37,85
678,732162,241,1,85,454,41,77
679,994504,241,11,95,454,37,100
680,470315,241,21,46,454,41,56
681,470315,241,23,63,454,41,56
682,994897,241,13,88,454,43,76
683,470742,241,7,69,454,33,61
684,470978,241,1,70,454,21,77
685,471025,241,11,61,454,39,66
686,995406,241,11,72,454,37,91
687,602193,241,7,65,454,43,64
688,471336,241,21,60,454,47,62
689,864692,241,1,70,454,27,79
690,995797,241,3,71,454,43,65
691,209462,241,11,93,454,37,94
692,602838,241,1,71,454,27,74
693,472265,241,11,82,454,37,70
694,603374,241,11,60,454,47,79
695,341241,241,11,63,454,33,56
696,734472,241,13,46,454,41,70
697,734472,241,21,82,454,41,70
698,603463,241,13,68,454,63,54
699,341410,241,11,84,454,33,85
700,603559,241,9,72,454,31,84
701,603786,241,11,54,454,33,59
702,603786,241,17,76,454,33,59
703,472869,241,1,90,454,21,86
704,866120,241,1,61,454,27,76
705,997298,241,11,96,454,31,86
706,342216,241,1,73,454,31,78
707,604412,241,13,52,454,27,78
708,735525,241,13,70,454,43,52
709,473457,241,11,50,454,37,76
710,604538,241,13,58,454,57,80
711,604831,241,1,58,454,37,80
712,342706,241,21,79,454,43,87
713,605062,241,1,72,454,23,80
714,998433,241,7,72,454,25,57
715,343076,241,13,64,454,43,66
716,212027,241,7,70,454,41,68
717,343120,241,1,62,454,33,50
718,343377,241,7,65,454,27,59
719,998861,241,5,58,454,35,60
720,998904,241,1,70,454,33,66
721,999029,241,11,85,454,33,86
722,474754,241,13,84,454,43,82
723,605864,241,11,68,454,31,62
724,343799,241,21,66,454,43,82
725,212921,241,1,70,454,31,77
726,213015,241,1,74,454,21,62
727,475199,241,15,68,454,25,79
728,475271,241,3,93,454,31,84
729,475295,241,11,76,454,33,61
730,213192,241,11,82,454,37,73
731,868666,241,23,66,454,41,60
732,868699,241,11,63,454,25,74
733,475829,241,11,75,454,43,74
734,738198,241,13,79,454,43,67
735,869491,241,1,68,454,21,80
736,214155,241,13,78,454,41,79
737,476353,241,13,75,454,43,81
738,214339,241,1,75,454,29,74
739,607575,241,7,64,454,21,75
740,476535,241,7,58,454,33,65
741,476637,241,13,62,454,43,63
742,345603,241,17,60,454,47,70
743,607778,241,1,87,454,23,84
744,870223,241,13,82,454,41,91
745,870311,241,1,76,454,25,66
746,739278,241,1,88,454,21,84
747,215026,241,11,58,454,37,74
748,215168,241,7,83,454,41,88
749,739497,241,3,42,454,37,63
750,739497,241,11,70,454,37,63
751,477636,241,11,50,454,41,57
752,609737,241,3,80,454,47,79
753,347787,241,19,63,454,49,53
754,741084,241,11,50,454,47,67
755,741313,241,1,71,454,29,75
756,741351,241,11,74,454,43,81
757,217088,241,21,60,454,41,73
758,348184,241,17,82,454,37,83
759,479549,241,11,64,454,29,84
760,479916,241,7,79,454,43,80
761,348993,241,11,85,454,37,77
762,611330,241,11,81,454,43,70
763,218335,241,1,76,454,33,73
764,349591,241,1,84,454,27,77
765,873948,241,1,57,454,31,75
766,349725,241,5,56,454,25,57
767,742951,241,15,52,454,31,55
768,481224,241,1,75,454,27,71
769,350456,241,9,71,454,35,83
770,219457,241,11,55,454,37,80
771,743900,241,13,74,454,43,75
772,744019,241,7,83,454,43,81
773,481876,241,13,76,454,43,90
774,219758,241,7,61,454,23,74
775,219884,241,7,96,454,27,78
776,613199,241,11,73,454,41,82
777,744326,241,17,68,454,53,50
778,613418,241,11,66,454,37,67
779,351450,241,13,66,454,47,76
780,613828,241,11,60,454,37,74
781,351725,241,17,90,454,37,83
782,220703,241,1,69,454,21,79
783,220720,241,7,91,454,47,93
784,613961,241,1,81,454,27,86
785,482890,241,3,73,454,23,50
786,352096,241,1,75,454,33,86
787,483216,241,11,43,454,37,93
788,483216,241,13,80,454,37,93
789,352470,241,1,81,454,33,74
790,877331,241,1,72,454,41,79
791,615617,241,11,75,454,37,70
792,484692,241,1,88,454,31,77
793,222612,241,3,51,454,33,50
794,353699,241,11,82,454,37,87
795,878423,241,7,77,454,37,90
796,878579,241,13,61,454,41,60
797,354374,241,13,50,454,47,68
798,747686,241,11,50,454,41,74
799,485739,241,11,75,454,43,87
800,616845,241,11,84,454,37,75
801,616953,241,13,79,454,41,79
802,748196,241,3,63,454,33,63
803,879361,241,7,73,454,21,71
804,224284,241,13,81,454,41,74
805,224408,241,13,91,454,41,72
806,355480,241,13,93,454,41,75
807,879791,241,1,75,454,33,68
808,355687,241,13,63,454,47,70
809,486792,241,11,78,454,37,85
810,224802,241,7,64,454,31,69
811,618429,241,11,65,454,47,70
812,225543,241,11,35,454,39,52
813,225543,241,21,51,454,39,52
814,880921,241,1,69,454,33,72
815,618936,241,7,81,454,23,72
816,488245,241,7,74,454,27,50
817,488286,241,11,70,454,37,86
818,881730,241,3,89,454,37,84
819,881818,241,21,67,454,43,71
820,488646,241,1,62,454,29,78
821,619897,241,13,46,454,51,69
822,619897,241,21,67,454,51,69
823,882074,241,21,88,454,31,62
824,751003,241,17,82,454,41,69
825,489068,241,13,89,454,43,76
826,620429,241,1,98,454,29,89
827,751616,241,3,76,454,31,68
828,358439,241,13,88,454,41,84
829,227710,241,1,88,454,33,43
830,227964,241,11,60,454,31,54
831,228065,241,11,75,454,43,74
832,359156,241,3,82,454,31,86
833,883450,241,15,39,454,35,58
834,883450,241,17,62,454,35,58
835,359163,241,13,63,454,41,61
836,359475,241,11,56,454,47,66
837,621636,241,11,90,454,33,64
838,884237,241,1,71,454,21,94
839,229007,241,11,65,454,37,75
840,360153,241,11,76,454,37,85
841,229325,241,13,74,454,43,75
842,360509,241,7,71,454,33,58
843,491648,241,7,78,454,41,70
844,885022,241,11,62,454,43,77
845,491868,241,13,82,454,41,75
846,361253,241,3,74,454,31,76
847,885592,241,11,51,454,43,75
848,230295,241,11,69,454,35,86
849,885705,241,7,58,454,21,75
850,361513,241,7,92,454,17,83
851,624168,241,1,75,454,23,80
852,493125,241,3,66,454,43,77
853,231018,241,15,65,454,29,56
854,231057,241,9,77,454,41,56
855,362142,241,11,41,454,37,54
856,362142,241,17,74,454,37,54
857,100134,241,13,77,454,41,85
858,362545,241,9,83,454,41,62
859,886834,241,11,66,454,43,67
860,362557,241,13,63,454,33,60
861,755798,241,1,79,454,27,90
862,231534,241,13,80,454,43,85
863,886957,241,11,52,454,37,65
864,362726,241,1,76,454,27,62
865,100728,241,11,71,454,31,90
866,494021,241,13,75,454,41,97
867,100816,241,3,46,454,21,63
868,100816,241,7,66,454,21,63
869,232022,241,13,85,454,33,61
870,494474,241,1,61,454,39,62
871,101324,241,11,66,454,41,71
872,363490,241,1,83,454,27,84
873,887798,241,11,70,454,43,83
874,887826,241,21,74,454,41,70
875,364132,241,13,58,454,43,74
876,757369,241,11,75,454,37,85
877,102763,241,17,62,454,47,71
878,627073,241,11,72,454,43,80
879,496069,241,11,62,454,37,66
880,627180,241,15,69,454,41,83
881,365043,241,1,80,454,29,89
882,103216,241,11,79,454,43,81
883,628260,241,11,80,454,33,60
884,890406,241,11,81,454,37,72
885,890499,241,7,85,454,31,52
886,890548,241,13,69,454,43,74
887,366278,241,7,92,454,21,80
888,628449,241,1,76,454,23,89
889,628510,241,13,63,454,41,66
890,104345,241,11,91,454,41,76
891,366501,241,1,84,454,29,77
892,235559,241,1,78,454,31,65
893,628781,241,11,73,454,43,82
894,628806,241,13,85,454,43,93
895,366669,241,1,71,454,25,51
896,628979,241,11,71,454,31,71
897,104696,241,1,70,454,33,76
898,366964,241,1,60,454,31,75
899,498116,241,7,67,454,23,76
900,629282,241,11,78,454,33,71
901,105233,241,13,66,454,47,71
902,498686,241,17,41,454,47,83
903,498686,241,23,79,454,47,83
904,367687,241,3,59,454,37,83
905,498827,241,11,64,454,37,78
906,892060,241,13,78,454,41,75
907,367784,241,13,66,454,43,50
908,498863,241,11,82,454,37,71
909,630010,241,7,62,454,23,76
910,236858,241,11,93,454,31,89
911,236947,241,3,68,454,37,77
912,237098,241,1,85,454,21,77
913,499277,241,11,74,454,37,65
914,761574,241,3,67,454,41,78
915,630751,241,11,65,454,37,89
916,237627,241,17,75,454,41,78
917,762273,241,13,59,454,31,50
918,106994,241,13,61,454,41,64
919,631333,241,13,50,454,27,50
920,893883,241,3,55,454,43,64
921,893883,241,11,66,454,43,64
922,107606,241,13,72,454,43,67
923,500918,241,7,72,454,41,86
924,239055,241,13,71,454,41,54
925,894432,241,9,75,454,25,79
926,632304,241,7,70,454,33,66
927,108104,241,11,86,454,37,100
928,370369,241,3,88,454,21,85
929,894931,241,11,94,454,27,79
930,894965,241,3,74,454,31,70
931,239685,241,11,67,454,31,82
932,632923,241,11,69,454,33,65
933,501869,241,11,74,454,39,55
934,239764,241,13,85,454,43,86
935,501979,241,1,73,454,31,90
936,764296,241,11,90,454,37,90
937,240013,241,13,46,454,37,73
938,240013,241,17,84,454,37,73
939,371297,241,13,66,454,33,15
940,502458,241,13,83,454,37,90
941,633702,241,1,75,454,27,78
942,371597,241,11,61,454,37,73
943,896353,241,1,75,454,29,86
944,896507,241,1,71,454,33,75
945,634570,241,11,54,454,43,70
946,765681,241,1,71,454,27,91
947,765735,241,3,62,454,53,78
948,503789,241,1,80,454,27,86
949,110586,241,1,74,454,27,82
950,110614,241,1,69,454,27,91
951,110707,241,1,53,454,21,73
952,503951,241,1,63,454,27,69
953,373117,241,7,60,454,43,85
954,242213,241,7,83,454,41,83
955,504622,241,13,86,454,41,79
956,504735,241,11,75,454,37,63
957,766899,241,3,45,454,21,54
958,766899,241,11,75,454,21,54
959,242667,241,1,80,454,31,66
960,898306,241,1,68,454,37,78
961,898333,241,7,66,454,27,80
962,505132,241,13,78,454,33,60
963,243016,241,13,69,454,41,62
964,112016,241,1,55,454,29,72
965,112291,241,1,85,454,33,70
966,243558,241,1,74,454,27,87
967,243733,241,1,81,454,27,78
968,112786,241,13,67,454,47,90
969,637088,241,11,62,454,43,68
970,506114,241,1,37,454,27,86
971,506114,241,7,62,454,27,86
972,375276,241,13,32,454,51,70
973,375276,241,21,62,454,51,70
974,637540,241,11,74,454,31,87
975,637740,241,1,86,454,37,87
976,506740,241,1,52,454,33,81
977,244825,241,13,71,454,43,82
978,375953,241,19,78,454,45,76
979,769467,241,11,63,454,41,72
980,638432,241,7,73,454,37,77
981,376323,241,11,79,454,37,83
982,245431,241,1,58,454,27,75
983,770022,241,3,95,454,37,90
984,377037,241,9,88,454,31,71
985,639227,241,11,67,454,31,74
986,246072,241,21,73,454,51,84
987,115142,241,1,78,454,23,94
988,770570,241,11,73,454,31,57
989,639661,241,11,70,454,37,71
990,115390,241,11,39,454,37,86
991,115390,241,17,57,454,37,86
992,377569,241,3,80,454,31,87
993,246595,241,11,65,454,43,70
994,770951,241,1,61,454,27,77
995,115745,241,7,53,454,41,65
996,115745,241,13,72,454,41,65
997,246818,241,1,75,454,27,74
998,640108,241,11,85,454,37,76
999,115860,241,11,88,454,33,81
1000,115908,241,13,71,454,61,79
1001,771585,241,1,67,454,29,91
1002,772295,241,17,84,454,31,34
1003,772295,241,17,84,454,33,60
1004,641362,241,13,55,454,41,55
1005,248346,241,13,68,454,41,67
1006,248422,241,7,82,454,33,54
1007,117800,241,13,90,454,41,89
1008,117876,241,11,62,454,51,86
1009,511103,241,1,67,454,29,72
1010,773343,241,13,83,454,43,82
1011,773420,241,11,64,454,41,59
1012,380235,241,17,60,454,47,83
1013,118092,241,3,44,454,41,78
1014,118092,241,11,74,454,41,78
1015,249230,241,1,79,454,27,81
1016,118260,241,1,69,454,27,77
1017,118287,241,13,70,454,31,71
1018,904836,241,15,69,454,31,51
1019,380573,241,13,83,454,41,86
1020,249547,241,1,50,454,27,83
1021,512112,241,1,86,454,29,87
1022,381111,241,3,96,454,37,75
1023,643421,241,11,66,454,37,81
1024,381387,241,15,75,454,31,89
1025,119339,241,11,74,454,41,61
1026,905955,241,13,92,454,41,88
1027,775007,241,1,73,454,37,67
1028,119688,241,13,79,454,41,75
1029,644059,241,3,85,454,17,96
1030,382062,241,7,73,454,21,92
1031,775424,241,1,57,454,23,83
1032,906699,241,13,84,454,37,73
1033,120364,241,11,85,454,29,69
1034,120378,241,11,77,454,43,94
1035,775823,241,13,74,454,47,84
1036,251978,241,11,57,454,43,85
1037,120936,241,11,82,454,37,67
1038,514205,241,17,54,454,47,50
1039,121217,241,1,78,454,27,90
1040,252296,241,15,57,454,35,70
1041,383571,241,1,70,454,31,60
1042,645724,241,11,60,454,37,68
1043,383689,241,13,74,454,47,75
1044,908120,241,21,44,454,51,70
1045,908120,241,27,70,454,51,70
1046,908134,241,11,72,454,23,72
1047,908161,241,23,61,454,41,66
1048,646346,241,7,86,454,17,81
1049,908561,241,7,71,454,21,75
1050,646445,241,9,90,454,25,75
1051,384348,241,13,76,454,41,55
1052,646601,241,13,63,454,41,63
1053,384462,241,1,70,454,27,83
1054,122472,241,7,80,454,33,95
1055,909032,241,11,67,454,31,59
1056,646922,241,1,83,454,31,72
1057,516037,241,13,76,454,43,77
1058,123181,241,11,82,454,33,57
1059,123187,241,11,71,454,31,71
1060,909623,241,13,45,454,43,87
1061,909623,241,21,68,454,43,87
1062,778643,241,17,65,454,37,54
1063,647590,241,3,69,454,31,72
1064,909823,241,11,84,454,43,87
1065,778793,241,1,70,454,29,86
1066,909980,241,11,87,454,43,90
1067,910055,241,13,69,454,41,65
1068,254739,241,7,86,454,23,73
1069,516981,241,13,83,454,37,70
1070,910200,241,7,66,454,47,77
1071,779462,241,11,73,454,37,89
1072,386310,241,1,67,454,27,77
1073,386436,241,13,79,454,43,87
1074,648672,241,13,90,454,43,84
1075,910893,241,11,54,454,37,77
1076,255716,241,11,66,454,37,83
1077,255833,241,7,86,454,51,59
1078,124973,241,1,74,454,19,90
1079,256091,241,11,79,454,37,75
1080,387250,241,1,87,454,27,88
1081,649404,241,13,62,454,41,63
1082,649454,241,11,81,454,37,67
1083,780616,241,11,72,454,29,67
1084,125322,241,9,83,454,29,84
1085,911794,241,13,50,454,41,86
1086,518605,241,13,91,454,33,72
1087,387644,241,1,70,454,27,84
1088,256614,241,1,74,454,21,84
1089,387798,241,11,94,454,37,84
1090,387910,241,1,86,454,33,80
1091,387912,241,13,75,454,43,72
1092,256970,241,11,90,454,37,91
1093,912408,241,11,81,454,37,72
1094,650361,241,1,90,454,41,78
1095,650380,241,3,72,454,37,93
1096,781716,241,9,73,454,35,34
1097,519633,241,3,70,454,33,78
1098,257588,241,1,90,454,31,91
1099,126560,241,11,80,454,31,50
1100,126772,241,13,75,454,43,87
1101,520067,241,1,63,454,17,66
1102,651171,241,13,63,454,43,71
1103,258184,241,21,66,454,43,70
1104,520372,241,11,65,454,37,75
1105,651468,241,1,69,454,23,77
1106,127344,241,1,78,454,17,80
1107,914167,241,7,95,454,37,88
1108,127843,241,11,82,454,37,83
1109,783260,241,11,52,454,31,54
1110,390232,241,3,90,454,41,77
1111,390335,241,19,54,454,49,59
1112,914726,241,1,59,454,29,79
1113,521525,241,11,71,454,37,71
1114,783907,241,13,80,454,41,79
1115,915015,241,7,77,454,27,66
1116,390839,241,11,66,454,27,62
1117,784071,241,11,65,454,31,46
1118,784071,241,11,65,454,37,80
1119,915208,241,11,89,454,31,74
1120,653126,241,11,75,454,31,84
1121,915275,241,1,67,454,33,54
1122,391015,241,11,82,454,37,85
1123,915429,241,11,43,454,37,65
1124,915429,241,23,69,454,37,65
1125,915442,241,9,75,454,19,85
1126,653399,241,11,82,454,27,87
1127,784479,241,3,73,454,37,78
1128,915647,241,3,72,454,31,86
1129,260290,241,13,50,454,43,76
1130,785014,241,13,76,454,43,90
1131,391981,241,13,86,454,41,78
1132,261000,241,3,76,454,43,88
1133,654350,241,1,69,454,33,60
1134,916636,241,1,80,454,29,87
1135,523428,241,13,88,454,41,93
1136,785631,241,1,71,454,31,68
1137,130302,241,11,70,454,37,89
1138,785682,241,9,82,454,41,88
1139,261605,241,11,80,454,43,77
1140,917019,241,9,83,454,35,88
1141,654883,241,17,69,454,37,92
1142,392923,241,1,59,454,25,77
1143,130852,241,3,79,454,41,75
1144,393040,241,17,61,454,43,53
1145,917370,241,1,71,454,33,66
