,StudentID,CourseNumber_x,Term_x,Grade_x,CourseNumber_y,Term_y,Grade_y
0,131188,241,17,71,486,57,50
1,131252,241,13,85,486,27,66
2,524634,241,13,84,486,41,82
3,262913,241,1,82,486,27,90
4,787296,241,3,84,486,27,52
5,525401,241,1,67,486,31,72
6,656627,241,7,81,486,21,67
7,656717,241,13,46,486,47,72
8,656717,241,21,70,486,47,72
9,787843,241,1,58,486,27,75
10,394640,241,3,83,486,31,80
11,394865,241,23,68,486,41,68
12,526102,241,11,62,486,31,80
13,264142,241,5,91,486,15,83
14,788547,241,11,56,486,37,67
15,526476,241,3,80,486,23,43
16,526476,241,3,80,486,31,43
17,133520,241,13,67,486,51,53
18,526806,241,13,66,486,41,58
19,264746,241,7,83,486,41,85
20,920196,241,13,64,486,47,60
21,264967,241,13,53,486,47,64
22,265140,241,11,74,486,31,46
23,920646,241,11,90,486,31,91
24,396481,241,11,76,486,37,87
25,790412,241,11,62,486,25,67
26,921584,241,1,70,486,33,50
27,266350,241,1,76,486,31,72
28,135654,241,1,62,486,33,66
29,266750,241,21,67,486,41,72
30,266931,241,3,84,486,37,84
31,398060,241,13,78,486,41,73
32,922902,241,5,56,486,31,57
33,922902,241,7,78,486,31,57
34,136511,241,1,87,486,27,87
35,792065,241,11,58,486,37,60
36,136770,241,17,87,486,37,82
37,530055,241,11,63,486,31,55
38,923384,241,11,89,486,41,77
39,399262,241,3,66,486,31,55
40,661514,241,9,92,486,35,91
41,792757,241,1,93,486,31,97
42,530702,241,13,80,486,31,73
43,530835,241,11,46,486,29,79
44,530835,241,15,73,486,29,79
45,399788,241,3,58,486,27,74
46,530912,241,5,57,486,41,80
47,269007,241,17,67,486,47,77
48,137990,241,21,86,486,43,80
49,924461,241,11,61,486,37,54
50,924489,241,7,82,486,41,73
51,793596,241,11,79,486,31,92
52,138354,241,1,76,486,29,75
53,400629,241,21,59,486,37,70
54,531965,241,13,65,486,41,62
55,925225,241,13,62,486,31,79
56,138796,241,1,88,486,27,90
57,138858,241,13,75,486,47,59
58,794306,241,11,75,486,43,71
59,663311,241,11,68,486,43,73
60,794400,241,13,68,486,43,71
61,794432,241,1,75,486,27,74
62,139307,241,11,42,486,41,60
63,139307,241,13,55,486,41,60
64,401612,241,13,78,486,43,78
65,532789,241,1,76,486,35,79
66,270650,241,7,88,486,41,72
67,532935,241,11,56,486,31,57
68,795093,241,11,67,486,37,69
69,139739,241,11,72,486,37,77
70,664243,241,13,73,486,41,88
71,795318,241,1,67,486,33,80
72,533296,241,13,77,486,43,59
73,271155,241,1,67,486,11,55
74,533465,241,9,67,486,35,83
75,271379,241,13,64,486,41,85
76,271472,241,7,75,486,41,83
77,533628,241,11,70,486,37,63
78,140636,241,11,58,486,41,72
79,271716,241,23,88,486,47,89
80,140941,241,1,80,486,29,83
81,796317,241,3,66,486,31,73
82,272064,241,13,65,486,43,81
83,403160,241,11,71,486,31,77
84,534333,241,11,82,486,37,62
85,927632,241,11,64,486,25,68
86,272299,241,15,71,486,35,61
87,403411,241,13,74,486,43,72
88,665647,241,11,83,486,27,78
89,141373,241,1,74,486,23,80
90,403527,241,5,81,486,21,75
91,534603,241,11,85,486,33,89
92,534620,241,17,76,486,43,74
93,403610,241,1,80,486,27,60
94,928379,241,7,56,486,43,74
95,928493,241,7,77,486,41,74
96,273177,241,13,50,486,43,67
97,273411,241,11,79,486,29,81
98,535638,241,11,70,486,27,79
99,404743,241,11,79,486,43,96
100,142701,241,11,68,486,41,59
101,536105,241,13,96,486,41,86
102,273977,241,7,86,486,41,71
103,143030,241,21,52,486,51,76
104,143106,241,21,61,486,47,44
105,143436,241,11,70,486,37,71
106,143461,241,1,61,486,29,58
107,798862,241,13,82,486,31,72
108,143517,241,1,42,486,29,70
109,143517,241,9,84,486,29,70
110,798966,241,11,70,486,37,79
111,274882,241,21,71,486,43,70
112,144003,241,7,63,486,41,77
113,537387,241,13,76,486,43,83
114,799627,241,7,89,486,41,93
115,144275,241,7,71,486,27,71
116,799649,241,1,81,486,23,84
117,537542,241,11,87,486,31,79
118,406619,241,13,74,486,41,78
119,931291,241,7,90,486,23,93
120,800535,241,13,87,486,37,83
121,276256,241,11,62,486,41,61
122,669558,241,11,71,486,37,80
123,145284,241,11,35,486,31,75
124,145284,241,17,76,486,31,75
125,407676,241,13,83,486,43,71
126,932001,241,13,78,486,41,100
127,932347,241,11,84,486,23,84
128,277011,241,13,55,486,41,79
129,932437,241,13,92,486,43,92
130,801399,241,1,66,486,29,69
131,801457,241,3,62,486,51,70
132,670549,241,1,90,486,29,89
133,146581,241,1,89,486,27,87
134,146601,241,3,70,486,33,62
135,802148,241,11,56,486,37,56
136,933353,241,11,90,486,41,90
137,278032,241,21,87,486,41,81
138,933410,241,11,68,486,37,81
139,409288,241,1,53,486,17,81
140,671542,241,7,72,486,37,88
141,671697,241,9,62,486,35,41
142,671697,241,9,62,486,39,56
143,409608,241,11,70,486,31,64
144,672162,241,13,79,486,41,81
145,672188,241,13,57,486,41,63
146,934488,241,3,80,486,43,70
147,279140,241,11,56,486,37,72
148,410494,241,7,70,486,47,67
149,410514,241,11,75,486,27,80
150,673036,241,11,91,486,37,81
151,542140,241,19,46,486,35,63
152,542140,241,21,65,486,35,63
153,148951,241,1,78,486,7,89
154,935517,241,1,85,486,29,57
155,149559,241,1,75,486,33,78
156,542945,241,13,69,486,41,63
157,280945,241,1,56,486,27,78
158,805252,241,13,73,486,41,83
159,936396,241,11,68,486,37,75
160,674288,241,13,58,486,27,75
161,674299,241,3,76,486,31,84
162,150060,241,11,38,486,31,54
163,150060,241,15,44,486,31,54
164,150060,241,17,26,486,31,54
165,150060,241,21,75,486,31,54
166,936796,241,1,70,486,23,79
167,543740,241,1,92,486,23,92
168,805911,241,11,58,486,37,78
169,543870,241,11,73,486,37,77
170,675020,241,13,45,486,37,90
171,675020,241,21,79,486,37,90
172,806285,241,11,58,486,37,62
173,675371,241,11,50,486,25,73
174,937616,241,13,56,486,47,78
175,151211,241,11,54,486,31,86
176,282296,241,13,61,486,47,63
177,544465,241,1,68,486,29,66
178,937875,241,9,67,486,41,84
179,675865,241,11,72,486,41,58
180,544800,241,3,99,486,31,98
181,151689,241,13,74,486,41,81
182,544952,241,1,80,486,27,69
183,938333,241,3,74,486,37,64
184,676457,241,7,54,486,27,66
185,807636,241,7,68,486,43,79
186,283569,241,11,67,486,31,18
187,152510,241,11,46,486,37,61
188,152510,241,13,68,486,37,61
189,152740,241,11,70,486,35,54
190,283841,241,11,61,486,31,89
191,808153,241,7,71,486,41,63
192,939316,241,7,72,486,41,71
193,939437,241,13,83,486,43,71
194,677584,241,1,82,486,21,72
195,415529,241,11,64,486,37,68
196,940068,241,7,80,486,31,85
197,153736,241,11,68,486,37,87
198,415986,241,11,71,486,45,63
199,809226,241,7,62,486,47,78
200,284991,241,13,82,486,43,79
201,547192,241,13,87,486,41,83
202,809553,241,11,64,486,41,70
203,285269,241,21,66,486,51,52
204,154198,241,11,83,486,25,69
205,940774,241,1,59,486,37,72
206,416608,241,17,87,486,43,80
207,285873,241,1,75,486,27,76
208,154962,241,1,57,486,31,60
209,417409,241,13,83,486,47,58
210,286600,241,7,76,486,21,67
211,417896,241,13,89,486,41,88
212,942196,241,11,91,486,37,91
213,942283,241,1,66,486,33,53
214,287048,241,11,86,486,47,82
215,811535,241,13,62,486,41,66
216,549481,241,13,71,486,41,86
217,418643,241,11,73,486,37,78
218,418755,241,13,56,486,43,69
219,943077,241,1,80,486,27,85
220,549899,241,1,89,486,29,91
221,287896,241,7,62,486,77,89
222,287964,241,11,61,486,43,60
223,287987,241,13,83,486,43,85
224,550330,241,11,71,486,37,69
225,419311,241,3,57,486,27,60
226,157271,241,3,82,486,37,67
227,157391,241,3,56,486,31,82
228,943989,241,13,82,486,41,71
229,419973,241,7,87,486,41,80
230,813779,241,11,78,486,31,68
231,420631,241,11,87,486,43,87
232,551747,241,1,67,486,27,92
233,289655,241,11,69,486,31,76
234,158683,241,7,72,486,27,88
235,158753,241,11,76,486,31,66
236,552151,241,17,66,486,47,64
237,159051,241,1,85,486,31,83
238,945996,241,21,61,486,47,80
239,946160,241,11,43,486,37,72
240,946160,241,13,60,486,37,72
241,684112,241,7,65,486,43,65
242,684225,241,11,55,486,37,65
243,159949,241,13,77,486,41,83
244,160205,241,11,61,486,43,60
245,815657,241,9,89,486,31,63
246,815672,241,3,67,486,47,68
247,684720,241,11,61,486,33,67
248,553777,241,11,76,486,31,95
249,553831,241,13,54,486,41,82
250,291758,241,13,63,486,43,55
251,685019,241,1,67,486,31,52
252,685033,241,1,85,486,21,84
253,291891,241,27,88,486,47,87
254,422983,241,3,74,486,31,85
255,816273,241,11,62,486,31,76
256,685254,241,11,78,486,37,85
257,947423,241,23,93,486,51,86
258,685338,241,3,85,486,37,80
259,554702,241,21,87,486,41,88
260,423722,241,11,56,486,31,72
261,685995,241,1,74,486,31,88
262,423917,241,3,60,486,31,50
263,292930,241,21,79,486,41,70
264,161887,241,11,95,486,37,83
265,555508,241,7,86,486,25,74
266,948783,241,3,81,486,23,72
267,424529,241,1,62,486,29,80
268,686674,241,13,75,486,41,88
269,162450,241,11,84,486,37,94
270,949298,241,7,73,486,43,55
271,687361,241,11,46,486,41,66
272,687361,241,17,65,486,41,66
273,556331,241,1,88,486,29,73
274,294200,241,13,71,486,41,82
275,425297,241,7,66,486,27,71
276,818549,241,13,53,486,41,83
277,818566,241,11,84,486,23,83
278,425378,241,3,59,486,31,77
279,294591,241,1,60,486,31,40
280,819070,241,11,70,486,23,69
281,295038,241,11,58,486,31,78
282,950474,241,11,67,486,33,78
283,950563,241,13,74,486,41,72
284,295424,241,11,82,486,37,82
285,688654,241,3,57,486,27,76
286,164440,241,11,71,486,33,69
287,164514,241,7,42,486,27,84
288,164514,241,11,72,486,27,84
289,950975,241,11,80,486,31,77
290,426693,241,17,46,486,51,61
291,426693,241,23,58,486,51,61
292,820009,241,1,79,486,33,67
293,164726,241,21,59,486,47,66
294,689026,241,7,77,486,27,89
295,689050,241,11,91,486,37,86
296,820372,241,3,84,486,21,50
297,296334,241,11,58,486,51,73
298,165313,241,11,80,486,37,75
299,689685,241,11,68,486,31,75
300,558618,241,13,92,486,41,69
301,165431,241,11,78,486,31,88
302,820912,241,1,77,486,31,69
303,165577,241,21,66,486,47,78
304,689890,241,11,77,486,31,57
305,428007,241,11,78,486,47,85
306,690183,241,11,71,486,25,65
307,952494,241,1,65,486,27,77
308,559393,241,11,94,486,37,97
309,952639,241,1,78,486,23,85
310,297285,241,3,60,486,43,78
311,821800,241,1,87,486,33,90
312,952972,241,3,75,486,17,73
313,297685,241,11,83,486,43,86
314,822137,241,11,72,486,41,59
315,297917,241,7,99,486,33,95
316,298316,241,15,58,486,31,82
317,167249,241,3,94,486,37,87
318,691539,241,15,54,486,35,50
319,822670,241,1,78,486,29,84
320,429633,241,9,94,486,41,95
321,822875,241,7,87,486,33,97
322,429712,241,11,58,486,37,59
323,954006,241,1,75,486,27,75
324,823053,241,21,68,486,41,51
325,561100,241,19,40,486,41,50
326,561100,241,21,62,486,41,50
327,430084,241,13,78,486,41,71
328,954629,241,13,79,486,31,62
329,430402,241,7,86,486,27,87
330,954700,241,1,58,486,29,76
331,692679,241,1,82,486,21,79
332,299531,241,13,92,486,43,83
333,430643,241,7,89,486,33,78
334,430725,241,9,81,486,35,72
335,168888,241,13,85,486,41,86
336,693452,241,13,74,486,41,84
337,824529,241,9,74,486,41,86
338,562572,241,3,81,486,31,64
339,955808,241,7,61,486,33,68
340,693742,241,1,74,486,21,84
341,824996,241,13,79,486,41,74
342,562886,241,13,92,486,43,86
343,169772,241,13,82,486,41,81
344,956230,241,11,62,486,29,72
345,563222,241,17,70,486,47,75
346,563252,241,3,88,486,41,81
347,170058,241,11,74,486,27,83
348,432265,241,11,73,486,37,81
349,170256,241,5,76,486,31,75
350,563507,241,11,80,486,31,71
351,694658,241,11,68,486,41,60
352,170690,241,1,95,486,27,94
353,170728,241,7,58,486,43,80
354,170904,241,13,70,486,41,83
355,171363,241,3,91,486,31,96
356,564970,241,13,85,486,33,85
357,434052,241,11,64,486,31,87
358,565332,241,1,46,486,35,61
359,565332,241,11,64,486,35,61
360,172214,241,7,72,486,43,65
361,434487,241,11,81,486,37,72
362,827715,241,13,71,486,41,90
363,827970,241,13,90,486,33,91
364,828202,241,11,63,486,25,70
365,959339,241,11,43,486,31,63
366,959339,241,17,85,486,31,63
367,828405,241,11,65,486,37,67
368,304120,241,11,53,486,37,71
369,173087,241,17,46,486,35,58
370,173087,241,21,76,486,35,58
371,173329,241,11,96,486,31,81
372,304558,241,13,66,486,41,76
373,959987,241,21,43,486,43,44
374,959987,241,23,39,486,43,44
375,959987,241,27,64,486,43,44
376,435703,241,11,80,486,31,88
377,697896,241,11,91,486,31,83
378,304800,241,13,80,486,43,83
379,305087,241,11,64,486,37,66
380,829762,241,1,75,486,21,46
381,436839,241,11,52,486,37,79
382,961292,241,21,69,486,37,64
383,305970,241,11,84,486,41,82
384,699303,241,11,78,486,31,94
385,699310,241,13,64,486,37,71
386,175111,241,15,59,486,31,54
387,568353,241,13,40,486,43,63
388,568353,241,21,58,486,43,63
389,830585,241,11,89,486,27,89
390,437503,241,15,93,486,29,51
391,568698,241,5,71,486,41,92
392,175488,241,13,60,486,41,65
393,961965,241,11,67,486,33,73
394,437764,241,13,81,486,41,77
395,175686,241,11,91,486,41,91
396,306840,241,13,70,486,37,63
397,831219,241,15,58,486,35,67
398,175970,241,3,66,486,27,87
399,962421,241,1,73,486,25,74
400,831735,241,1,71,486,31,68
401,831941,241,7,100,486,33,78
402,176665,241,11,78,486,43,56
403,569944,241,11,70,486,29,70
404,832180,241,11,70,486,31,60
405,307903,241,13,59,486,43,58
406,832304,241,13,85,486,41,76
407,963412,241,1,58,486,37,61
408,570398,241,11,94,486,37,86
409,177445,241,7,58,486,31,64
410,833210,241,1,73,486,33,76
411,702161,241,13,64,486,37,53
412,440425,241,7,64,486,43,72
413,178415,241,13,90,486,41,76
414,702855,241,13,93,486,43,88
415,178609,241,19,67,486,35,85
416,571993,241,3,96,486,23,89
417,440941,241,1,79,486,23,79
418,572145,241,13,74,486,41,62
419,572231,241,1,92,486,31,80
420,703675,241,11,81,486,27,64
421,179629,241,11,76,486,31,80
422,442320,241,19,68,486,41,65
423,442466,241,9,82,486,41,46
424,442466,241,9,82,486,49,56
425,835703,241,9,96,486,35,87
426,704831,241,13,68,486,41,72
427,180559,241,11,63,486,37,67
428,573779,241,11,66,486,45,71
429,180625,241,7,90,486,43,93
430,836084,241,1,87,486,17,74
431,311798,241,3,91,486,37,88
432,967409,241,13,62,486,47,78
433,312164,241,3,79,486,31,67
434,967592,241,1,91,486,31,95
435,181332,241,13,73,486,41,56
436,574548,241,9,75,486,25,59
437,705758,241,7,86,486,51,81
438,443657,241,11,67,486,33,67
439,443708,241,11,75,486,33,73
440,837135,241,13,73,486,43,78
441,313006,241,7,63,486,43,75
442,837314,241,11,57,486,41,78
443,313361,241,1,85,486,17,79
444,575695,241,11,71,486,37,85
445,706794,241,7,65,486,27,82
446,313726,241,1,76,486,27,74
447,576188,241,3,80,486,31,73
448,838344,241,7,68,486,33,78
449,445348,241,11,71,486,37,94
450,445431,241,11,89,486,37,89
451,314716,241,1,76,486,33,64
452,445827,241,1,66,486,37,67
453,445831,241,1,62,486,27,64
454,314806,241,1,62,486,17,78
455,970283,241,11,55,486,43,70
456,315048,241,11,63,486,33,89
457,970589,241,1,77,486,27,79
458,446440,241,11,78,486,31,76
459,970736,241,13,83,486,41,72
460,577553,241,3,91,486,31,74
461,577555,241,13,97,486,41,79
462,577594,241,13,83,486,41,70
463,184522,241,11,84,486,31,80
464,708867,241,3,92,486,37,87
465,315884,241,3,58,486,27,81
466,709140,241,13,65,486,41,70
467,447139,241,13,73,486,41,77
468,709403,241,11,69,486,27,78
469,971616,241,1,61,486,37,77
470,709537,241,1,77,486,33,85
471,840768,241,11,70,486,25,62
472,447575,241,3,60,486,41,77
473,185693,241,11,59,486,31,80
474,316801,241,17,66,486,47,72
475,185885,241,9,57,486,29,59
476,972337,241,7,78,486,47,71
477,972460,241,11,64,486,41,75
478,841534,241,13,76,486,41,80
479,579481,241,11,66,486,31,87
480,317376,241,3,73,486,17,71
481,972785,241,7,83,486,23,90
482,448579,241,7,87,486,41,94
483,448596,241,1,85,486,27,87
484,317560,241,13,86,486,47,59
485,317727,241,9,67,486,41,63
486,973110,241,3,72,486,23,84
487,318056,241,11,70,486,37,83
488,711314,241,11,89,486,31,88
489,449201,241,7,81,486,41,70
490,973582,241,11,52,486,33,55
491,842542,241,15,58,486,35,65
492,318260,241,7,71,486,31,63
493,187203,241,1,82,486,31,69
494,580539,241,11,88,486,37,86
495,449627,241,11,70,486,23,76
496,842889,241,11,60,486,43,57
497,318602,241,7,93,486,37,99
498,580819,241,11,72,486,31,77
499,843003,241,13,75,486,41,68
500,318789,241,21,44,486,41,74
501,318789,241,25,62,486,41,74
502,187751,241,3,83,486,37,88
503,187777,241,1,86,486,27,88
504,580993,241,11,61,486,43,71
505,712086,241,1,77,486,21,78
506,712223,241,9,68,486,19,79
507,450108,241,11,85,486,31,67
508,319082,241,3,46,486,37,54
509,319082,241,11,64,486,37,54
510,450211,241,13,54,486,47,76
511,712389,241,1,78,486,27,82
512,450477,241,11,69,486,37,71
513,843737,241,19,59,486,45,52
514,974848,241,1,86,486,23,90
515,450561,241,7,57,486,41,72
516,974916,241,15,89,486,27,62
517,974948,241,1,56,486,27,78
518,974987,241,1,63,486,17,76
519,712859,241,1,63,486,29,84
520,581795,241,13,86,486,33,63
521,581912,241,9,77,486,21,56
522,975145,241,13,83,486,33,79
523,975355,241,3,44,486,43,63
524,975355,241,11,74,486,43,63
525,189073,241,11,75,486,43,68
526,844796,241,13,81,486,37,71
527,975901,241,9,77,486,41,75
528,713858,241,11,65,486,47,68
529,713905,241,3,73,486,37,54
530,320713,241,1,95,486,27,96
531,714011,241,7,86,486,37,65
532,582947,241,3,79,486,37,85
533,583065,241,7,83,486,47,62
534,845250,241,11,82,486,37,78
535,714194,241,13,38,486,53,77
536,714194,241,21,71,486,53,77
537,321069,241,13,58,486,41,85
538,845404,241,13,81,486,23,87
539,714635,241,1,75,486,31,92
540,976874,241,1,69,486,27,86
541,976944,241,3,56,486,27,69
542,190900,241,11,72,486,23,86
543,190969,241,11,64,486,35,73
544,190972,241,11,83,486,31,82
545,977405,241,13,70,486,33,71
546,584199,241,3,86,486,33,72
547,846387,241,3,78,486,23,93
548,191192,241,1,71,486,27,68
549,584571,241,7,75,486,47,79
550,847409,241,13,66,486,43,55
551,192215,241,11,72,486,43,80
552,192279,241,1,62,486,31,74
553,323398,241,1,69,486,31,59
554,978848,241,5,93,486,25,77
555,192756,241,11,69,486,43,50
556,717056,241,1,90,486,21,88
557,848494,241,1,73,486,31,66
558,848930,241,21,65,486,41,69
559,586994,241,3,78,486,31,72
560,324856,241,11,70,486,47,59
561,849449,241,21,68,486,37,53
562,456259,241,1,62,486,27,66
563,849641,241,13,66,486,47,79
564,325448,241,13,78,486,37,82
565,980878,241,1,65,486,21,68
566,587957,241,11,46,486,43,57
567,587957,241,17,65,486,43,57
568,456977,241,7,78,486,33,62
569,456981,241,11,87,486,37,89
570,719166,241,7,88,486,41,70
571,719326,241,3,66,486,31,64
572,981625,241,11,82,486,43,69
573,719980,241,11,86,486,39,86
574,982173,241,1,74,486,29,77
575,851141,241,13,68,486,41,59
576,589263,241,13,69,486,43,74
577,983146,241,13,78,486,47,80
578,327843,241,1,57,486,27,77
579,721141,241,13,79,486,41,77
580,327978,241,3,78,486,33,85
581,328033,241,53,88,486,63,72
582,328123,241,11,83,486,31,83
583,590285,241,13,73,486,41,64
584,328498,241,19,50,486,39,50
585,983879,241,11,62,486,31,50
586,591043,241,7,66,486,23,79
587,197881,241,11,60,486,31,81
588,460134,241,1,63,486,33,74
589,460210,241,11,67,486,25,61
590,329175,241,21,59,486,47,69
591,460307,241,13,77,486,31,71
592,984759,241,13,80,486,43,82
593,853796,241,11,84,486,31,80
594,198444,241,7,96,486,33,93
595,198769,241,11,52,486,35,62
596,854157,241,1,83,486,31,79
597,461072,241,7,89,486,41,82
598,330040,241,11,74,486,31,64
599,330046,241,13,76,486,37,92
600,854705,241,11,78,486,43,77
601,461704,241,11,76,486,37,84
602,330648,241,1,78,486,27,77
603,592822,241,1,68,486,37,80
604,854990,241,1,69,486,31,72
605,986213,241,1,78,486,17,83
606,724257,241,21,54,486,43,59
607,986434,241,1,82,486,27,90
608,855390,241,1,86,486,27,81
609,200101,241,11,70,486,37,80
610,462370,241,13,64,486,27,73
611,986672,241,13,94,486,43,61
612,200246,241,9,55,486,41,65
613,200326,241,11,75,486,37,90
614,986829,241,11,73,486,29,69
615,855793,241,11,77,486,37,77
616,200458,241,1,63,486,33,70
617,331557,241,11,69,486,31,73
618,855932,241,11,70,486,31,71
619,331770,241,13,81,486,41,79
620,594032,241,17,67,486,37,72
621,201045,241,3,75,486,27,58
622,987479,241,13,75,486,31,72
623,463242,241,13,91,486,41,83
624,725474,241,7,88,486,33,91
625,332396,241,3,61,486,27,81
626,725641,241,1,84,486,27,82
627,594720,241,13,72,486,43,83
628,463651,241,3,72,486,33,97
629,463773,241,9,73,486,31,88
630,463990,241,11,63,486,41,75
631,988567,241,11,83,486,31,60
632,202136,241,13,64,486,23,67
633,595358,241,3,72,486,27,75
634,595424,241,7,67,486,27,74
635,464421,241,3,96,486,31,85
636,988805,241,11,59,486,51,75
637,595834,241,11,82,486,31,65
638,858006,241,13,74,486,47,85
639,595921,241,7,58,486,27,64
640,333837,241,11,59,486,47,74
641,333878,241,11,76,486,31,71
642,464999,241,1,67,486,29,73
643,465152,241,1,64,486,31,64
644,858664,241,7,35,486,47,47
645,858664,241,13,71,486,47,47
646,858707,241,11,59,486,23,64
647,465896,241,3,57,486,23,66
648,990194,241,1,70,486,17,80
649,990337,241,13,75,486,41,85
650,728256,241,1,69,486,29,79
651,335262,241,3,42,486,43,80
652,335262,241,11,62,486,43,80
653,859699,241,9,58,486,45,34
654,859699,241,9,58,486,49,69
655,990822,241,19,74,486,35,74
656,728898,241,11,80,486,31,86
657,991087,241,9,61,486,29,76
658,204674,241,21,65,486,37,63
659,204747,241,7,82,486,31,50
660,336023,241,1,73,486,41,88
661,860468,241,13,83,486,41,76
662,991696,241,11,83,486,41,65
663,598481,241,13,92,486,43,67
664,860920,241,11,36,486,33,71
665,860920,241,13,45,486,33,71
666,860920,241,21,68,486,33,71
667,467787,241,11,91,486,37,91
668,205764,241,13,55,486,51,57
669,730056,241,11,86,486,43,85
670,730151,241,13,96,486,41,64
671,992766,241,7,69,486,41,68
672,468600,241,5,81,486,25,58
673,468781,241,13,89,486,43,74
674,206799,241,13,69,486,37,64
675,731229,241,13,54,486,41,72
676,206966,241,3,66,486,31,68
677,206978,241,7,89,486,43,91
678,600205,241,15,69,486,31,66
679,862353,241,3,80,486,21,86
680,469242,241,11,68,486,37,81
681,338314,241,11,67,486,37,79
682,469473,241,11,82,486,25,77
683,862759,241,11,81,486,37,88
684,600719,241,1,76,486,27,84
685,993946,241,11,90,486,31,93
686,600744,241,3,71,486,37,73
687,994105,241,13,82,486,41,53
688,207735,241,7,93,486,41,87
689,863151,241,13,50,486,41,76
690,732162,241,1,85,486,27,85
691,207934,241,3,92,486,21,80
692,994504,241,11,95,486,31,87
693,863783,241,11,84,486,31,77
694,471017,241,11,71,486,31,67
695,602193,241,7,65,486,33,89
696,864581,241,13,68,486,51,45
697,864581,241,13,68,486,57,78
698,864692,241,1,70,486,33,76
699,733831,241,11,52,486,37,66
700,209846,241,11,63,486,31,73
701,472265,241,11,82,486,31,88
702,603374,241,11,60,486,41,68
703,603463,241,13,68,486,61,43
704,603463,241,13,68,486,67,60
705,603550,241,21,83,486,41,81
706,341410,241,11,84,486,31,94
707,603559,241,9,72,486,29,72
708,210526,241,13,72,486,37,78
709,210543,241,11,60,486,37,63
710,603786,241,11,54,486,37,65
711,603786,241,17,76,486,37,65
712,210593,241,11,65,486,31,84
713,603848,241,1,89,486,27,84
714,472869,241,1,90,486,31,92
715,866120,241,1,61,486,27,79
716,604300,241,11,62,486,41,76
717,604348,241,1,78,486,31,93
718,473457,241,11,50,486,43,67
719,604831,241,1,58,486,43,77
720,212027,241,7,70,486,51,69
721,605447,241,21,70,486,35,51
722,343377,241,7,65,486,41,76
723,212338,241,11,58,486,31,72
724,605558,241,7,93,486,43,92
725,867813,241,1,63,486,27,80
726,998904,241,1,70,486,27,60
727,736761,241,13,67,486,41,88
728,999029,241,11,85,486,31,95
729,474754,241,13,84,486,41,92
730,213015,241,1,74,486,31,68
731,475295,241,11,76,486,31,67
732,868628,241,1,93,486,21,81
733,475829,241,11,75,486,37,79
734,738198,241,13,79,486,41,90
735,476255,241,11,83,486,27,87
736,738415,241,7,75,486,33,83
737,214155,241,13,78,486,47,63
738,214339,241,1,75,486,29,54
739,476552,241,11,83,486,37,44
740,607778,241,1,87,486,17,90
741,345971,241,11,82,486,31,87
742,215026,241,11,58,486,37,68
743,215168,241,7,83,486,41,90
744,215186,241,13,76,486,41,63
745,739497,241,3,42,486,37,63
746,739497,241,11,70,486,37,63
747,477636,241,11,50,486,31,59
748,871139,241,1,77,486,33,82
749,346876,241,11,69,486,37,78
750,215857,241,1,78,486,27,83
751,347233,241,11,50,486,27,68
752,871591,241,11,71,486,37,76
753,478616,241,9,94,486,35,74
754,478705,241,1,79,486,11,72
755,609843,241,15,66,486,29,88
756,741084,241,11,50,486,41,51
757,347905,241,1,59,486,37,61
758,741313,241,1,71,486,29,66
759,741351,241,11,74,486,43,74
760,348184,241,17,82,486,37,70
761,479916,241,7,79,486,43,89
762,479959,241,13,74,486,43,70
763,611330,241,11,81,486,37,78
764,349591,241,1,84,486,33,91
765,873948,241,1,57,486,31,59
766,349725,241,5,56,486,27,50
767,742951,241,15,52,486,35,67
768,481096,241,7,79,486,41,77
769,481224,241,1,75,486,37,43
770,612404,241,1,93,486,27,77
771,874681,241,3,97,486,31,93
772,219457,241,11,55,486,37,82
773,874976,241,27,60,486,51,58
774,612889,241,17,76,486,37,76
775,481876,241,13,76,486,37,80
776,481904,241,7,60,486,47,60
777,219884,241,7,96,486,33,66
778,351725,241,17,90,486,37,89
779,613958,241,3,71,486,47,61
780,613961,241,1,81,486,27,85
781,482890,241,3,73,486,23,70
782,351962,241,11,91,486,37,88
783,351971,241,1,86,486,25,82
784,483181,241,7,57,486,43,71
785,352137,241,1,81,486,31,66
786,483216,241,11,43,486,37,77
787,483216,241,13,80,486,37,77
788,483239,241,13,68,486,27,66
789,876498,241,13,74,486,33,70
790,614383,241,11,85,486,37,83
791,483364,241,11,74,486,33,55
792,877331,241,1,72,486,41,72
793,484317,241,11,62,486,27,79
794,222612,241,3,51,486,33,80
795,353817,241,11,62,486,33,74
796,222861,241,11,87,486,37,90
797,747635,241,1,83,486,31,95
798,485739,241,11,75,486,31,79
799,616836,241,13,77,486,41,73
800,223825,241,11,69,486,37,81
801,355306,241,13,64,486,41,55
802,486498,241,3,69,486,21,62
803,224408,241,13,91,486,41,69
804,355480,241,13,93,486,43,91
805,224540,241,11,71,486,27,69
806,486792,241,11,78,486,31,85
807,486892,241,11,66,486,37,50
808,749370,241,11,75,486,43,88
809,618350,241,13,59,486,41,59
810,487313,241,13,63,486,33,80
811,618429,241,11,65,486,51,56
812,749621,241,1,81,486,27,86
813,880921,241,1,69,486,33,83
814,619241,241,11,71,486,31,63
815,357098,241,1,72,486,27,88
816,881437,241,3,69,486,31,56
817,226187,241,21,61,486,43,69
818,226323,241,1,91,486,21,84
819,488646,241,1,62,486,29,82
820,226648,241,3,62,486,23,84
821,488886,241,11,72,486,39,73
822,620429,241,1,98,486,31,92
823,620507,241,13,64,486,43,67
824,751616,241,3,76,486,23,87
825,227710,241,1,88,486,27,66
826,227834,241,7,92,486,27,80
827,883450,241,15,39,486,35,73
828,883450,241,17,62,486,35,73
829,490394,241,13,79,486,41,84
830,359475,241,11,56,486,43,51
831,753020,241,9,87,486,49,93
832,753021,241,15,65,486,31,70
833,228896,241,11,73,486,37,76
834,491431,241,11,44,486,37,87
835,491431,241,13,79,486,37,87
836,229365,241,13,63,486,43,71
837,622976,241,21,62,486,47,52
838,623395,241,1,61,486,29,62
839,361253,241,3,74,486,41,45
840,230295,241,11,69,486,21,71
841,361513,241,7,92,486,17,89
842,230485,241,1,67,486,27,79
843,492695,241,11,52,486,43,86
844,230640,241,1,80,486,23,77
845,230760,241,17,59,486,33,73
846,624168,241,1,75,486,27,88
847,231018,241,15,65,486,35,59
848,493191,241,13,62,486,41,70
849,362142,241,11,41,486,43,60
850,362142,241,17,74,486,43,60
851,231120,241,11,61,486,41,67
852,755625,241,1,56,486,29,42
853,362545,241,9,83,486,41,60
854,886834,241,11,66,486,43,68
855,362557,241,13,63,486,33,63
856,100485,241,11,61,486,37,71
857,100728,241,11,71,486,33,73
858,362948,241,13,85,486,41,84
859,100816,241,3,46,486,21,61
860,100816,241,7,66,486,21,61
861,232022,241,13,85,486,31,74
862,887666,241,11,85,486,31,95
863,494474,241,1,61,486,39,82
864,363490,241,1,83,486,27,85
865,494623,241,13,71,486,33,78
866,756932,241,3,80,486,43,82
867,364059,241,1,51,486,21,50
868,233392,241,9,86,486,29,93
869,757882,241,17,80,486,47,62
870,889016,241,1,74,486,21,81
871,364752,241,13,66,486,37,72
872,495977,241,3,55,486,47,64
873,627073,241,11,72,486,37,85
874,496069,241,11,62,486,37,69
875,365043,241,1,80,486,31,82
876,365271,241,3,98,486,37,94
877,234236,241,11,69,486,23,66
878,103216,241,11,79,486,31,74
879,234345,241,11,68,486,31,71
880,366079,241,1,70,486,23,62
881,628260,241,11,80,486,33,52
882,890406,241,11,81,486,23,83
883,890499,241,7,85,486,31,58
884,366278,241,7,92,486,17,87
885,497362,241,13,81,486,41,77
886,628449,241,1,76,486,31,79
887,235559,241,1,78,486,31,79
888,628781,241,11,73,486,37,85
889,104655,241,11,93,486,37,86
890,628979,241,11,71,486,31,84
891,891420,241,7,81,486,43,69
892,105233,241,13,66,486,47,93
893,760680,241,7,83,486,31,73
894,498686,241,17,41,486,47,86
895,498686,241,23,79,486,47,86
896,498827,241,11,64,486,37,66
897,367784,241,13,66,486,47,27
898,367784,241,13,66,486,51,66
899,498863,241,11,82,486,37,32
900,236947,241,3,68,486,31,83
901,368144,241,7,82,486,33,83
902,237098,241,1,85,486,21,53
903,368181,241,15,76,486,31,75
904,499434,241,13,95,486,33,92
905,499573,241,1,67,486,31,55
906,630751,241,11,65,486,31,79
907,892934,241,13,74,486,43,72
908,630959,241,1,55,486,25,81
909,500063,241,11,63,486,31,71
910,106994,241,13,61,486,43,64
911,631476,241,11,72,486,31,82
912,369336,241,11,72,486,31,78
913,500489,241,1,81,486,27,75
914,893883,241,3,55,486,47,65
915,893883,241,11,66,486,47,65
916,893984,241,13,55,486,27,72
917,107606,241,13,72,486,41,88
918,631947,241,1,73,486,25,83
919,894171,241,13,73,486,41,55
920,238895,241,11,73,486,31,60
921,763357,241,11,82,486,37,74
922,894432,241,9,75,486,25,78
923,632304,241,7,70,486,41,69
924,370369,241,3,88,486,17,82
925,894931,241,11,94,486,23,64
926,632796,241,9,69,486,41,75
927,763886,241,13,91,486,37,87
928,632883,241,13,81,486,37,92
929,239764,241,13,85,486,41,87
930,501979,241,1,73,486,29,79
931,895235,241,3,85,486,43,85
932,240013,241,13,46,486,43,71
933,240013,241,17,84,486,43,71
934,633284,241,13,80,486,41,83
935,502431,241,11,81,486,37,83
936,633702,241,1,75,486,27,84
937,633871,241,7,54,486,41,90
938,764945,241,11,92,486,37,86
939,765222,241,13,68,486,37,78
940,634570,241,11,54,486,51,55
941,372449,241,11,70,486,37,90
942,765735,241,3,62,486,47,55
943,241630,241,11,61,486,37,76
944,503789,241,1,80,486,27,76
945,110586,241,1,74,486,33,74
946,110707,241,1,53,486,13,75
947,504135,241,11,66,486,31,74
948,242213,241,7,83,486,33,88
949,897601,241,1,96,486,31,95
950,504622,241,13,86,486,41,80
951,635702,241,7,89,486,53,74
952,898306,241,1,68,486,37,58
953,505132,241,13,78,486,43,52
954,112016,241,1,55,486,31,50
955,112075,241,13,62,486,43,64
956,898630,241,13,81,486,41,92
957,767576,241,1,61,486,29,56
958,112291,241,1,85,486,27,73
959,505852,241,11,79,486,43,70
960,768096,241,23,89,486,41,64
961,899194,241,27,67,486,43,44
962,768313,241,1,50,486,33,58
963,375276,241,13,32,486,51,57
964,375276,241,21,62,486,51,57
965,768598,241,11,69,486,31,83
966,375409,241,11,92,486,33,91
967,637740,241,1,86,486,37,95
968,375953,241,19,78,486,51,74
969,376323,241,11,79,486,43,76
970,114251,241,11,74,486,31,82
971,245431,241,1,58,486,27,76
972,770022,241,3,95,486,31,86
973,770031,241,11,71,486,37,43
974,770031,241,11,71,486,41,63
975,901942,241,17,72,486,47,85
976,115860,241,11,88,486,31,69
977,115908,241,13,71,486,61,66
978,771585,241,1,67,486,29,88
979,771921,241,7,83,486,43,84
980,509806,241,7,54,486,41,89
981,509806,241,13,74,486,41,89
982,116897,241,11,69,486,37,79
983,772295,241,17,84,486,37,69
984,641362,241,13,55,486,41,53
985,510310,241,1,63,486,25,67
986,641436,241,15,64,486,55,78
987,248227,241,21,81,486,41,81
988,903640,241,13,92,486,41,90
989,248346,241,13,68,486,43,69
990,772868,241,11,75,486,37,74
991,773099,241,1,72,486,33,83
992,117800,241,13,90,486,41,85
993,117876,241,11,62,486,37,82
994,511103,241,1,67,486,31,69
995,773343,241,13,83,486,41,86
996,380167,241,1,67,486,31,79
997,118092,241,3,44,486,41,65
998,118092,241,11,74,486,41,65
999,249230,241,1,79,486,27,89
1000,904836,241,15,69,486,29,52
1001,380573,241,13,83,486,41,85
1002,380611,241,11,87,486,31,73
1003,249547,241,1,50,486,23,64
1004,642974,241,11,74,486,47,84
1005,905254,241,11,80,486,37,73
1006,512112,241,1,86,486,29,89
1007,512223,241,11,92,486,31,88
1008,250100,241,7,70,486,41,87
1009,381432,241,13,61,486,47,50
1010,119688,241,13,79,486,43,61
1011,644105,241,21,70,486,41,78
1012,382062,241,7,73,486,21,90
1013,775286,241,11,63,486,31,79
1014,120050,241,3,81,486,31,67
1015,120215,241,11,78,486,43,80
1016,906699,241,13,84,486,37,67
1017,775823,241,13,74,486,41,66
1018,251596,241,7,72,486,27,74
1019,776061,241,13,76,486,43,60
1020,776139,241,17,76,486,47,81
1021,251978,241,11,57,486,37,77
1022,120936,241,11,82,486,37,85
1023,776533,241,1,68,486,21,69
1024,383404,241,9,75,486,41,51
1025,645642,241,13,84,486,27,75
1026,383570,241,9,73,486,31,67
1027,383571,241,1,70,486,29,60
1028,383689,241,13,74,486,51,75
1029,383763,241,13,86,486,41,76
1030,908120,241,21,44,486,53,55
1031,908120,241,27,70,486,53,55
1032,908134,241,11,72,486,21,89
1033,646346,241,7,86,486,21,67
1034,646445,241,9,90,486,25,85
1035,646820,241,11,57,486,51,78
1036,909032,241,11,67,486,23,72
1037,646922,241,1,83,486,27,76
1038,122665,241,11,75,486,33,68
1039,778120,241,11,76,486,31,76
1040,778399,241,7,57,486,33,62
1041,123181,241,11,82,486,31,53
1042,778643,241,17,65,486,41,38
1043,516555,241,11,89,486,31,77
1044,909980,241,11,87,486,37,75
1045,910055,241,13,69,486,41,86
1046,910200,241,7,66,486,47,83
1047,517366,241,7,78,486,23,79
1048,386310,241,1,67,486,33,80
1049,648507,241,1,66,486,31,73
1050,386471,241,13,70,486,51,74
1051,648672,241,13,90,486,43,82
1052,779772,241,3,94,486,37,90
1053,124550,241,13,75,486,41,84
1054,386823,241,17,66,486,47,56
1055,911172,241,11,96,486,47,77
1056,911260,241,11,57,486,31,66
1057,518208,241,3,67,486,31,72
1058,256091,241,11,79,486,37,59
1059,387250,241,1,87,486,27,86
1060,387277,241,13,94,486,41,86
1061,649454,241,11,81,486,43,69
1062,911783,241,11,66,486,37,64
1063,911794,241,13,50,486,41,64
1064,911863,241,11,70,486,25,59
1065,387644,241,1,70,486,33,76
1066,781031,241,11,65,486,27,71
1067,912312,241,3,61,486,33,82
1068,256970,241,11,90,486,41,84
1069,650247,241,1,65,486,23,70
1070,912408,241,11,81,486,31,75
1071,126131,241,3,56,486,41,69
1072,126314,241,11,90,486,37,68
1073,519633,241,3,70,486,43,76
1074,388581,241,1,50,486,33,89
1075,257588,241,1,90,486,25,90
1076,126524,241,1,73,486,27,65
1077,126560,241,11,80,486,31,54
1078,781922,241,13,81,486,33,67
1079,257798,241,9,79,486,41,76
1080,520067,241,1,63,486,13,69
1081,520372,241,11,65,486,37,61
1082,127344,241,1,78,486,21,89
1083,651702,241,3,99,486,33,82
1084,914167,241,7,95,486,37,91
1085,390061,241,3,95,486,31,79
1086,390335,241,19,54,486,49,56
1087,914726,241,1,59,486,29,56
1088,521525,241,11,71,486,31,63
1089,783907,241,13,80,486,41,80
1090,259654,241,13,81,486,41,92
1091,915015,241,7,77,486,33,88
1092,390839,241,11,66,486,33,68
1093,653126,241,11,75,486,43,67
1094,653133,241,13,86,486,53,78
1095,391015,241,11,82,486,31,56
1096,522108,241,11,70,486,47,78
1097,915429,241,11,43,486,37,54
1098,915429,241,23,69,486,37,54
1099,915442,241,9,75,486,19,78
1100,653399,241,11,82,486,27,78
1101,784479,241,3,73,486,31,86
1102,915646,241,1,64,486,33,68
1103,915647,241,3,72,486,41,87
1104,784675,241,13,76,486,37,86
1105,785014,241,13,76,486,43,87
1106,391956,241,1,76,486,21,79
1107,391981,241,13,86,486,41,87
1108,261000,241,3,76,486,43,83
1109,785372,241,7,93,486,27,97
1110,523428,241,13,88,486,43,93
1111,654503,241,11,71,486,37,84
1112,785631,241,1,71,486,29,75
1113,654571,241,13,82,486,43,62
1114,785788,241,11,77,486,41,65
1115,523731,241,9,71,486,29,61
1116,261605,241,11,80,486,27,88
1117,130852,241,3,79,486,33,62
1118,917303,241,13,61,486,37,57
1119,917370,241,1,71,486,21,70
1120,393110,241,1,60,486,49,56
