,StudentID,CourseNumber_x,Term_x,Grade_x,CourseNumber_y,Term_y,Grade_y
0,655430,246,27,84,341,33,72
1,131188,246,21,61,341,31,43
2,131188,246,21,61,341,33,67
3,131205,246,17,74,341,31,92
4,131252,246,21,73,341,23,67
5,917788,246,11,62,341,23,83
6,524634,246,21,73,341,33,62
7,787023,246,1,76,341,13,74
8,393886,246,17,77,341,31,73
9,918214,246,21,72,341,23,62
10,262913,246,7,82,341,21,71
11,918323,246,9,67,341,21,50
12,787281,246,17,86,341,23,82
13,787296,246,11,65,341,13,53
14,918408,246,23,82,341,37,55
15,525401,246,9,69,341,21,78
17,787766,246,11,69,341,13,80
18,656717,246,27,72,341,33,46
19,656717,246,27,72,341,41,71
20,263554,246,21,70,341,27,75
21,787843,246,7,81,341,21,60
22,394640,246,11,78,341,23,76
23,525934,246,15,66,341,21,73
24,394865,246,31,69,341,37,66
25,788210,246,15,92,341,21,100
26,526102,246,17,51,341,23,63
27,919338,246,17,75,341,23,77
28,263986,246,7,90,341,21,100
29,526165,246,13,87,341,23,99
30,657306,246,1,61,341,7,61
31,264142,246,9,80,341,11,80
32,788540,246,1,85,341,3,95
33,788547,246,17,54,341,31,64
34,788600,246,1,63,341,13,58
35,526476,246,13,67,341,21,58
36,919720,246,17,86,341,23,80
37,133520,246,21,70,341,33,50
38,395676,246,11,57,341,25,69
39,526806,246,21,69,341,27,69
40,264746,246,21,74,341,27,81
41,920196,246,21,62,341,33,60
42,527032,246,17,72,341,23,75
43,133890,246,7,74,341,21,61
44,264967,246,27,78,341,33,63
45,265106,246,7,87,341,21,97
46,265140,246,19,46,341,29,65
47,265140,246,25,65,341,29,65
48,396242,246,11,50,341,31,91
49,134110,246,17,82,341,23,90
50,920646,246,17,85,341,23,100
51,658523,246,11,84,341,17,83
52,396481,246,17,83,341,23,68
53,658701,246,9,62,341,21,55
54,789824,246,19,80,341,21,59
55,265628,246,9,79,341,21,79
56,527861,246,1,82,341,7,83
57,396798,246,21,84,341,27,78
58,396813,246,7,68,341,21,66
59,265752,246,7,75,341,21,62
60,265831,246,17,50,341,23,64
61,265956,246,17,65,341,23,68
62,397034,246,1,90,341,13,84
63,134978,246,15,79,341,29,92
64,790412,246,15,48,341,19,74
66,528297,246,21,70,341,27,75
67,266156,246,17,80,341,31,72
68,921584,246,7,76,341,21,65
69,266249,246,17,71,341,23,80
70,266350,246,9,66,341,15,68
71,266465,246,21,67,341,31,69
72,790931,246,17,70,341,23,76
73,135634,246,9,86,341,11,96
74,135654,246,7,73,341,21,73
75,266750,246,27,75,341,33,78
76,528945,246,1,75,341,11,61
77,791160,246,9,85,341,21,78
78,266931,246,11,92,341,17,90
79,398060,246,21,77,341,27,64
80,398071,246,7,73,341,27,83
81,660573,246,1,78,341,9,55
82,660594,246,21,43,341,31,54
83,660594,246,23,65,341,31,54
84,267393,246,17,92,341,41,100
85,660673,246,9,83,341,21,81
86,922902,246,15,64,341,21,75
87,136511,246,7,75,341,21,95
88,267721,246,17,90,341,31,85
89,398834,246,17,80,341,31,79
90,792065,246,21,66,341,31,72
91,136770,246,23,80,341,31,88
92,398948,246,11,74,341,13,78
93,530055,246,13,73,341,21,62
94,136858,246,13,97,341,21,83
95,923384,246,17,85,341,33,100
96,792349,246,7,80,341,21,72
97,530272,246,9,87,341,21,87
98,399262,246,11,73,341,23,50
99,661514,246,15,88,341,21,89
100,923674,246,7,71,341,15,87
101,399422,246,9,90,341,25,78
102,530559,246,15,62,341,17,81
103,792757,246,9,90,341,21,95
104,399626,246,1,73,341,15,71
105,530702,246,21,65,341,27,65
106,399758,246,13,43,341,27,60
107,399758,246,17,50,341,27,60
108,530835,246,21,74,341,25,68
109,399788,246,7,74,341,21,74
110,924089,246,13,74,341,27,32
111,924089,246,13,74,341,47,64
112,530912,246,11,78,341,39,71
113,662040,246,13,92,341,21,100
114,530998,246,9,83,341,25,75
115,269007,246,23,77,341,37,71
116,137990,246,27,77,341,33,76
117,924461,246,17,84,341,31,75
118,924489,246,13,62,341,27,70
119,793475,246,7,69,341,21,50
120,793596,246,17,83,341,23,80
121,138275,246,21,61,341,47,54
122,793641,246,19,81,341,31,77
123,138354,246,9,87,341,21,63
124,531595,246,1,80,341,13,50
125,400629,246,23,62,341,31,60
126,924921,246,17,73,341,23,67
127,531706,246,21,79,341,33,63
128,925098,246,9,67,341,19,77
129,531965,246,21,52,341,27,36
130,531965,246,21,52,341,33,57
131,925225,246,17,60,341,23,62
132,138796,246,7,81,341,21,83
133,794158,246,1,77,341,21,58
134,532023,246,15,71,341,19,64
135,400974,246,7,71,341,21,88
136,138858,246,21,76,341,41,67
137,269954,246,21,50,341,27,52
138,794306,246,17,81,341,23,71
139,663311,246,17,82,341,31,79
140,794400,246,21,46,341,33,62
141,794400,246,27,68,341,33,62
142,794432,246,7,66,341,21,70
143,794618,246,1,81,341,13,67
144,401438,246,9,87,341,21,91
145,139307,246,21,46,341,31,63
146,139307,246,23,73,341,31,63
147,401612,246,21,69,341,33,61
148,925909,246,11,86,341,13,77
149,663821,246,15,81,341,29,75
150,532779,246,13,75,341,21,86
151,532789,246,9,73,341,29,71
152,270650,246,13,70,341,27,75
153,794942,246,1,79,341,21,67
154,795053,246,3,75,341,11,56
155,532935,246,13,72,341,17,68
156,795093,246,17,82,341,23,66
157,139739,246,13,80,341,23,70
158,139773,246,21,88,341,31,87
159,270850,246,3,79,341,11,67
160,401989,246,17,78,341,23,69
161,139927,246,27,78,341,33,59
162,664243,246,21,85,341,33,58
163,795318,246,7,69,341,21,69
164,664346,246,21,60,341,33,55
165,533296,246,27,73,341,41,76
167,795564,246,9,63,341,21,41
168,795564,246,9,63,341,39,67
169,533465,246,15,75,341,29,86
170,271379,246,21,78,341,33,81
171,271472,246,13,70,341,21,70
172,533628,246,17,74,341,31,66
173,795779,246,7,72,341,13,50
174,533682,246,7,78,341,27,61
175,140472,246,1,82,341,11,85
176,664766,246,17,81,341,31,67
177,140592,246,7,77,341,13,70
178,795984,246,7,67,341,21,50
179,664915,246,1,90,341,3,79
180,140636,246,17,80,341,37,88
181,271716,246,31,78,341,41,77
182,533877,246,1,79,341,21,54
183,927188,246,17,62,341,41,74
184,927348,246,13,75,341,27,60
185,796293,246,17,74,341,31,93
186,140941,246,9,66,341,15,70
187,796317,246,11,75,341,23,75
188,272064,246,21,69,341,27,75
189,403160,246,17,76,341,23,76
190,272139,246,7,70,341,21,52
191,534333,246,21,79,341,23,53
192,534339,246,9,70,341,21,60
193,403305,246,7,68,341,13,57
194,403316,246,17,60,341,31,67
195,927632,246,15,75,341,19,62
196,272299,246,19,68,341,21,60
197,403404,246,9,83,341,15,72
198,403411,246,21,66,341,27,71
199,927785,246,21,65,341,27,39
200,927785,246,21,65,341,33,50
202,403527,246,9,87,341,19,86
203,534603,246,17,87,341,23,77
204,927823,246,27,73,341,33,61
205,534620,246,23,82,341,31,50
206,403610,246,7,77,341,21,67
207,403623,246,21,80,341,27,42
208,403623,246,21,80,341,33,22
209,403679,246,21,87,341,33,98
210,141575,246,1,68,341,11,45
211,141575,246,1,68,341,19,75
212,272678,246,13,69,341,27,53
213,403860,246,21,74,341,33,59
214,272814,246,17,87,341,31,96
215,928186,246,7,70,341,21,79
216,141833,246,7,82,341,21,86
217,404037,246,13,88,341,21,90
218,928379,246,13,77,341,27,78
219,273106,246,15,81,341,25,80
220,928493,246,13,70,341,27,61
221,404241,246,1,65,341,15,56
222,273177,246,21,71,341,27,72
223,797465,246,21,73,341,33,79
224,273411,246,19,73,341,21,71
225,797723,246,17,88,341,31,89
226,535593,246,7,62,341,21,64
227,535638,246,13,68,341,21,80
228,666747,246,7,78,341,17,73
229,273575,246,11,87,341,23,77
230,535722,246,1,71,341,13,50
231,666823,246,17,66,341,31,68
232,404743,246,17,83,341,31,95
233,142656,246,21,67,341,33,83
234,142701,246,17,59,341,33,59
235,798141,246,1,65,341,13,62
236,536105,246,21,82,341,33,79
237,273977,246,21,82,341,27,92
238,142952,246,21,77,341,27,67
239,143030,246,23,50,341,41,58
240,667372,246,21,93,341,33,69
241,536307,246,11,61,341,17,90
242,143106,246,27,73,341,33,50
243,667437,246,7,83,341,21,88
244,143180,246,27,50,341,31,41
245,798583,246,17,60,341,23,58
246,929662,246,1,88,341,13,90
247,405442,246,23,77,341,37,73
248,929778,246,17,84,341,31,58
249,143436,246,17,80,341,31,72
250,143461,246,9,61,341,21,58
251,929911,246,21,70,341,27,78
252,798862,246,17,83,341,21,57
253,143517,246,11,68,341,19,74
254,930012,246,17,82,341,31,78
255,798966,246,17,73,341,23,73
256,274686,246,21,67,341,37,79
257,930059,246,21,83,341,27,54
258,667935,246,23,68,341,37,29
259,274882,246,27,71,341,33,83
260,799263,246,17,82,341,23,80
261,799305,246,27,73,341,33,73
262,143989,246,17,61,341,43,66
263,144003,246,13,73,341,27,70
264,930463,246,7,81,341,11,79
265,930464,246,23,80,341,31,73
266,537387,246,21,74,341,27,58
267,799627,246,13,79,341,21,83
268,144275,246,11,78,341,21,85
269,799649,246,7,77,341,21,72
270,537542,246,13,79,341,23,78
271,275464,246,21,75,341,27,73
272,406619,246,21,73,341,33,67
273,537736,246,7,70,341,21,65
274,668864,246,17,51,341,27,66
275,800073,246,17,78,341,23,67
276,669024,246,17,70,341,23,77
277,275913,246,1,69,341,7,67
278,931291,246,13,87,341,23,98
279,275968,246,13,70,341,21,78
280,275984,246,21,48,341,27,40
281,275984,246,25,68,341,27,40
282,144975,246,17,68,341,23,61
283,538191,246,21,89,341,33,82
284,538243,246,17,70,341,21,69
285,276104,246,7,70,341,21,58
286,145077,246,9,83,341,31,78
287,276171,246,11,89,341,21,56
288,538370,246,13,71,341,21,65
289,800535,246,21,86,341,27,83
290,276256,246,13,50,341,21,66
291,800560,246,11,63,341,19,56
293,800610,246,13,71,341,21,58
294,669558,246,17,79,341,23,73
295,145284,246,21,68,341,23,70
296,931738,246,17,92,341,23,65
297,538625,246,11,71,341,13,74
298,669744,246,17,73,341,23,42
299,669744,246,17,73,341,33,51
300,407676,246,21,73,341,27,77
301,931980,246,3,85,341,11,75
302,932001,246,21,81,341,37,92
303,669968,246,17,72,341,31,50
304,932347,246,13,70,341,21,71
305,277011,246,21,54,341,27,80
306,932437,246,21,80,341,33,87
307,408158,246,1,79,341,7,79
308,801399,246,9,68,341,21,71
309,146062,246,11,83,341,17,64
310,801457,246,11,59,341,13,44
311,801457,246,11,59,341,41,71
312,670549,246,9,80,341,19,95
313,539567,246,27,80,341,33,70
314,670640,246,1,74,341,13,52
315,670702,246,13,85,341,27,86
316,146442,246,1,72,341,7,66
317,932939,246,1,69,341,21,51
318,277600,246,1,76,341,13,67
319,670826,246,21,72,341,33,43
320,670826,246,21,72,341,41,34
321,146581,246,7,79,341,21,100
322,146601,246,11,69,341,21,52
323,933068,246,19,70,341,45,86
324,539975,246,7,79,341,13,73
325,671191,246,21,84,341,33,83
326,933353,246,17,83,341,23,96
327,671211,246,17,50,341,23,66
328,278032,246,27,91,341,33,83
329,933410,246,17,82,341,31,76
330,802383,246,21,73,341,33,79
331,671320,246,1,76,341,23,59
332,409288,246,7,84,341,11,83
333,802568,246,3,81,341,13,69
334,671542,246,17,68,341,31,90
336,671697,246,15,79,341,29,64
337,409608,246,13,59,341,23,58
338,671850,246,15,85,341,21,66
339,540811,246,17,60,341,23,59
340,409786,246,1,74,341,7,62
341,278894,246,11,80,341,23,91
342,672162,246,27,76,341,33,87
343,672188,246,21,80,341,27,66
344,279009,246,29,56,341,41,57
345,279009,246,31,79,341,41,57
346,803347,246,17,84,341,31,72
347,148002,246,21,80,341,27,73
348,410195,246,3,78,341,11,100
349,934488,246,17,87,341,23,79
350,279140,246,17,73,341,31,73
351,410216,246,1,82,341,13,59
352,803496,246,27,56,341,41,69
353,541367,246,13,81,341,33,57
354,934598,246,15,70,341,29,33
355,148179,246,13,68,341,23,42
356,148179,246,13,68,341,27,59
357,803542,246,7,80,341,21,69
358,803613,246,43,80,341,51,55
359,541536,246,7,85,341,21,65
360,410494,246,11,70,341,27,68
361,410514,246,13,62,341,23,89
362,148423,246,21,85,341,33,81
364,541730,246,21,79,341,33,67
365,148585,246,1,75,341,3,46
366,148585,246,1,75,341,13,77
367,148647,246,7,78,341,21,77
368,804026,246,21,88,341,27,75
369,672977,246,13,74,341,23,54
370,673036,246,17,86,341,23,92
371,542140,246,25,63,341,31,65
372,148951,246,1,81,341,3,86
373,673282,246,7,69,341,23,81
374,149016,246,21,79,341,25,59
375,935517,246,9,94,341,21,77
376,804514,246,17,69,341,37,65
377,280343,246,29,67,341,41,54
378,280349,246,21,70,341,35,64
379,542509,246,7,71,341,21,57
380,149299,246,9,65,341,31,61
381,411554,246,17,71,341,31,79
382,935908,246,19,63,341,25,61
383,149559,246,7,79,341,21,84
384,149604,246,21,69,341,27,70
385,411831,246,27,64,341,33,62
386,542945,246,21,68,341,33,66
387,542953,246,21,61,341,33,56
388,280810,246,21,65,341,27,85
389,805149,246,21,87,341,27,62
390,280876,246,11,79,341,21,72
391,280945,246,7,71,341,23,57
392,805252,246,21,80,341,31,58
393,674212,246,13,67,341,17,72
394,936396,246,17,81,341,31,74
395,674288,246,21,73,341,23,56
396,674299,246,21,87,341,23,72
397,543267,246,17,86,341,31,84
398,150060,246,25,55,341,27,50
399,936566,246,1,82,341,7,73
400,936571,246,1,80,341,21,71
401,674495,246,25,51,341,29,71
402,150281,246,21,56,341,27,54
403,936796,246,3,71,341,13,71
404,543740,246,3,85,341,13,91
405,805911,246,17,67,341,31,68
406,150594,246,1,72,341,13,74
407,543870,246,17,73,341,23,66
408,937107,246,7,75,341,21,54
409,675007,246,17,76,341,23,73
410,675020,246,27,80,341,31,87
411,544112,246,17,59,341,23,69
412,150906,246,21,67,341,33,54
413,806285,246,17,68,341,23,64
414,544250,246,21,73,341,27,72
415,675371,246,19,66,341,21,72
416,282169,246,17,81,341,31,87
417,937616,246,33,71,341,37,40
418,937616,246,33,71,341,43,63
419,151211,246,13,57,341,23,69
420,282296,246,21,50,341,27,58
421,282296,246,23,68,341,27,58
422,544465,246,9,69,341,19,63
423,937729,246,7,75,341,23,91
424,937875,246,15,56,341,35,79
425,675865,246,13,64,341,27,67
426,544800,246,11,97,341,21,100
427,544834,246,19,74,341,21,78
428,675947,246,7,79,341,23,71
429,151689,246,21,62,341,27,83
430,544952,246,3,52,341,13,71
431,938326,246,21,81,341,27,80
432,545134,246,21,76,341,23,79
433,283011,246,7,78,341,13,65
434,938497,246,1,90,341,21,65
435,283238,246,1,81,341,15,72
436,414313,246,1,88,341,15,98
437,676457,246,13,70,341,21,75
438,283256,246,11,37,341,13,59
440,807636,246,27,82,341,33,65
441,283452,246,11,91,341,21,76
442,414539,246,15,88,341,29,97
443,283569,246,13,60,341,23,57
444,152510,246,21,72,341,23,56
445,283750,246,9,70,341,15,61
446,152740,246,19,73,341,29,72
447,283841,246,13,72,341,21,64
448,808153,246,21,74,341,23,44
449,808153,246,21,74,341,27,70
450,677095,246,11,64,341,15,59
451,808173,246,13,74,341,27,54
452,808177,246,17,62,341,23,67
453,939316,246,13,66,341,23,68
454,939437,246,21,78,341,27,80
455,939574,246,17,50,341,23,79
456,677437,246,13,73,341,21,79
457,284222,246,7,71,341,21,53
458,284233,246,1,77,341,7,66
459,677618,246,17,81,341,23,81
460,939762,246,1,74,341,9,84
461,546579,246,33,65,341,37,53
462,415529,246,17,73,341,31,65
463,284521,246,13,72,341,27,75
464,939882,246,17,72,341,31,72
465,153499,246,21,65,341,27,78
466,808900,246,13,87,341,21,83
467,940068,246,13,88,341,27,82
468,284731,246,9,81,341,15,53
469,153736,246,17,79,341,23,79
470,415986,246,19,70,341,31,73
471,809226,246,27,80,341,33,62
472,284991,246,21,78,341,27,70
473,416069,246,1,82,341,21,67
474,285019,246,7,83,341,21,71
475,547192,246,21,79,341,33,81
476,154029,246,23,83,341,31,84
477,416222,246,17,68,341,23,50
478,809553,246,17,72,341,23,62
479,285269,246,27,63,341,41,56
480,154198,246,15,70,341,21,65
481,940774,246,7,70,341,13,71
482,809759,246,1,76,341,13,45
483,809759,246,1,76,341,21,62
484,416608,246,21,83,341,31,82
485,285602,246,1,82,341,13,66
486,154672,246,21,76,341,33,68
487,679013,246,27,37,341,41,43
489,285873,246,7,68,341,21,78
490,941245,246,17,59,341,31,50
491,810198,246,7,70,341,21,61
492,154962,246,9,72,341,21,75
493,679394,246,17,66,341,33,50
494,286285,246,21,60,341,27,68
495,810574,246,21,76,341,33,69
496,417409,246,21,66,341,33,56
497,810736,246,17,83,341,23,70
498,417524,246,21,76,341,27,52
499,286551,246,21,71,341,27,63
500,155496,246,21,78,341,33,71
501,286600,246,11,58,341,15,72
502,942002,246,11,84,341,31,85
503,679954,246,17,69,341,21,77
504,155674,246,15,79,341,17,86
505,417896,246,21,81,341,33,72
506,417900,246,1,87,341,13,72
507,942196,246,17,92,341,23,100
508,942283,246,7,72,341,21,61
509,549082,246,11,91,341,23,84
510,418078,246,15,83,341,29,85
511,287048,246,17,80,341,23,64
512,942524,246,21,71,341,31,80
513,418293,246,17,61,341,31,28
514,811535,246,21,70,341,33,50
515,549442,246,1,74,341,3,46
516,549442,246,1,74,341,7,68
517,549481,246,21,79,341,27,75
518,942758,246,3,72,341,11,37
519,942758,246,3,72,341,17,58
520,418491,246,13,66,341,31,43
521,811750,246,3,75,341,7,67
522,811800,246,9,77,341,21,79
523,418643,246,17,46,341,33,95
524,418643,246,27,72,341,33,95
525,680809,246,11,88,341,17,91
526,418755,246,21,72,341,33,65
527,943075,246,17,87,341,31,100
528,943077,246,7,79,341,21,89
529,549899,246,9,86,341,15,91
530,549939,246,17,66,341,23,50
531,287896,246,13,70,341,57,94
532,419004,246,17,66,341,31,68
533,287964,246,13,52,341,27,26
534,287964,246,13,52,341,33,38
535,287964,246,13,52,341,41,70
536,287987,246,21,82,341,33,89
537,287990,246,17,88,341,43,52
538,550182,246,31,62,341,41,65
539,943538,246,17,72,341,27,64
540,550330,246,17,50,341,23,52
541,288191,246,17,70,341,23,64
542,550368,246,15,91,341,21,99
543,419303,246,21,79,341,33,51
544,419311,246,7,60,341,11,51
545,943619,246,1,77,341,13,78
546,681537,246,15,79,341,21,82
547,157271,246,11,88,341,23,78
548,288426,246,17,55,341,23,51
549,812729,246,11,90,341,17,100
550,157391,246,21,75,341,23,58
551,681731,246,37,53,341,57,62
552,681802,246,13,81,341,27,84
553,943989,246,21,58,341,27,54
554,943990,246,17,80,341,33,69
555,288636,246,21,86,341,27,100
556,944088,246,17,84,341,31,98
557,157683,246,21,62,341,31,65
558,550899,246,11,81,341,21,81
559,944116,246,13,50,341,23,50
560,157739,246,3,71,341,13,77
561,419973,246,13,75,341,27,91
562,288910,246,15,67,341,25,59
563,157976,246,7,83,341,21,76
564,158040,246,13,80,341,21,69
565,158128,246,21,81,341,33,64
566,158133,246,13,64,341,33,74
567,813779,246,17,71,341,21,83
568,420631,246,17,88,341,31,77
569,551747,246,7,62,341,21,84
570,551784,246,21,60,341,23,72
571,289655,246,13,95,341,21,67
572,551818,246,13,58,341,31,42
573,158683,246,13,87,341,21,80
574,158753,246,17,80,341,23,55
575,683125,246,11,52,341,21,50
576,289966,246,11,75,341,19,52
577,552151,246,23,69,341,31,50
578,159051,246,9,86,341,15,83
579,814702,246,11,82,341,17,76
580,421562,246,17,78,341,31,61
581,290499,246,23,70,341,41,80
582,945985,246,7,70,341,21,60
583,945996,246,27,70,341,43,79
584,159646,246,1,69,341,7,74
585,683941,246,17,85,341,31,68
586,946112,246,9,91,341,21,81
587,946160,246,17,85,341,31,59
588,290808,246,17,63,341,23,70
589,684112,246,13,72,341,33,58
590,553068,246,27,72,341,33,64
591,684191,246,7,69,341,17,78
592,684225,246,17,64,341,23,57
593,159949,246,21,82,341,33,42
594,159949,246,21,82,341,37,53
595,422108,246,21,65,341,33,74
596,160205,246,17,73,341,23,50
597,160211,246,7,83,341,21,52
598,815657,246,15,78,341,21,79
599,684587,246,7,73,341,21,75
600,815672,246,11,73,341,23,30
601,815672,246,11,73,341,31,78
602,684720,246,17,56,341,23,51
603,553777,246,13,83,341,23,87
604,947036,246,9,70,341,19,67
605,553831,246,21,63,341,27,78
606,291758,246,21,64,341,33,68
607,947140,246,27,77,341,41,56
608,685019,246,3,63,341,17,58
609,685033,246,3,66,341,11,73
610,291891,246,33,91,341,41,76
611,422983,246,11,82,341,23,96
612,816273,246,19,70,341,21,62
613,160927,246,11,65,341,21,64
614,685254,246,17,78,341,23,61
615,947403,246,13,72,341,21,73
616,947423,246,31,80,341,37,95
617,685309,246,17,81,341,23,74
618,685338,246,11,95,341,23,85
619,816449,246,9,80,341,21,90
620,947543,246,13,72,341,21,86
621,947692,246,17,77,341,21,59
622,947724,246,21,81,341,33,74
623,685662,246,1,79,341,21,69
624,292516,246,27,79,341,31,57
625,554702,246,23,86,341,33,95
626,161520,246,13,76,341,23,67
627,423722,246,15,53,341,21,50
628,685995,246,9,74,341,21,85
629,423917,246,11,72,341,23,57
630,423961,246,11,65,341,19,42
631,423961,246,11,65,341,25,64
632,292930,246,27,82,341,33,70
633,161887,246,17,75,341,31,85
634,424289,246,1,88,341,13,82
635,424300,246,17,75,341,23,63
636,948648,246,9,81,341,21,75
637,555508,246,15,84,341,21,75
638,424473,246,21,86,341,33,72
639,948783,246,13,82,341,21,63
640,424529,246,9,77,341,21,75
641,686674,246,21,88,341,27,83
642,817796,246,13,59,341,27,56
643,293511,246,27,77,341,33,73
644,162450,246,17,84,341,31,89
645,817852,246,1,77,341,15,67
646,162604,246,17,80,341,23,74
647,555885,246,1,45,341,23,66
648,555885,246,3,70,341,23,66
649,424866,246,17,74,341,23,84
650,818143,246,13,78,341,23,80
651,818164,246,17,73,341,21,74
652,949298,246,21,70,341,27,55
653,162883,246,17,78,341,31,38
654,162883,246,17,78,341,37,50
655,163053,246,17,60,341,23,61
656,687361,246,21,66,341,31,50
657,556331,246,9,73,341,19,80
658,294200,246,21,82,341,27,80
659,425297,246,11,77,341,21,67
660,818549,246,21,74,341,33,63
661,818566,246,17,88,341,21,84
662,425378,246,11,73,341,23,67
663,294591,246,9,72,341,25,52
665,950086,246,7,85,341,13,62
666,163687,246,17,81,341,31,52
667,819070,246,13,77,341,21,61
668,425896,246,13,53,341,27,50
669,425924,246,3,72,341,13,89
670,163852,246,21,78,341,41,63
671,426025,246,21,88,341,27,84
672,426055,246,17,86,341,23,96
673,295038,246,13,68,341,23,59
674,950474,246,17,68,341,23,76
675,950563,246,21,79,341,27,76
676,557475,246,1,70,341,13,45
677,557475,246,1,70,341,17,63
678,295424,246,17,86,341,31,77
679,688654,246,11,46,341,21,58
680,688654,246,17,65,341,21,58
681,164440,246,13,76,341,17,78
682,950922,246,21,77,341,31,95
683,164514,246,17,69,341,21,69
684,819879,246,9,75,341,15,67
685,950975,246,13,75,341,27,78
686,426693,246,31,71,341,43,66
687,820009,246,7,80,341,21,63
688,164711,246,17,70,341,23,46
689,164711,246,17,70,341,27,50
690,164726,246,27,71,341,33,52
691,689026,246,13,78,341,21,98
692,689050,246,17,84,341,31,100
693,951256,246,21,81,341,27,88
694,689285,246,1,74,341,11,87
695,820372,246,11,66,341,17,57
696,427170,246,17,81,341,23,93
697,689328,246,1,76,341,13,73
698,689339,246,9,75,341,15,50
699,427251,246,21,85,341,31,90
700,296334,246,17,73,341,31,57
701,165313,246,17,67,341,31,67
702,165373,246,7,75,341,21,58
703,951816,246,19,64,341,25,84
704,165391,246,17,78,341,23,66
705,689685,246,13,78,341,21,76
706,558618,246,21,89,341,27,77
707,165431,246,17,83,341,23,60
708,820800,246,9,55,341,25,60
709,165540,246,23,63,341,31,61
710,820912,246,9,65,341,21,87
711,165577,246,27,72,341,43,71
712,689890,246,17,78,341,23,65
713,296695,246,17,88,341,23,67
714,821068,246,3,71,341,13,100
715,558977,246,1,71,341,15,67
716,296865,246,25,77,341,29,91
717,427950,246,23,57,341,33,53
718,165826,246,21,87,341,27,64
719,428007,246,17,75,341,23,88
720,690183,246,15,70,341,21,67
721,165964,246,27,69,341,41,64
722,166012,246,1,72,341,7,70
723,952494,246,7,73,341,21,72
724,559393,246,17,97,341,31,100
725,952639,246,7,81,341,17,82
726,297285,246,17,75,341,31,59
727,821800,246,7,86,341,21,80
729,821810,246,21,90,341,33,100
730,952972,246,7,67,341,13,60
731,297685,246,17,78,341,23,83
732,690974,246,13,66,341,31,68
733,822137,246,17,73,341,31,50
734,297917,246,21,96,341,27,99
735,429001,246,7,59,341,11,59
736,822260,246,17,68,341,23,69
737,691350,246,21,64,341,33,50
738,691350,246,21,64,341,41,59
739,691359,246,13,72,341,21,60
740,298316,246,17,74,341,25,69
741,167249,246,11,91,341,17,100
742,691539,246,17,44,341,31,72
743,691539,246,21,61,341,31,72
744,429401,246,7,63,341,13,57
745,822670,246,9,78,341,21,84
746,691665,246,17,60,341,23,68
747,822820,246,1,73,341,9,67
748,429612,246,23,74,341,31,67
749,429633,246,15,87,341,29,100
750,822875,246,11,76,341,23,77
751,298607,246,9,82,341,21,67
752,429712,246,17,76,341,31,61
753,954006,246,7,69,341,17,77
754,823053,246,27,67,341,33,61
755,954248,246,11,93,341,23,90
756,561100,246,29,54,341,31,67
757,430084,246,21,80,341,27,86
758,823350,246,11,82,341,17,73
759,954446,246,15,72,341,29,78
761,692363,246,21,95,341,27,67
762,168125,246,13,81,341,23,94
763,954629,246,21,81,341,23,71
764,299287,246,21,72,341,27,63
765,430402,246,13,89,341,21,89
766,954700,246,9,75,341,21,65
767,692679,246,3,79,341,11,59
768,299531,246,21,90,341,27,98
769,430643,246,13,86,341,27,86
770,168500,246,21,69,341,27,46
771,168500,246,21,69,341,33,69
772,823887,246,23,75,341,27,65
773,430725,246,15,79,341,21,50
774,693007,246,13,69,341,23,55
775,168888,246,21,87,341,27,90
776,169136,246,9,61,341,19,37
777,169136,246,9,61,341,21,50
778,169136,246,9,61,341,31,58
779,693452,246,21,80,341,27,80
780,169231,246,37,53,341,43,58
781,300369,246,13,67,341,21,54
782,562572,246,17,73,341,23,56
783,955808,246,13,78,341,27,75
784,169401,246,17,75,341,23,55
785,693742,246,3,75,341,13,78
786,693823,246,17,92,341,31,92
787,824996,246,21,81,341,33,82
788,562886,246,21,94,341,33,89
789,694043,246,21,72,341,27,77
790,169763,246,1,76,341,15,56
791,169772,246,21,74,341,27,80
792,956230,246,15,76,341,25,57
793,432010,246,17,82,341,23,82
794,169987,246,27,59,341,41,62
795,563222,246,23,67,341,43,74
796,563252,246,11,62,341,23,66
797,170058,246,13,81,341,21,56
798,432215,246,21,63,341,23,28
799,432215,246,21,63,341,57,29
800,432224,246,13,89,341,27,94
801,563305,246,17,55,341,31,72
802,432265,246,17,72,341,23,69
803,694446,246,21,71,341,33,73
804,170256,246,7,84,341,15,80
805,170258,246,1,72,341,7,74
806,563507,246,17,77,341,23,70
807,694658,246,21,73,341,25,52
808,432556,246,7,81,341,21,73
809,301520,246,1,85,341,7,85
810,432621,246,9,65,341,15,88
811,694809,246,13,75,341,23,74
813,825960,246,1,65,341,13,83
814,170677,246,21,71,341,27,74
815,432822,246,11,89,341,31,72
816,170690,246,7,86,341,13,95
817,563916,246,23,63,341,47,73
818,170728,246,13,64,341,21,66
819,170904,246,21,76,341,33,62
820,695597,246,1,81,341,3,79
821,433484,246,1,87,341,3,89
822,433493,246,13,76,341,21,73
823,171363,246,11,96,341,21,100
824,302482,246,1,88,341,11,73
825,564635,246,13,77,341,17,97
826,957989,246,1,84,341,11,52
827,302788,246,7,80,341,17,71
828,564970,246,21,84,341,27,77
829,696053,246,3,78,341,21,66
830,958197,246,17,63,341,31,90
831,434052,246,17,59,341,23,68
832,958344,246,17,95,341,31,82
833,434075,246,1,79,341,13,77
834,565332,246,19,80,341,21,57
835,172214,246,13,77,341,27,50
836,434487,246,17,75,341,23,68
837,827715,246,21,83,341,33,74
838,827970,246,21,81,341,31,95
839,959110,246,17,82,341,31,79
840,172708,246,15,79,341,21,78
841,828144,246,17,91,341,23,91
842,303880,246,1,93,341,13,88
843,828202,246,15,60,341,19,63
844,303936,246,1,78,341,13,56
845,828267,246,17,58,341,23,51
846,959339,246,21,58,341,27,71
847,828405,246,17,57,341,31,71
848,304120,246,13,77,341,21,64
849,173087,246,25,60,341,31,68
850,697577,246,11,80,341,31,100
852,173329,246,17,92,341,23,100
853,304558,246,21,60,341,27,57
854,566705,246,27,61,341,47,35
855,566705,246,27,61,341,51,43
856,566705,246,27,61,341,53,55
857,959934,246,21,81,341,27,74
858,304578,246,7,74,341,21,70
859,435670,246,17,91,341,27,96
860,959987,246,31,55,341,37,57
861,435703,246,17,80,341,23,93
862,697896,246,17,89,341,23,87
863,828971,246,21,92,341,33,68
864,566862,246,3,72,341,13,84
865,304800,246,33,71,341,41,70
866,173740,246,29,46,341,41,43
867,173740,246,29,46,341,55,43
869,173740,246,41,57,341,55,43
870,304838,246,11,76,341,23,70
871,305072,246,13,100,341,27,98
872,305087,246,17,51,341,31,62
873,960530,246,21,73,341,27,74
874,174206,246,21,85,341,27,92
875,829762,246,9,73,341,19,79
876,567658,246,17,70,341,31,80
877,829866,246,17,83,341,23,77
878,567813,246,13,71,341,21,72
879,830000,246,7,74,341,21,85
880,436839,246,17,54,341,31,66
881,305770,246,23,68,341,43,61
882,961292,246,23,74,341,31,67
883,305970,246,17,80,341,23,95
884,961343,246,9,65,341,21,66
885,961399,246,13,83,341,21,86
886,699303,246,17,90,341,23,92
887,699310,246,21,70,341,33,80
888,306113,246,21,76,341,33,83
889,306136,246,1,88,341,13,55
890,175111,246,17,57,341,25,59
891,568353,246,27,53,341,41,63
892,961568,246,21,66,341,31,54
893,830585,246,17,88,341,23,98
894,568477,246,21,77,341,27,78
895,961782,246,17,85,341,31,53
896,437503,246,19,70,341,25,71
897,699709,246,15,86,341,27,64
898,830783,246,23,73,341,33,68
899,568680,246,41,68,341,51,51
900,437619,246,17,77,341,31,94
901,568698,246,11,79,341,31,100
902,175488,246,27,60,341,41,59
903,961965,246,21,65,341,31,59
904,175584,246,7,75,341,21,80
905,306678,246,17,74,341,31,62
906,437764,246,21,77,341,33,81
907,437785,246,21,83,341,27,86
908,175686,246,17,82,341,27,100
909,175724,246,13,82,341,17,52
911,306840,246,17,63,341,31,53
912,831219,246,21,59,341,25,64
913,306962,246,17,80,341,23,72
914,175970,246,11,74,341,17,74
915,962421,246,9,82,341,21,57
917,831534,246,21,91,341,27,94
918,569396,246,21,72,341,27,68
919,700539,246,5,61,341,7,70
920,438427,246,21,65,341,33,64
921,700582,246,11,65,341,23,69
922,831705,246,13,80,341,27,75
923,831735,246,9,58,341,21,71
924,569621,246,23,79,341,33,71
925,831941,246,13,85,341,27,90
926,963029,246,9,82,341,21,80
927,176665,246,17,57,341,31,58
928,569944,246,15,84,341,19,71
929,832180,246,13,73,341,21,63
930,307903,246,21,46,341,27,58
931,307903,246,23,64,341,27,58
932,832304,246,21,71,341,27,74
933,701263,246,13,70,341,27,59
934,832340,246,21,83,341,23,70
935,963412,246,7,75,341,21,45
936,963412,246,7,75,341,27,71
937,963543,246,1,78,341,7,64
938,439308,246,13,68,341,23,40
939,570398,246,17,84,341,31,84
940,177270,246,17,87,341,23,73
941,570491,246,25,77,341,31,80
942,177303,246,7,85,341,21,84
943,963760,246,21,70,341,33,70
944,177333,246,19,51,341,29,58
945,963785,246,13,79,341,31,86
946,308503,246,1,71,341,21,68
947,177445,246,11,69,341,21,59
948,308855,246,21,80,341,33,86
949,439930,246,11,77,341,17,73
950,177847,246,1,65,341,19,58
951,833210,246,7,73,341,21,77
952,702161,246,17,63,341,31,54
953,702201,246,7,81,341,21,66
954,309029,246,17,78,341,31,77
955,440275,246,1,82,341,7,74
956,833590,246,31,71,341,47,43
957,702533,246,17,76,341,31,54
958,178264,246,13,83,341,33,56
959,440425,246,13,80,341,27,70
960,571620,246,17,91,341,31,93
961,178415,246,21,93,341,33,81
962,964944,246,13,68,341,31,75
963,964997,246,13,54,341,17,67
964,702855,246,21,88,341,27,95
965,571796,246,13,70,341,27,64
966,178609,246,21,41,341,25,54
969,571993,246,11,88,341,13,97
970,440941,246,3,70,341,11,86
971,309903,246,21,65,341,27,70
972,309996,246,9,71,341,21,72
973,572145,246,21,76,341,33,51
974,572231,246,9,95,341,15,87
975,310162,246,9,81,341,15,73
976,703675,246,17,80,341,21,70
977,965848,246,17,82,341,23,80
978,965887,246,21,73,341,33,46
979,703751,246,21,78,341,33,69
980,310609,246,9,89,341,21,58
981,179629,246,17,85,341,23,73
982,441836,246,21,66,341,27,71
983,966157,246,19,59,341,41,60
984,180024,246,21,82,341,27,85
985,835449,246,21,79,341,31,71
986,311218,246,31,64,341,43,60
987,442320,246,25,67,341,31,78
988,442324,246,21,63,341,37,71
989,835564,246,21,74,341,33,66
990,966693,246,13,66,341,17,63
991,442466,246,15,72,341,29,51
992,835703,246,15,89,341,21,96
993,311502,246,1,53,341,15,64
994,704802,246,17,55,341,31,40
995,966950,246,21,77,341,33,81
996,704831,246,21,65,341,33,79
997,180559,246,13,46,341,23,43
998,180559,246,13,46,341,33,70
999,180559,246,17,63,341,23,43
1000,180559,246,17,63,341,33,70
1001,573779,246,19,67,341,35,8
1002,573779,246,19,67,341,39,75
1003,180625,246,13,89,341,21,100
1004,836084,246,3,76,341,7,67
1005,311798,246,13,90,341,21,98
1006,311842,246,7,82,341,21,67
1007,967238,246,7,71,341,27,74
1008,442954,246,1,79,341,9,60
1009,574051,246,9,79,341,21,82
1010,967409,246,21,46,341,33,46
1011,967409,246,21,46,341,41,73
1012,967409,246,23,66,341,33,46
1013,967409,246,23,66,341,41,73
1014,967473,246,1,87,341,7,95
1015,967500,246,43,70,341,51,60
1016,312164,246,17,70,341,23,75
1017,967564,246,1,74,341,13,50
1018,967592,246,9,96,341,15,91
1019,181332,246,21,91,341,27,65
1020,574548,246,11,76,341,15,63
1021,574663,246,9,71,341,21,70
1022,705758,246,13,87,341,23,93
1023,574721,246,11,79,341,19,40
1024,443657,246,13,72,341,21,68
1025,181527,246,1,67,341,7,69
1026,574772,246,11,74,341,21,69
1027,443708,246,13,80,341,23,82
1028,836955,246,27,81,341,33,72
1029,181758,246,1,56,341,15,62
1030,181761,246,33,51,341,37,42
1031,181761,246,33,51,341,41,57
1032,837135,246,21,86,341,27,72
1033,968270,246,1,83,341,13,75
1034,313006,246,13,74,341,33,69
1035,837314,246,17,66,341,31,64
1036,837331,246,13,70,341,33,58
1037,313105,246,21,78,341,31,58
1038,313361,246,3,81,341,7,87
1039,575590,246,1,90,341,21,90
1040,575695,246,17,81,341,31,73
1041,313567,246,7,72,341,21,72
1042,706794,246,13,82,341,21,64
1043,313726,246,7,64,341,21,62
1044,313781,246,17,80,341,31,95
1045,838142,246,17,88,341,31,94
1046,576188,246,11,83,341,21,84
1047,838344,246,11,71,341,31,71
1048,969552,246,13,60,341,21,58
1049,445327,246,1,84,341,23,50
1050,445345,246,1,82,341,15,96
1051,445348,246,17,82,341,31,74
1052,445380,246,21,94,341,27,87
1053,838602,246,21,76,341,31,59
1054,445431,246,17,89,341,31,95
1055,576550,246,15,67,341,19,69
1056,707629,246,21,82,341,47,54
1057,576712,246,21,62,341,27,54
1058,314716,246,7,74,341,21,67
1059,445790,246,17,74,341,31,67
1060,445827,246,7,73,341,21,64
1061,445831,246,7,74,341,21,68
1062,314806,246,3,63,341,7,65
1063,970283,246,17,70,341,23,68
1064,315048,246,13,65,341,21,55
1065,708323,246,17,53,341,21,73
1066,577330,246,17,66,341,23,61
1067,970589,246,7,81,341,21,76
1068,446304,246,1,76,341,13,56
1069,446423,246,21,79,341,27,66
1070,446440,246,17,73,341,23,77
1071,970736,246,21,79,341,33,76
1072,184336,246,21,73,341,33,80
1073,577553,246,11,91,341,23,72
1074,577555,246,21,92,341,27,100
1075,577594,246,21,65,341,33,57
1076,577618,246,15,65,341,29,64
1077,315523,246,21,60,341,33,56
1078,184522,246,17,73,341,23,88
1079,315787,246,11,72,341,31,68
1080,315884,246,11,59,341,21,51
1081,971247,246,21,85,341,33,86
1082,184825,246,17,79,341,37,72
1083,709140,246,21,53,341,27,50
1084,316009,246,7,72,341,21,56
1085,447082,246,1,66,341,7,60
1086,447091,246,15,83,341,21,60
1087,316033,246,17,45,341,23,67
1088,316033,246,21,62,341,23,67
1089,447139,246,21,85,341,33,76
1090,971438,246,13,46,341,21,41
1091,971438,246,13,46,341,23,56
1092,971438,246,17,62,341,21,41
1093,971438,246,17,62,341,23,56
1094,578277,246,21,76,341,41,74
1095,185080,246,29,59,341,35,54
1096,709403,246,13,80,341,21,61
1097,971616,246,13,68,341,21,55
1098,709537,246,7,78,341,31,83
1099,840768,246,15,67,341,19,56
1100,447575,246,17,81,341,31,77
1101,709876,246,11,96,341,21,100
1102,316681,246,17,45,341,23,66
1104,185693,246,17,60,341,23,54
1105,316801,246,23,69,341,31,72
1107,185885,246,11,68,341,15,58
1108,841260,246,21,87,341,23,82
1109,317022,246,7,70,341,21,68
1110,317057,246,13,68,341,21,59
1111,972460,246,17,67,341,31,66
1112,186041,246,21,93,341,33,75
1113,841534,246,21,79,341,33,87
1114,841605,246,27,80,341,41,59
1115,579481,246,13,69,341,23,63
1116,186283,246,1,83,341,15,90
1117,186289,246,13,73,341,27,84
1118,317376,246,11,76,341,13,72
1119,972785,246,11,85,341,17,90
1120,448504,246,9,72,341,11,60
1121,579612,246,7,72,341,13,64
1122,448579,246,13,86,341,27,99
1123,448596,246,7,77,341,21,90
1124,317560,246,21,87,341,33,85
1125,317727,246,15,61,341,21,51
1126,973110,246,11,69,341,13,72
1127,317770,246,17,68,341,23,74
1128,448964,246,21,65,341,33,71
1129,973262,246,5,74,341,19,68
1130,580116,246,1,71,341,13,62
1131,186926,246,11,57,341,13,50
1132,318056,246,21,68,341,31,68
1133,711314,246,17,91,341,23,100
1134,449201,246,13,82,341,21,72
1135,973582,246,13,69,341,21,53
1136,973582,246,13,69,341,31,65
1137,842542,246,19,62,341,35,69
1138,318260,246,11,70,341,21,61
1139,187203,246,7,78,341,27,61
1140,580428,246,21,76,341,27,79
1141,842640,246,1,76,341,17,52
1142,580539,246,17,85,341,31,98
1143,973827,246,21,78,341,33,72
1144,449627,246,13,62,341,21,63
1145,842889,246,17,57,341,31,52
1146,318602,246,13,85,341,21,97
1147,318668,246,21,44,341,31,54
1148,318668,246,23,80,341,31,54
1149,580819,246,17,70,341,23,79
1150,449767,246,21,66,341,23,50
1151,843003,246,17,76,341,23,72
1152,318789,246,29,51,341,31,65
1153,187751,246,17,82,341,23,94
1154,187777,246,7,88,341,21,88
1155,580993,246,23,75,341,31,81
1156,712086,246,3,78,341,13,78
1157,843205,246,17,64,341,23,67
1158,318925,246,1,81,341,7,93
1159,581104,246,17,70,341,53,83
1160,712223,246,11,72,341,15,63
1161,581163,246,21,78,341,27,64
1162,450108,246,17,80,341,23,83
1163,712295,246,1,82,341,15,63
1164,319082,246,17,56,341,23,57
1165,712311,246,33,42,341,43,53
1167,450211,246,21,53,341,33,38
1168,450211,246,21,53,341,41,65
1169,188091,246,23,81,341,33,79
1170,712389,246,7,74,341,13,76
1171,581318,246,9,87,341,21,91
1172,974586,246,37,63,341,41,60
1173,450405,246,21,87,341,33,88
1174,450477,246,17,73,341,31,58
1175,843737,246,21,57,341,31,80
1177,974848,246,7,83,341,21,84
1178,450561,246,21,70,341,31,60
1179,712756,246,21,78,341,27,75
1180,974916,246,17,76,341,21,61
1181,712795,246,21,72,341,33,42
1182,712795,246,21,72,341,43,61
1183,974948,246,7,74,341,21,60
1184,974987,246,3,61,341,13,62
1185,712859,246,9,75,341,21,75
1186,581795,246,21,72,341,27,70
1187,975011,246,17,74,341,23,87
1188,843983,246,7,50,341,17,67
1189,712979,246,1,88,341,13,90
1190,581912,246,11,60,341,15,70
1191,975145,246,21,72,341,27,63
1192,581981,246,1,86,341,7,73
1193,975230,246,21,96,341,27,93
1194,975355,246,17,77,341,23,65
1195,189009,246,21,77,341,27,76
1196,320136,246,1,79,341,21,100
1197,189073,246,17,81,341,23,71
1198,451429,246,15,61,341,21,62
1199,189292,246,1,84,341,7,65
1200,975729,246,1,82,341,9,62
1201,844796,246,21,73,341,27,66
1202,713842,246,1,93,341,17,78
1203,189561,246,1,71,341,15,72
1204,713858,246,17,77,341,41,50
1205,713905,246,11,80,341,17,75
1206,320713,246,7,88,341,21,100
1207,189719,246,17,66,341,23,64
1208,714011,246,17,79,341,31,62
1209,582947,246,17,88,341,27,86
1210,714086,246,1,78,341,15,68
1211,583065,246,13,80,341,27,60
1212,189867,246,27,75,341,43,58
1213,845250,246,17,60,341,31,67
1214,714194,246,33,80,341,41,77
1215,321069,246,21,50,341,37,61
1216,845389,246,1,83,341,9,80
1217,845404,246,17,72,341,21,87
1218,583552,246,17,80,341,31,74
1219,714635,246,9,73,341,21,81
1220,976874,246,3,63,341,23,86
1221,845864,246,1,82,341,7,65
1222,976944,246,13,71,341,21,57
1223,976970,246,33,66,341,43,52
1224,190900,246,13,72,341,21,78
1225,190969,246,15,51,341,31,63
1226,977405,246,17,68,341,23,58
1227,584199,246,11,79,341,23,70
1228,322056,246,1,86,341,11,97
1229,191006,246,31,58,341,47,74
1230,322092,246,13,59,341,27,46
1231,322092,246,13,59,341,33,68
1232,846387,246,13,85,341,21,83
1233,584309,246,11,72,341,17,68
1234,584313,246,13,59,341,33,61
1235,453280,246,21,63,341,27,70
1236,715465,246,15,87,341,29,96
1237,191192,246,7,77,341,13,70
1238,453383,246,13,74,341,21,79
1239,977723,246,11,68,341,17,78
1240,322383,246,13,82,341,21,66
1241,846692,246,11,68,341,23,50
1242,584571,246,21,82,341,33,61
1243,584625,246,27,46,341,41,58
1244,584625,246,31,62,341,41,58
1245,322491,246,17,62,341,23,46
1246,322491,246,17,62,341,31,55
1247,846838,246,1,68,341,13,65
1248,191544,246,21,75,341,33,73
1249,453691,246,11,73,341,17,76
1250,453710,246,21,80,341,33,83
1251,978148,246,17,64,341,31,66
1252,847173,246,17,38,341,23,50
1254,716110,246,1,86,341,13,59
1255,978306,246,7,73,341,21,63
1256,978326,246,1,88,341,13,97
1257,716203,246,21,81,341,27,79
1258,847409,246,21,67,341,27,69
1259,716353,246,21,79,341,33,70
1260,323152,246,7,89,341,11,91
1261,454225,246,33,93,341,41,63
1262,192215,246,17,83,341,31,64
1263,192242,246,13,72,341,27,94
1264,454387,246,1,98,341,13,83
1265,192279,246,9,69,341,21,65
1266,323398,246,15,70,341,29,58
1267,847754,246,21,79,341,27,87
1268,978848,246,9,79,341,19,84
1269,978876,246,21,91,341,27,82
1270,978948,246,17,43,341,37,64
1271,978948,246,23,53,341,37,64
1272,323602,246,21,62,341,31,50
1273,192570,246,1,72,341,13,66
1274,192645,246,9,66,341,15,71
1275,192756,246,17,67,341,23,60
1276,717056,246,7,79,341,13,68
1277,454974,246,1,75,341,13,56
1278,455006,246,17,55,341,21,62
1279,848348,246,21,84,341,27,96
1280,455139,246,7,77,341,21,63
1281,586217,246,15,68,341,21,68
1282,586296,246,13,65,341,27,68
1283,848494,246,7,86,341,13,50
1284,586388,246,7,82,341,21,59
1285,717507,246,15,86,341,21,75
1286,979691,246,11,74,341,17,85
1287,717587,246,17,52,341,23,52
1288,586709,246,21,91,341,27,96
1289,848930,246,27,72,341,33,65
1290,455753,246,1,78,341,9,81
1291,193702,246,15,70,341,19,67
1292,980169,246,7,77,341,21,68
1293,324824,246,21,66,341,33,76
1294,586994,246,11,81,341,21,81
1295,324856,246,17,77,341,23,43
1296,324856,246,17,77,341,31,70
1297,324920,246,23,69,341,31,52
1298,849449,246,23,77,341,27,57
1299,456259,246,7,50,341,21,58
1300,456290,246,7,74,341,13,51
1301,194153,246,21,78,341,27,95
1302,718511,246,7,82,341,21,78
1303,849641,246,21,92,341,27,92
1304,587536,246,1,71,341,13,74
1305,980792,246,17,80,341,31,87
1306,325448,246,21,78,341,31,90
1307,980878,246,3,60,341,17,64
1308,456597,246,1,74,341,13,50
1309,587720,246,21,65,341,23,45
1310,587720,246,21,65,341,31,67
1311,587764,246,23,76,341,31,72
1312,981072,246,19,63,341,25,65
1313,587957,246,23,57,341,31,58
1314,194747,246,13,69,341,21,82
1315,194810,246,17,86,341,31,99
1316,456955,246,21,69,341,33,68
1317,325900,246,7,65,341,21,64
1318,456977,246,13,79,341,27,68
1319,456981,246,17,83,341,23,71
1320,719166,246,13,90,341,27,85
1321,719326,246,11,65,341,23,65
1322,850492,246,9,88,341,21,81
1323,457322,246,17,80,341,31,93
1324,981625,246,17,89,341,23,75
1325,326304,246,13,75,341,21,37
1326,326304,246,13,75,341,31,76
1327,850684,246,3,80,341,11,97
1328,457784,246,9,82,341,21,70
1329,588881,246,9,84,341,21,95
1330,719980,246,19,88,341,31,67
1331,982135,246,1,77,341,13,68
1332,982159,246,17,63,341,23,70
1333,982173,246,9,64,341,21,76
1334,851119,246,9,83,341,21,73
1335,851141,246,21,54,341,27,50
1336,195878,246,21,86,341,33,92
1337,982373,246,1,80,341,13,74
1338,327083,246,13,65,341,31,70
1339,589263,246,21,77,341,27,70
1340,851409,246,5,78,341,9,79
1341,196125,246,21,51,341,43,50
1342,196125,246,27,71,341,43,50
1343,196135,246,13,78,341,23,84
1344,982580,246,1,73,341,13,71
1345,196170,246,21,59,341,27,43
1346,196170,246,21,59,341,33,63
1347,458364,246,27,75,341,43,59
1348,327443,246,17,85,341,23,74
1349,458552,246,1,64,341,21,53
1350,983146,246,21,88,341,27,78
1351,589943,246,21,84,341,33,72
1352,589976,246,17,82,341,31,87
1353,327843,246,7,71,341,21,51
1354,721141,246,21,80,341,33,86
1355,983330,246,17,50,341,31,64
1356,327978,246,13,78,341,23,68
1357,983391,246,1,70,341,7,72
1358,328033,246,57,85,341,61,65
1359,328052,246,3,75,341,11,58
1360,721302,246,11,72,341,31,64
1361,328123,246,17,83,341,23,75
1362,590285,246,21,63,341,27,63
1363,852494,246,3,86,341,11,100
1364,983567,246,13,90,341,23,86
1365,197205,246,13,76,341,21,65
1366,459420,246,7,68,341,21,69
1367,721569,246,17,81,341,31,73
1369,459539,246,13,71,341,27,67
1370,328498,246,29,59,341,31,62
1371,983879,246,17,58,341,23,50
1372,197566,246,7,74,341,21,71
1373,459945,246,15,67,341,29,62
1374,591043,246,11,65,341,17,75
1375,197881,246,17,64,341,23,73
1376,853309,246,9,83,341,19,50
1377,984389,246,11,70,341,47,71
1378,460134,246,7,74,341,21,74
1379,460185,246,31,82,341,33,86
1380,460210,246,15,53,341,21,65
1381,329175,246,27,71,341,33,66
1382,460307,246,21,75,341,23,72
1383,329242,246,13,80,341,17,16
1384,984759,246,21,86,341,33,83
1385,853796,246,13,83,341,23,79
1386,198444,246,13,90,341,27,100
1387,854095,246,21,55,341,27,59
1388,198769,246,15,60,341,25,63
1389,854157,246,13,71,341,23,79
1390,460960,246,21,59,341,27,56
1391,723192,246,5,77,341,15,76
1392,461072,246,11,82,341,31,82
1393,330040,246,17,81,341,23,77
1394,330046,246,21,69,341,33,78
1395,723294,246,7,75,341,21,77
1396,592238,246,21,76,341,23,78
1397,199112,246,21,82,341,23,73
1398,330264,246,1,68,341,13,64
1399,854705,246,17,68,341,23,69
1400,723806,246,21,65,341,33,50
1401,461704,246,17,89,341,31,92
1402,330648,246,7,77,341,21,86
1403,592822,246,13,78,341,27,66
1404,854990,246,9,83,341,15,79
1405,199636,246,1,82,341,15,85
1406,986152,246,13,78,341,27,86
1407,986211,246,17,70,341,31,85
1408,986213,246,3,85,341,13,77
1409,855212,246,1,74,341,13,61
1410,724257,246,27,65,341,41,62
1411,855333,246,19,68,341,21,55
1412,986434,246,11,75,341,17,83
1413,462158,246,7,83,341,21,64
1414,855390,246,7,80,341,21,94
1415,724341,246,13,73,341,33,57
1416,200101,246,17,62,341,31,75
1417,462370,246,17,80,341,21,69
1418,986672,246,21,83,341,33,91
1419,200326,246,17,83,341,23,88
1420,462530,246,3,82,341,13,63
1422,200422,246,13,80,341,21,89
1423,724718,246,7,75,341,13,57
1424,855793,246,17,68,341,31,80
1425,200458,246,7,73,341,21,55
1426,331557,246,13,69,341,17,69
1427,986951,246,15,73,341,25,53
1428,855932,246,13,73,341,21,86
1429,462790,246,1,74,341,13,87
1430,331770,246,21,90,341,33,59
1431,331810,246,21,83,341,27,82
1432,594032,246,23,72,341,31,58
1433,200837,246,17,64,341,31,63
1434,331919,246,11,54,341,17,75
1435,725315,246,27,70,341,33,76
1436,594248,246,1,67,341,21,66
1437,201045,246,11,78,341,21,83
1438,987479,246,21,67,341,23,80
1439,332142,246,21,84,341,33,67
1440,463242,246,21,72,341,33,68
1441,594389,246,1,64,341,15,67
1442,725474,246,13,80,341,27,78
1443,463388,246,31,83,341,37,81
1444,725587,246,7,73,341,13,70
1445,332385,246,21,65,341,37,95
1446,332396,246,13,50,341,17,66
1447,987777,246,13,75,341,23,60
1448,725641,246,7,78,341,21,75
1449,332541,246,1,83,341,13,76
1450,463624,246,21,75,341,33,79
1451,594720,246,21,80,341,33,72
1452,463651,246,17,74,341,23,87
1453,463773,246,15,80,341,21,84
1454,725975,246,1,88,341,15,93
1455,857058,246,17,51,341,21,62
1456,463990,246,13,78,341,21,57
1457,988309,246,7,86,341,21,85
1458,857379,246,17,70,341,23,68
1459,726322,246,7,78,341,21,70
1460,988567,246,13,83,341,23,72
1461,202136,246,17,71,341,21,67
1462,595358,246,13,79,341,21,64
1463,595424,246,13,68,341,21,54
1464,464418,246,7,73,341,21,60
1465,464421,246,13,88,341,17,97
1466,202284,246,1,79,341,15,70
1467,988805,246,17,60,341,37,52
1468,464520,246,17,81,341,31,73
1469,464627,246,1,75,341,13,87
1470,595834,246,17,72,341,23,64
1471,726915,246,21,71,341,25,62
1472,858006,246,17,72,341,31,86
1473,595921,246,11,40,341,21,51
1474,595921,246,13,60,341,21,51
1475,989166,246,21,72,341,33,68
1476,595955,246,21,72,341,41,63
1477,333837,246,17,66,341,31,60
1478,333878,246,13,78,341,21,67
1479,727097,246,13,80,341,23,89
1480,464961,246,17,78,341,31,56
1481,464999,246,9,76,341,21,70
1482,858225,246,9,77,341,19,88
1483,596137,246,1,74,341,7,80
1484,858284,246,21,75,341,27,66
1485,596203,246,17,69,341,31,70
1486,334070,246,17,56,341,31,56
1487,465152,246,7,67,341,21,57
1488,465175,246,11,74,341,17,74
1489,727425,246,1,78,341,3,66
1490,596380,246,9,87,341,21,65
1491,858555,246,17,89,341,31,68
1492,858664,246,21,77,341,33,33
1493,858664,246,21,77,341,41,37
1494,858664,246,21,77,341,43,50
1495,858707,246,13,65,341,21,62
1496,465896,246,7,50,341,11,56
1497,990194,246,7,81,341,11,94
1498,990337,246,21,67,341,33,74
1499,859304,246,17,80,341,31,75
1500,728256,246,9,77,341,21,75
1501,728283,246,7,71,341,17,64
1502,204078,246,13,62,341,23,85
1503,204094,246,17,67,341,23,50
1504,859548,246,31,35,341,33,50
1506,335262,246,21,73,341,23,68
1507,859678,246,17,76,341,23,68
1508,859699,246,19,59,341,21,56
1509,335416,246,1,77,341,13,68
1510,990822,246,19,60,341,25,60
1511,204476,246,17,70,341,23,66
1512,859930,246,7,73,341,21,76
1513,728898,246,17,65,341,23,80
1514,991087,246,11,74,341,21,69
1515,204674,246,23,77,341,31,63
1516,204747,246,13,68,341,27,74
1517,991243,246,13,73,341,21,85
1518,991303,246,3,59,341,7,68
1519,336023,246,7,80,341,27,62
1520,205043,246,17,73,341,31,52
1521,860468,246,21,79,341,27,94
1522,467327,246,1,84,341,21,41
1523,467327,246,1,84,341,23,58
1524,991696,246,17,79,341,37,81
1525,598481,246,27,74,341,33,61
1526,598574,246,31,77,341,33,89
1527,729651,246,27,52,341,33,51
1528,860920,246,23,71,341,31,58
1529,598805,246,21,65,341,23,42
1530,467787,246,17,92,341,31,99
1531,205764,246,21,53,341,41,63
1532,730056,246,13,75,341,27,80
1533,861177,246,7,76,341,27,78
1534,861190,246,7,72,341,21,64
1535,730151,246,21,88,341,27,67
1536,336963,246,9,77,341,21,73
1537,336966,246,1,60,341,7,61
1538,337130,246,13,83,341,21,87
1539,599298,246,21,85,341,33,74
1540,861511,246,1,83,341,7,90
1541,992622,246,33,69,341,41,64
1542,992766,246,13,73,341,27,51
1543,206379,246,17,73,341,23,75
1544,337524,246,7,77,341,21,65
1545,468600,246,9,85,341,11,75
1546,206528,246,11,85,341,17,85
1547,599796,246,7,85,341,21,72
1548,468781,246,21,83,341,33,88
1549,731009,246,9,89,341,21,83
1550,206730,246,13,80,341,21,69
1551,993216,246,21,67,341,27,74
1552,206799,246,21,53,341,31,51
1553,468945,246,17,65,341,23,66
1554,337892,246,15,77,341,29,92
1555,731136,246,21,58,341,33,58
1556,337955,246,7,76,341,13,87
1557,206906,246,13,80,341,21,87
1558,731229,246,21,61,341,33,62
1559,862319,246,9,81,341,21,77
1560,206966,246,11,75,341,23,58
1561,206978,246,13,86,341,21,79
1562,600205,246,21,67,341,25,59
1563,862353,246,11,68,341,17,74
1564,206996,246,11,75,341,21,88
1565,338114,246,23,72,341,43,83
1566,469242,246,17,84,341,31,70
1567,731472,246,1,85,341,13,69
1568,338314,246,17,63,341,31,62
1569,731538,246,1,78,341,11,52
1570,469473,246,15,85,341,19,85
1571,862759,246,17,72,341,23,88
1572,862804,246,23,80,341,31,74
1573,469609,246,7,84,341,21,91
1574,600719,246,7,74,341,21,80
1575,993946,246,13,91,341,23,90
1576,600744,246,11,71,341,31,64
1577,731918,246,13,72,341,21,67
1578,994105,246,21,74,341,33,69
1579,207735,246,21,81,341,27,83
1580,469921,246,3,74,341,13,70
1581,863151,246,21,60,341,27,70
1582,207804,246,17,78,341,31,81
1583,732162,246,7,85,341,21,73
1584,207934,246,11,80,341,13,93
1585,470151,246,1,78,341,13,39
1586,470151,246,1,78,341,21,63
1587,994504,246,17,84,341,23,100
1588,601356,246,23,72,341,33,82
1589,470315,246,27,62,341,33,70
1590,732693,246,21,76,341,27,83
1591,863783,246,13,84,341,21,67
1592,994897,246,21,76,341,27,80
1593,470742,246,13,61,341,21,57
1594,601961,246,9,79,341,21,76
1595,208770,246,7,84,341,21,98
1596,733072,246,17,73,341,23,84
1597,470978,246,3,68,341,13,76
1598,995289,246,1,86,341,7,83
1600,471017,246,17,76,341,23,63
1601,471025,246,19,61,341,29,77
1602,995406,246,17,90,341,31,72
1603,602193,246,11,71,341,27,86
1604,471336,246,27,65,341,33,59
1605,864581,246,21,73,341,31,59
1606,995654,246,13,79,341,31,87
1607,864692,246,7,70,341,21,80
1608,995797,246,11,55,341,23,70
1609,209462,246,17,92,341,31,80
1610,733831,246,17,79,341,31,77
1611,733903,246,1,71,341,19,50
1612,602838,246,7,84,341,27,70
1614,209846,246,13,68,341,21,55
1615,865304,246,7,82,341,17,81
1616,472265,246,17,72,341,23,78
1617,996570,246,9,57,341,25,78
1618,603374,246,21,73,341,27,51
1619,341241,246,13,69,341,17,80
1620,734472,246,27,60,341,31,57
1621,472339,246,21,50,341,33,62
1622,603463,246,51,69,341,53,58
1623,865618,246,11,80,341,21,73
1624,865666,246,1,74,341,11,70
1625,603550,246,27,83,341,33,71
1626,341410,246,13,74,341,23,80
1627,603559,246,11,81,341,21,75
1628,210526,246,21,60,341,33,57
1629,996959,246,7,81,341,11,100
1630,210543,246,17,68,341,31,60
1631,603786,246,13,66,341,27,55
1632,210593,246,17,62,341,23,72
1633,603848,246,7,86,341,21,83
1634,472869,246,9,91,341,15,93
1635,210747,246,21,69,341,33,92
1636,866120,246,7,80,341,21,64
1637,472989,246,7,80,341,13,90
1638,997298,246,13,86,341,21,95
1639,604300,246,23,72,341,31,67
1640,604348,246,9,88,341,21,93
1641,342216,246,9,76,341,21,68
1642,604412,246,17,56,341,21,55
1643,735525,246,21,63,341,27,78
1644,473457,246,17,68,341,31,71
1645,604538,246,21,61,341,57,58
1646,211389,246,1,80,341,9,71
1647,735831,246,17,65,341,31,44
1648,735831,246,17,65,341,37,57
1649,604831,246,7,76,341,31,75
1650,342706,246,27,77,341,43,65
1651,342857,246,17,81,341,31,100
1652,605062,246,7,74,341,21,70
1653,342945,246,7,84,341,13,93
1654,998433,246,15,64,341,21,60
1655,343076,246,21,59,341,27,64
1656,212027,246,13,75,341,33,64
1657,343120,246,7,66,341,21,57
1658,867485,246,9,75,341,15,84
1659,605447,246,25,40,341,27,60
1661,343377,246,13,75,341,33,68
1662,212338,246,13,51,341,23,64
1663,605558,246,13,83,341,27,100
1664,998861,246,11,63,341,19,38
1665,998861,246,11,63,341,39,52
1666,867813,246,7,78,341,21,55
1667,998904,246,7,83,341,21,84
1668,736761,246,21,75,341,27,71
1669,998981,246,21,73,341,27,58
1670,999029,246,13,79,341,23,96
1672,605820,246,7,85,341,11,98
1673,736895,246,17,50,341,37,65
1674,474754,246,21,89,341,27,71
1675,736900,246,21,64,341,33,69
1676,605864,246,17,67,341,31,61
1677,736998,246,17,81,341,31,88
1678,343799,246,27,71,341,33,55
1679,343902,246,41,68,341,47,50
1680,212921,246,5,69,341,25,74
1681,475101,246,27,71,341,41,64
1682,344060,246,17,50,341,43,67
1683,213015,246,7,69,341,13,66
1684,475198,246,11,50,341,23,70
1685,475199,246,17,72,341,25,78
1686,475271,246,11,79,341,17,95
1687,475295,246,13,83,341,23,64
1688,737440,246,17,77,341,37,62
1689,213192,246,17,80,341,31,66
1690,868628,246,3,79,341,7,81
1691,868666,246,31,65,341,33,50
1692,868699,246,15,67,341,17,67
1693,868790,246,1,85,341,13,83
1694,737879,246,17,89,341,23,92
1695,475829,246,17,71,341,31,78
1696,738051,246,27,61,341,33,63
1697,475963,246,21,88,341,33,100
1698,738198,246,21,77,341,27,83
1699,738234,246,21,86,341,27,73
1700,738241,246,17,66,341,31,77
1701,476255,246,13,74,341,21,80
1702,738415,246,13,80,341,21,98
1703,869491,246,7,81,341,13,69
1704,214155,246,21,71,341,27,68
1705,476353,246,21,86,341,33,87
1706,214339,246,9,82,341,21,53
1707,607575,246,11,82,341,17,71
1708,476535,246,13,70,341,27,72
1709,476552,246,17,73,341,23,90
1710,476637,246,23,64,341,27,53
1711,345603,246,23,72,341,37,61
1712,607778,246,7,79,341,13,87
1713,345811,246,17,67,341,23,43
1714,345811,246,17,67,341,37,85
1715,870223,246,21,82,341,33,82
1716,345971,246,17,71,341,23,79
1717,870311,246,9,71,341,19,55
1718,214974,246,21,58,341,41,70
1719,739278,246,3,84,341,13,67
1720,215026,246,17,72,341,31,60
1721,346194,246,23,54,341,31,60
1722,215168,246,21,86,341,33,87
1723,215186,246,21,72,341,27,76
1724,739497,246,17,72,341,31,51
1725,739505,246,21,84,341,33,62
1726,215233,246,17,71,341,23,77
1727,346424,246,17,70,341,31,57
1728,477636,246,17,60,341,27,81
1729,346601,246,21,75,341,27,70
1730,871139,246,7,89,341,21,73
1731,346876,246,17,73,341,31,65
1732,215857,246,7,78,341,21,62
1733,478067,246,21,70,341,33,68
1735,609338,246,17,80,341,23,97
1736,347233,246,17,50,341,21,60
1737,871591,246,17,80,341,31,86
1738,871671,246,15,63,341,29,38
1739,347473,246,21,87,341,33,72
1740,478616,246,15,77,341,21,91
1741,609737,246,11,80,341,23,50
1742,478705,246,3,84,341,7,71
1743,478731,246,1,83,341,11,78
1744,609843,246,19,50,341,21,65
1745,347787,246,25,69,341,49,28
1746,216734,246,1,76,341,13,58
1747,741084,246,21,64,341,23,55
1748,347905,246,3,67,341,27,73
1749,872245,246,3,87,341,7,83
1750,741313,246,9,77,341,21,67
1751,741351,246,17,70,341,23,81
1752,217088,246,27,65,341,33,67
1753,348184,246,23,82,341,31,58
1754,479549,246,19,74,341,21,64
1755,872813,246,1,78,341,3,74
1756,479916,246,17,93,341,37,83
1757,479959,246,21,69,341,27,71
1758,348993,246,17,87,341,31,91
1759,348995,246,17,77,341,31,75
1760,611330,246,17,81,341,31,86
1761,218335,246,7,77,341,21,78
1762,349591,246,7,80,341,13,68
1763,742868,246,17,71,341,23,53
1764,873948,246,7,65,341,13,54
1765,349725,246,7,72,341,15,61
1766,742951,246,19,58,341,25,50
1767,742965,246,27,71,341,33,86
1768,743057,246,17,74,341,31,74
1769,874164,246,1,84,341,13,59
1770,481096,246,13,73,341,27,72
1771,743295,246,23,77,341,33,67
1772,481224,246,7,66,341,21,59
1773,874471,246,1,87,341,3,77
1774,612404,246,3,75,341,7,83
1775,219195,246,7,73,341,21,76
1776,350328,246,21,79,341,33,78
1777,874681,246,11,84,341,27,97
1778,219373,246,1,81,341,3,67
1779,219457,246,17,71,341,31,65
1780,743900,246,21,75,341,31,69
1781,874976,246,37,60,341,41,5
1782,874976,246,37,60,341,43,32
1783,874976,246,37,60,341,47,57
1784,612889,246,23,74,341,31,61
1785,744019,246,13,83,341,33,90
1786,481876,246,23,79,341,27,70
1787,219758,246,11,61,341,17,67
1788,481904,246,21,54,341,23,44
1789,481904,246,21,54,341,31,70
1790,219874,246,11,85,341,21,75
1791,219884,246,13,75,341,27,70
1792,350973,246,7,68,341,21,69
1793,613199,246,17,76,341,33,74
1794,744326,246,23,81,341,43,39
1795,744326,246,23,81,341,51,40
1796,744326,246,23,81,341,53,46
1797,744326,246,23,81,341,57,61
1798,613418,246,23,75,341,37,64
1799,875633,246,31,72,341,37,74
1800,351376,246,11,50,341,19,41
1801,351376,246,11,50,341,25,64
1802,351450,246,21,59,341,41,50
1803,613828,246,23,61,341,37,65
1804,351725,246,21,88,341,27,88
1805,220703,246,3,68,341,11,79
1806,220720,246,13,90,341,33,100
1807,745016,246,13,80,341,21,75
1808,613958,246,11,85,341,17,78
1809,613961,246,7,86,341,21,88
1810,482890,246,11,53,341,21,75
1811,351962,246,17,88,341,31,91
1812,351971,246,5,86,341,15,83
1813,352096,246,7,78,341,21,74
1814,483181,246,21,65,341,33,68
1815,352137,246,9,81,341,21,73
1816,483216,246,17,64,341,23,76
1817,876448,246,7,83,341,21,88
1818,483239,246,17,67,341,23,52
1819,876498,246,21,77,341,27,78
1820,614383,246,17,83,341,31,81
1821,483364,246,17,51,341,21,61
1822,221274,246,9,85,341,25,75
1823,352470,246,7,80,341,21,67
1824,876928,246,1,88,341,11,69
1825,877331,246,7,68,341,13,64
1826,746323,246,15,67,341,29,62
1827,484317,246,13,74,341,23,81
1828,615617,246,17,70,341,23,66
1829,484692,246,9,96,341,15,78
1830,746859,246,11,60,341,13,65
1831,222612,246,13,74,341,27,73
1832,353699,246,17,85,341,23,83
1833,353817,246,17,63,341,21,72
1834,616033,246,1,74,341,15,77
1835,222861,246,17,83,341,23,73
1836,878423,246,11,78,341,23,60
1837,616318,246,11,81,341,23,65
1838,878579,246,21,82,341,27,74
1839,223242,246,21,72,341,27,74
1840,354374,246,21,46,341,33,51
1841,354374,246,31,63,341,33,51
1842,747635,246,9,83,341,21,88
1843,747686,246,21,71,341,33,63
1844,485739,246,17,75,341,23,64
1845,616836,246,21,74,341,33,63
1846,616845,246,17,87,341,31,76
1847,616953,246,21,77,341,33,66
1848,879176,246,7,75,341,13,80
1849,223825,246,13,63,341,23,86
1850,354939,246,1,69,341,21,58
1851,748196,246,11,76,341,23,80
1852,223923,246,1,61,341,11,33
1853,223923,246,1,61,341,25,66
1854,879301,246,13,82,341,21,79
1855,355015,246,1,83,341,13,60
1856,486118,246,23,93,341,31,72
1857,879361,246,11,80,341,17,61
1858,224233,246,1,80,341,13,78
1859,355306,246,17,18,341,23,62
1861,224284,246,21,85,341,27,50
1862,486498,246,11,57,341,13,57
1863,224408,246,21,70,341,27,57
1864,355480,246,21,77,341,27,81
1865,879791,246,7,64,341,13,71
1866,748738,246,1,76,341,13,65
1867,224540,246,13,54,341,23,64
1868,355687,246,21,60,341,27,52
1869,486792,246,17,63,341,23,68
1870,486892,246,17,64,341,31,51
1871,355843,246,15,93,341,29,100
1872,224802,246,11,51,341,23,50
1873,880321,246,13,75,341,33,77
1874,224963,246,21,61,341,41,66
1875,487109,246,15,78,341,25,70
1876,749303,246,17,73,341,23,59
1877,749370,246,17,78,341,23,71
1878,618350,246,21,60,341,33,56
1879,487313,246,21,57,341,31,76
1880,618429,246,17,60,341,23,33
1881,618429,246,17,60,341,43,50
1882,749621,246,7,81,341,13,74
1883,225543,246,25,58,341,29,71
1884,487698,246,27,71,341,33,55
1885,880921,246,7,76,341,21,82
1886,618936,246,11,78,341,13,73
1887,619201,246,17,54,341,21,66
1888,619241,246,17,62,341,21,79
1889,357098,246,7,72,341,13,65
1890,881437,246,13,59,341,17,85
1891,488245,246,13,75,341,27,34
1892,488245,246,13,75,341,43,61
1893,488286,246,17,72,341,31,83
1894,226187,246,27,66,341,41,59
1895,226323,246,7,77,341,13,92
1896,881730,246,11,86,341,17,74
1897,881818,246,27,83,341,43,80
1898,881832,246,31,69,341,43,52
1899,488646,246,9,84,341,21,76
1900,488753,246,17,66,341,31,55
1901,226648,246,11,57,341,21,63
1902,488815,246,31,77,341,41,54
1903,619897,246,27,56,341,43,69
1904,882074,246,23,77,341,27,73
1905,751003,246,21,81,341,27,87
1906,488886,246,19,69,341,35,72
1907,489068,246,21,83,341,27,87
1908,489094,246,7,72,341,13,84
1909,358154,246,1,64,341,9,72
1910,882555,246,17,65,341,31,86
1911,882563,246,1,80,341,7,69
1912,620429,246,9,87,341,21,100
1913,882605,246,1,66,341,13,53
1914,620507,246,21,53,341,27,72
1915,358392,246,15,74,341,21,62
1916,751616,246,11,83,341,21,74
1917,358439,246,21,88,341,33,86
1918,358597,246,21,87,341,27,96
1919,489837,246,21,79,341,27,71
1920,227710,246,3,70,341,17,50
1921,227834,246,17,92,341,21,69
1922,227921,246,1,70,341,13,57
1923,227964,246,17,59,341,23,50
1924,621205,246,7,66,341,21,42
1925,228065,246,17,78,341,23,70
1926,359156,246,11,77,341,23,81
1927,883450,246,21,64,341,31,65
1928,359163,246,21,51,341,27,58
1929,490250,246,33,62,341,41,53
1930,490343,246,17,79,341,23,67
1931,490343,246,17,79,341,31,86
1932,490394,246,21,80,341,27,75
1933,228343,246,7,67,341,21,67
1934,752642,246,21,74,341,33,62
1935,359475,246,17,64,341,23,45
1936,359475,246,17,64,341,31,71
1937,621636,246,13,81,341,23,93
1938,752744,246,1,81,341,21,63
1939,883885,246,13,78,341,21,51
1940,228641,246,21,77,341,31,30
1941,753021,246,19,78,341,25,72
1942,884237,246,3,89,341,7,68
1943,228896,246,17,72,341,31,62
1944,491142,246,13,70,341,23,29
1945,229007,246,17,68,341,31,37
1946,229007,246,17,68,341,37,44
1947,229007,246,17,68,341,43,72
1948,360153,246,17,72,341,31,70
1949,491236,246,17,56,341,31,55
1950,884453,246,9,63,341,21,76
1951,229128,246,7,79,341,21,79
1952,491431,246,21,46,341,31,65
1953,491431,246,23,64,341,31,65
1954,229325,246,21,74,341,27,68
1955,229365,246,21,71,341,33,67
1956,622603,246,1,64,341,17,65
1957,360509,246,13,69,341,21,52
1958,884848,246,9,75,341,21,68
1959,491648,246,13,80,341,27,35
1960,491648,246,13,80,341,41,65
1961,360593,246,11,80,341,21,67
1962,622740,246,11,57,341,21,71
1963,885022,246,17,78,341,31,65
1964,491868,246,21,61,341,33,74
1965,491898,246,1,69,341,7,57
1966,229755,246,17,89,341,31,87
1967,622976,246,27,56,341,43,52
1968,360949,246,19,68,341,31,61
1969,623146,246,15,50,341,35,57
1970,754281,246,1,75,341,11,85
1971,754307,246,21,50,341,25,67
1972,623395,246,9,63,341,21,52
1973,361253,246,11,80,341,23,44
1974,361253,246,11,80,341,37,50
1975,885592,246,17,78,341,23,63
1976,230295,246,15,63,341,17,85
1977,885705,246,11,68,341,17,63
1978,361513,246,11,90,341,13,90
1979,230455,246,13,62,341,21,69
1980,230485,246,7,69,341,21,72
1981,492695,246,17,67,341,37,66
1982,492712,246,17,71,341,31,53
1983,230640,246,7,81,341,21,66
1984,230760,246,21,66,341,31,73
1985,624168,246,7,83,341,17,78
1986,493125,246,11,83,341,23,74
1987,231018,246,19,66,341,25,58
1988,493191,246,21,81,341,27,63
1989,755336,246,13,73,341,21,84
1990,231057,246,15,71,341,29,67
1991,362142,246,23,81,341,31,59
1992,231120,246,13,65,341,21,63
1993,362218,246,17,67,341,23,58
1994,100134,246,21,76,341,33,61
1995,755603,246,21,72,341,33,75
1996,755625,246,9,59,341,21,43
1997,755625,246,9,59,341,25,63
1998,362545,246,15,77,341,21,67
1999,886834,246,17,65,341,23,36
2000,886834,246,17,65,341,31,72
2001,362557,246,21,62,341,23,62
2002,755798,246,7,81,341,21,83
2003,624733,246,1,83,341,7,70
2004,231534,246,21,79,341,33,80
2005,362607,246,1,87,341,21,86
2006,100485,246,17,70,341,21,64
2007,886957,246,17,66,341,31,61
2008,362682,246,21,71,341,33,44
2009,362682,246,21,71,341,41,55
2010,362726,246,7,69,341,21,61
2011,100728,246,13,84,341,21,76
2012,493948,246,3,66,341,13,65
2013,362948,246,21,86,341,33,100
2014,494021,246,21,75,341,27,69
2015,100816,246,11,46,341,13,54
2017,756232,246,11,86,341,17,93
2018,232022,246,17,84,341,21,74
2019,887441,246,21,83,341,27,81
2020,494381,246,1,61,341,21,63
2021,887666,246,13,82,341,23,76
2022,494474,246,9,59,341,35,70
2024,101324,246,17,71,341,23,65
2025,494550,246,7,78,341,23,71
2026,363490,246,7,83,341,21,86
2027,887798,246,17,81,341,31,77
2028,887826,246,27,70,341,33,66
2029,494623,246,21,68,341,23,84
2030,101474,246,13,63,341,17,59
2031,363625,246,27,59,341,33,54
2032,232575,246,1,74,341,13,70
2033,756932,246,11,73,341,17,88
2034,364059,246,9,51,341,19,67
2035,364132,246,21,64,341,33,50
2036,757369,246,17,79,341,31,69
2037,364162,246,1,82,341,15,85
2038,626309,246,1,81,341,13,79
2039,626370,246,17,75,341,21,81
2040,233392,246,15,84,341,29,100
2041,626789,246,13,81,341,21,81
2042,888934,246,21,64,341,51,60
2043,757882,246,23,73,341,31,74
2044,233645,246,3,68,341,17,67
2045,889016,246,3,79,341,13,72
2046,364752,246,21,64,341,31,61
2047,102745,246,11,70,341,23,68
2048,495977,246,11,50,341,23,44
2049,495977,246,11,50,341,31,64
2050,102763,246,31,57,341,37,66
2051,627073,246,17,60,341,31,87
2052,496069,246,13,73,341,17,60
2053,627180,246,21,70,341,35,77
2054,365043,246,9,82,341,21,91
2055,365228,246,9,69,341,21,79
2056,365271,246,11,91,341,31,95
2057,234236,246,13,71,341,17,72
2058,365349,246,13,81,341,21,53
2059,103216,246,17,80,341,23,73
2060,234345,246,21,73,341,25,71
2061,758715,246,1,75,341,13,85
2062,365832,246,17,69,341,23,64
2063,628068,246,17,84,341,23,70
2064,366018,246,21,56,341,33,63
2065,890356,246,7,75,341,21,91
2066,366079,246,11,64,341,21,51
2067,628260,246,13,84,341,23,58
2068,890406,246,17,78,341,21,66
2069,104016,246,11,100,341,13,100
2070,890499,246,11,58,341,17,54
2071,890548,246,21,77,341,27,64
2072,366278,246,11,79,341,13,89
2073,497362,246,21,70,341,33,70
2074,628449,246,7,77,341,13,69
2076,890687,246,7,70,341,21,42
2077,890687,246,7,70,341,27,63
2078,104345,246,17,83,341,23,84
2079,366501,246,9,83,341,21,96
2080,497575,246,1,75,341,7,76
2081,235559,246,9,69,341,29,69
2082,628781,246,17,70,341,31,84
2083,628806,246,21,77,341,33,92
2084,366669,246,7,70,341,17,58
2085,104655,246,17,88,341,23,94
2086,760026,246,1,70,341,13,45
2087,760026,246,1,70,341,21,69
2088,628979,246,13,79,341,21,67
2089,104696,246,7,88,341,21,60
2090,366964,246,9,35,341,25,76
2091,366964,246,15,84,341,25,76
2092,498116,246,11,78,341,17,74
2093,891420,246,13,79,341,21,71
2094,629282,246,13,76,341,23,62
2095,105233,246,21,72,341,33,81
2096,629566,246,13,79,341,31,68
2097,760680,246,11,73,341,17,76
2098,891794,246,17,66,341,23,78
2099,760788,246,1,83,341,13,56
2100,498686,246,31,68,341,43,78
2101,629817,246,1,73,341,11,37
2102,367687,246,17,73,341,23,37
2103,367687,246,17,73,341,31,71
2104,498827,246,17,76,341,23,65
2105,367763,246,21,88,341,33,63
2106,892060,246,21,81,341,33,84
2107,367784,246,21,78,341,41,59
2108,498863,246,17,80,341,23,50
2109,630010,246,11,59,341,13,67
2110,761126,246,21,50,341,23,50
2111,236858,246,17,85,341,21,85
2112,499055,246,27,76,341,33,61
2113,236947,246,11,64,341,23,84
2114,368144,246,13,78,341,27,82
2115,237098,246,3,78,341,13,81
2116,368181,246,21,68,341,25,61
2117,499277,246,17,64,341,37,78
2118,499434,246,21,90,341,27,91
2119,499573,246,9,60,341,21,43
2120,499573,246,9,60,341,29,61
2121,630751,246,17,66,341,23,66
2122,892934,246,21,74,341,27,70
2123,761890,246,31,78,341,37,63
2124,237627,246,27,53,341,33,37
2125,237627,246,27,53,341,37,79
2126,630959,246,9,65,341,15,69
2127,500063,246,13,66,341,23,67
2128,762273,246,17,58,341,21,66
2129,106994,246,21,64,341,33,62
2130,631333,246,21,63,341,23,43
2131,631333,246,21,63,341,27,67
2132,500330,246,1,77,341,13,64
2133,369321,246,11,71,341,23,60
2134,631476,246,17,63,341,23,63
2135,369336,246,13,80,341,23,75
2136,500489,246,7,75,341,21,67
2137,762732,246,13,74,341,21,52
2138,893883,246,17,54,341,37,56
2139,631757,246,27,69,341,43,56
2140,893984,246,17,65,341,21,59
2141,107606,246,21,77,341,27,80
2142,500918,246,21,70,341,33,73
2143,894171,246,17,69,341,21,50
2144,238895,246,17,71,341,25,72
2145,239055,246,21,75,341,27,60
2146,763357,246,13,82,341,31,78
2147,894432,246,15,70,341,21,64
2148,632304,246,13,73,341,27,54
2149,632324,246,17,82,341,23,90
2150,370189,246,27,71,341,41,63
2151,108104,246,17,86,341,23,88
2152,108115,246,1,84,341,21,75
2153,370369,246,11,86,341,17,91
2154,370401,246,21,74,341,33,31
2155,894735,246,13,68,341,27,63
2156,894931,246,13,92,341,21,88
2157,632796,246,15,67,341,29,73
2158,763886,246,17,90,341,23,91
2159,894965,246,13,66,341,21,67
2160,632879,246,17,67,341,23,35
2161,632879,246,17,67,341,37,51
2162,632883,246,21,53,341,27,77
2163,239685,246,19,82,341,21,70
2164,632916,246,21,88,341,33,85
2165,632923,246,13,58,341,23,65
2166,501869,246,15,80,341,19,59
2167,239764,246,21,89,341,27,82
2168,501979,246,9,82,341,15,72
2169,895235,246,17,73,341,23,85
2170,633101,246,11,66,341,15,62
2171,108897,246,1,78,341,13,76
2172,764296,246,17,91,341,31,91
2173,240013,246,31,60,341,33,83
2174,633284,246,21,70,341,27,70
2175,633362,246,13,100,341,31,88
2176,633377,246,1,81,341,7,76
2177,371297,246,17,63,341,21,53
2178,109191,246,21,63,341,31,55
2179,502431,246,21,77,341,31,67
2180,502458,246,21,93,341,33,70
2181,764612,246,9,69,341,21,98
2182,895725,246,27,67,341,33,68
2183,633702,246,7,82,341,21,85
2184,371597,246,17,71,341,31,75
2185,109583,246,11,80,341,13,72
2186,633871,246,13,74,341,27,72
2187,764945,246,17,83,341,21,87
2188,633975,246,17,71,341,23,44
2189,633975,246,17,71,341,31,65
2190,240915,246,1,95,341,7,93
2191,765222,246,21,72,341,27,70
2192,503116,246,9,64,341,21,73
2193,896338,246,21,70,341,33,60
2194,896353,246,9,88,341,21,63
2195,896416,246,11,65,341,13,75
2196,896507,246,7,80,341,21,66
2197,241229,246,17,57,341,23,44
2198,241229,246,17,57,341,31,58
2199,634522,246,13,50,341,27,45
2200,634522,246,13,50,341,33,64
2201,634570,246,17,67,341,33,54
2202,372433,246,27,46,341,33,54
2203,372433,246,31,51,341,33,54
2204,372449,246,17,68,341,31,75
2205,765681,246,7,69,341,21,71
2206,765686,246,1,72,341,9,70
2207,765735,246,11,73,341,37,69
2208,372549,246,17,79,341,31,60
2209,896972,246,7,74,341,21,55
2210,241630,246,17,73,341,31,72
2211,503789,246,7,85,341,21,81
2212,110586,246,7,75,341,21,79
2213,110614,246,7,74,341,21,72
2214,766018,246,13,62,341,17,73
2215,110707,246,3,68,341,11,62
2216,503951,246,7,80,341,21,57
2217,372931,246,27,39,341,33,44
2218,372931,246,27,39,341,37,53
2220,372931,246,33,59,341,37,53
2221,504135,246,13,75,341,21,80
2222,373117,246,21,93,341,33,65
2223,373277,246,17,71,341,23,70
2224,242213,246,21,80,341,27,92
2225,897601,246,9,92,341,21,96
2226,766651,246,7,72,341,13,40
2227,766651,246,7,72,341,21,62
2228,504622,246,21,78,341,33,62
2229,635702,246,37,88,341,41,100
2230,897918,246,21,73,341,27,56
2231,504735,246,17,70,341,23,62
2232,766899,246,13,68,341,17,56
2233,766939,246,19,69,341,31,65
2234,242667,246,9,83,341,21,62
2235,111705,246,17,93,341,31,100
2236,111725,246,23,69,341,31,71
2237,636160,246,21,73,341,33,96
2238,898306,246,7,67,341,21,62
2239,767256,246,31,78,341,41,55
2240,898333,246,11,76,341,23,51
2241,374049,246,13,55,341,23,62
2242,505132,246,21,62,341,27,70
2243,243016,246,21,76,341,27,67
2244,898420,246,21,79,341,27,85
2245,112016,246,9,66,341,21,81
2246,112075,246,21,74,341,27,70
2247,898630,246,21,80,341,27,82
2248,767576,246,9,61,341,15,64
2249,112291,246,7,63,341,21,67
2250,374460,246,9,91,341,15,98
2251,112319,246,17,77,341,23,73
2252,243558,246,7,88,341,21,76
2253,767989,246,17,75,341,23,68
2254,505852,246,17,72,341,31,77
2255,243733,246,7,86,341,21,92
2257,899194,246,31,63,341,33,69
2258,112786,246,21,62,341,37,61
2259,637088,246,17,72,341,37,71
2260,506114,246,11,66,341,21,60
2261,768313,246,7,76,341,21,54
2262,375276,246,27,72,341,33,56
2264,768598,246,13,59,341,23,66
2265,637540,246,13,71,341,23,82
2266,375409,246,13,85,341,27,100
2267,244406,246,1,63,341,19,50
2268,637703,246,1,68,341,9,37
2269,637703,246,1,68,341,15,68
2270,768803,246,17,66,341,21,90
2271,637740,246,7,87,341,21,77
2272,375647,246,11,96,341,23,100
2273,375657,246,11,74,341,23,77
2274,506740,246,7,67,341,21,59
2275,244825,246,21,80,341,33,61
2276,375953,246,25,73,341,39,65
2277,900444,246,1,74,341,21,83
2278,769467,246,17,58,341,31,74
2279,638432,246,17,68,341,31,72
2280,376323,246,17,72,341,33,76
2281,114190,246,1,88,341,13,83
2282,114251,246,17,62,341,27,54
2283,245431,246,7,70,341,21,61
2284,376578,246,1,85,341,21,89
2285,900951,246,7,65,341,17,61
2286,770022,246,11,90,341,23,99
2287,770031,246,21,69,341,31,66
2288,376844,246,21,95,341,31,100
2289,377037,246,15,75,341,29,75
2290,639227,246,13,76,341,31,71
2291,246072,246,27,82,341,37,59
2292,508306,246,1,71,341,11,56
2293,115091,246,13,60,341,37,65
2294,115142,246,3,74,341,17,85
2295,901605,246,1,76,341,21,61
2296,770570,246,13,78,341,27,57
2297,770591,246,1,76,341,13,74
2298,377435,246,13,72,341,31,46
2299,639660,246,1,74,341,15,62
2300,639661,246,17,74,341,37,60
2301,115390,246,23,75,341,31,56
2302,377569,246,11,78,341,31,80
2303,901942,246,31,75,341,37,90
2304,246595,246,17,84,341,31,63
2305,508799,246,21,77,341,33,58
2306,770951,246,7,70,341,21,59
2307,246794,246,3,73,341,7,100
2308,115745,246,21,69,341,41,68
2309,246818,246,7,82,341,21,68
2310,115779,246,21,69,341,33,68
2311,115792,246,21,54,341,31,62
2312,771173,246,23,67,341,31,50
2313,640108,246,17,91,341,31,75
2314,115860,246,21,82,341,27,92
2315,640287,246,17,76,341,23,58
2316,378369,246,17,57,341,31,61
2317,771585,246,9,89,341,21,82
2318,509483,246,13,68,341,23,62
2319,640792,246,1,72,341,13,69
2320,771921,246,13,80,341,21,71
2321,509806,246,21,83,341,33,66
2322,116897,246,17,75,341,37,82
2323,772295,246,21,75,341,31,64
2325,117074,246,1,79,341,13,74
2326,641362,246,21,62,341,33,63
2327,510310,246,9,56,341,19,66
2328,641436,246,25,64,341,45,78
2329,248227,246,27,75,341,33,68
2330,772538,246,37,61,341,41,67
2331,903640,246,21,83,341,27,94
2332,248346,246,21,80,341,33,63
2333,772654,246,17,56,341,27,70
2334,641628,246,7,82,341,21,90
2335,248422,246,13,65,341,27,51
2336,772868,246,23,82,341,31,86
2337,248613,246,21,88,341,33,89
2338,641842,246,9,65,341,29,76
2339,773099,246,7,66,341,31,84
2340,117800,246,21,81,341,33,77
2341,117876,246,17,75,341,31,57
2342,511103,246,9,66,341,15,66
2343,773343,246,21,85,341,27,87
2344,380167,246,11,83,341,23,76
2345,773420,246,13,81,341,31,74
2346,380235,246,23,57,341,47,66
2347,380235,246,31,75,341,47,66
2348,118092,246,13,70,341,23,71
2349,773507,246,21,63,341,23,67
2350,249230,246,7,85,341,21,80
2351,642459,246,1,76,341,13,81
2352,118260,246,7,75,341,21,67
2353,642550,246,27,74,341,33,76
2354,118287,246,17,69,341,23,63
2355,249431,246,17,73,341,31,83
2356,904805,246,21,53,341,25,38
2357,904836,246,21,68,341,25,70
2358,380573,246,21,79,341,33,81
2359,380611,246,13,73,341,23,83
2360,249547,246,11,78,341,21,52
2361,511846,246,21,46,341,27,62
2363,642974,246,17,79,341,41,82
2364,774139,246,1,73,341,15,75
2365,249857,246,17,63,341,23,60
2366,905254,246,17,82,341,23,75
2368,905311,246,15,64,341,21,46
2369,905311,246,15,64,341,35,68
2370,512112,246,9,93,341,21,83
2371,381111,246,17,81,341,23,60
2372,381127,246,21,63,341,27,70
2373,512223,246,13,80,341,21,88
2374,250100,246,21,86,341,33,69
2375,643421,246,17,71,341,31,83
2376,381387,246,19,80,341,29,68
2377,381432,246,21,60,341,41,63
2378,119339,246,13,79,341,33,41
2379,119339,246,13,79,341,41,62
2380,774771,246,17,86,341,31,82
2381,774811,246,21,60,341,33,64
2382,119515,246,19,62,341,29,41
2383,905955,246,21,85,341,27,93
2384,512823,246,27,43,341,33,45
2385,512823,246,27,43,341,41,42
2387,512823,246,33,59,341,41,42
2388,775007,246,3,70,341,13,77
2389,119688,246,21,78,341,27,89
2390,644059,246,7,87,341,11,96
2391,644105,246,27,68,341,33,76
2392,382062,246,11,67,341,13,71
2393,775286,246,17,62,341,21,66
2394,120050,246,11,79,341,23,76
2395,775424,246,7,72,341,13,60
2396,906566,246,17,88,341,23,100
2397,120215,246,17,71,341,23,93
2398,906699,246,23,75,341,31,93
2399,644626,246,9,80,341,21,84
2400,120364,246,19,67,341,21,58
2401,120378,246,17,91,341,27,83
2402,775823,246,21,71,341,33,85
2403,251596,246,13,70,341,21,65
2404,382748,246,27,55,341,33,66
2405,513894,246,11,78,341,23,65
2406,776061,246,21,81,341,27,65
2407,645183,246,21,73,341,33,65
2408,251978,246,17,81,341,31,72
2409,120936,246,17,76,341,31,88
2410,776335,246,21,73,341,37,81
2411,514205,246,23,66,341,37,50
2412,776404,246,21,66,341,27,72
2413,121072,246,1,90,341,11,84
2414,776533,246,7,72,341,13,69
2415,121217,246,7,82,341,21,80
2416,252296,246,19,61,341,25,67
2417,252314,246,9,73,341,29,64
2418,383404,246,15,66,341,29,63
2419,645552,246,13,80,341,21,68
2420,645642,246,17,70,341,23,67
2421,121392,246,21,70,341,27,60
2422,121414,246,1,79,341,3,46
2423,121414,246,1,79,341,7,82
2424,383570,246,11,71,341,21,67
2425,383571,246,9,67,341,15,53
2426,645724,246,17,69,341,31,61
2427,645741,246,15,66,341,21,59
2428,776878,246,17,61,341,31,58
2429,383689,246,21,73,341,27,70
2430,383763,246,21,74,341,33,78
2431,121661,246,33,76,341,41,99
2432,908120,246,33,75,341,43,43
2433,908120,246,33,75,341,51,69
2434,908134,246,13,87,341,17,70
2435,908161,246,27,71,341,33,59
2436,777142,246,1,72,341,13,58
2438,646346,246,11,77,341,13,81
2439,908561,246,11,70,341,13,76
2440,646445,246,11,70,341,19,95
2441,384348,246,23,70,341,27,55
2442,908655,246,1,65,341,3,46
2443,908655,246,1,65,341,7,72
2444,384386,246,9,73,341,19,81
2445,646601,246,21,61,341,27,62
2446,384462,246,7,75,341,21,55
2447,122472,246,13,80,341,27,86
2448,646820,246,17,70,341,37,87
2449,909032,246,13,62,341,21,50
2450,646922,246,7,75,341,21,86
2451,122665,246,13,82,341,21,73
2452,384815,246,23,80,341,27,80
2453,778032,246,11,58,341,21,64
2454,778120,246,17,67,341,23,92
2455,515981,246,3,76,341,31,70
2456,516037,246,21,68,341,33,62
2457,909292,246,13,78,341,23,62
2458,385133,246,11,50,341,13,30
2459,385133,246,11,50,341,21,50
2460,778399,246,13,62,341,31,57
2461,516303,246,1,91,341,3,98
2462,123181,246,13,79,341,21,78
2463,123187,246,17,50,341,31,63
2464,909623,246,27,69,341,33,40
2465,909623,246,27,69,341,41,79
2466,778643,246,21,62,341,37,58
2467,385436,246,17,73,341,23,73
2468,647590,246,11,83,341,21,53
2469,516555,246,17,85,341,23,64
2470,909823,246,17,83,341,23,76
2471,778793,246,9,86,341,21,76
2472,778841,246,23,80,341,31,68
2473,909980,246,17,78,341,31,80
2474,910055,246,23,73,341,33,50
2475,385780,246,7,77,341,13,71
2476,254739,246,11,69,341,13,50
2477,516981,246,21,70,341,31,62
2478,910200,246,13,87,341,33,60
2479,779164,246,21,55,341,27,59
2480,517213,246,1,73,341,21,65
2481,255096,246,21,93,341,33,90
2482,779462,246,17,81,341,31,83
2483,517366,246,11,80,341,17,71
2484,386310,246,7,79,341,21,67
2485,648507,246,9,71,341,21,71
2486,386436,246,21,84,341,27,78
2487,386471,246,17,76,341,31,68
2488,124369,246,31,81,341,35,73
2489,648672,246,21,87,341,27,85
2490,779772,246,17,87,341,23,93
2492,255542,246,17,50,341,23,44
2493,255542,246,17,50,341,31,50
2494,124550,246,21,81,341,33,75
2495,255716,246,17,83,341,31,73
2496,386823,246,23,79,341,37,54
2497,911172,246,17,89,341,31,95
2498,255833,246,13,79,341,27,60
2499,911260,246,13,77,341,21,50
2500,518161,246,21,61,341,33,37
2501,518161,246,21,61,341,47,55
2502,124973,246,9,59,341,11,84
2503,518208,246,17,88,341,23,81
2504,256091,246,21,64,341,23,55
2505,387250,246,7,81,341,13,74
2506,649404,246,21,80,341,33,62
2507,387277,246,27,77,341,33,100
2508,649454,246,17,77,341,31,65
2509,780616,246,15,58,341,19,56
2510,125322,246,15,83,341,21,88
2511,911783,246,17,61,341,23,67
2512,911794,246,21,78,341,33,64
2513,518605,246,21,69,341,27,64
2514,911863,246,15,56,341,21,57
2515,387644,246,7,72,341,21,62
2516,256614,246,3,64,341,13,50
2517,387798,246,17,88,341,31,94
2518,781031,246,13,79,341,17,68
2519,781087,246,1,78,341,9,68
2520,387910,246,7,84,341,21,90
2521,387912,246,21,79,341,27,77
2522,125780,246,27,62,341,33,57
2523,519092,246,7,70,341,21,44
2524,519092,246,7,70,341,27,73
2525,912312,246,13,75,341,21,63
2526,781255,246,21,79,341,33,84
2527,256970,246,17,87,341,23,92
2528,650247,246,3,73,341,21,61
2529,912408,246,17,80,341,23,76
2530,781353,246,21,80,341,33,46
2531,781353,246,21,80,341,37,66
2532,650361,246,3,68,341,13,58
2533,650380,246,11,65,341,21,77
2534,126131,246,13,77,341,21,69
2535,126314,246,17,75,341,31,71
2536,781716,246,11,56,341,21,60
2537,519633,246,11,53,341,27,66
2538,388581,246,7,73,341,23,77
2539,257588,246,9,90,341,11,96
2540,126524,246,7,77,341,21,66
2541,388684,246,21,65,341,27,64
2542,126560,246,15,58,341,19,51
2543,781922,246,21,71,341,27,59
2544,257798,246,15,80,341,29,70
2545,257809,246,1,78,341,13,70
2546,126772,246,21,85,341,27,70
2547,520067,246,3,61,341,17,72
2548,651171,246,21,63,341,33,60
2549,389176,246,13,76,341,21,85
2550,258184,246,27,72,341,33,58
2551,258220,246,1,84,341,21,62
2552,520372,246,17,76,341,23,52
2553,651468,246,7,71,341,17,61
2554,782623,246,1,70,341,19,65
2555,127292,246,23,69,341,33,59
2556,127344,246,3,77,341,17,91
2557,651702,246,17,91,341,23,97
2558,914167,246,21,85,341,23,99
2559,127843,246,17,78,341,31,76
2560,783260,246,17,58,341,27,50
2561,652192,246,17,65,341,31,68
2562,390061,246,11,85,341,23,94
2563,259028,246,1,77,341,13,82
2564,127988,246,21,67,341,29,65
2565,390232,246,13,80,341,43,89
2566,652446,246,23,83,341,33,59
2567,390335,246,25,65,341,39,56
2568,521410,246,21,65,341,33,52
2569,783574,246,13,76,341,41,60
2570,783605,246,11,66,341,21,76
2571,783639,246,1,89,341,21,72
2572,914726,246,9,62,341,21,52
2573,521525,246,17,72,341,23,80
2574,783907,246,21,68,341,33,57
2575,259654,246,21,71,341,33,86
2576,915015,246,13,80,341,17,72
2577,652957,246,1,83,341,13,77
2578,390839,246,13,73,341,17,71
2579,521917,246,1,71,341,9,69
2580,784071,246,17,67,341,23,80
2581,390860,246,21,55,341,33,46
2582,390860,246,21,55,341,37,73
2583,915208,246,17,73,341,31,79
2584,653126,246,17,78,341,23,70
2585,915275,246,7,73,341,21,53
2586,653133,246,21,85,341,27,91
2587,391015,246,17,71,341,23,70
2588,522108,246,17,79,341,37,83
2589,915429,246,13,28,341,33,50
2590,915429,246,23,59,341,33,50
2591,915442,246,11,76,341,15,80
2592,653399,246,13,79,341,23,71
2593,784479,246,17,83,341,23,76
2594,915646,246,7,67,341,21,67
2595,915647,246,11,86,341,31,75
2596,260290,246,21,55,341,27,56
2597,260290,246,21,55,341,33,52
2598,784604,246,7,79,341,21,64
2599,391425,246,21,69,341,27,83
2600,784675,246,21,81,341,27,81
2601,785014,246,21,70,341,27,71
2602,523019,246,1,85,341,13,63
2603,391956,246,3,77,341,13,68
2604,391981,246,23,85,341,27,95
2605,785223,246,1,84,341,13,69
2606,916303,246,9,74,341,21,68
2607,260970,246,21,70,341,27,82
2608,261000,246,17,82,341,31,71
2609,785372,246,13,88,341,21,91
2610,654350,246,7,70,341,21,63
2611,916636,246,9,84,341,21,67
2612,523428,246,21,88,341,33,90
2613,654503,246,17,82,341,23,73
2614,130217,246,23,52,341,27,55
2615,785631,246,9,71,341,21,79
2616,654571,246,21,75,341,27,56
2617,130302,246,17,70,341,31,69
2618,785682,246,15,76,341,21,66
2619,523643,246,9,83,341,15,96
2620,785788,246,15,83,341,17,57
2621,523731,246,19,74,341,25,69
2622,261605,246,13,83,341,21,87
2623,917019,246,15,81,341,21,72
2624,654883,246,23,69,341,31,62
2625,261820,246,21,78,341,27,99
2626,392923,246,5,70,341,19,54
2627,130809,246,9,46,341,21,59
2628,130809,246,15,68,341,21,59
2629,130852,246,7,82,341,27,71
2630,917303,246,17,68,341,23,43
2631,917303,246,17,68,341,27,66
2632,393040,246,23,78,341,41,38
2633,393040,246,23,78,341,43,51
2634,393059,246,21,54,341,31,32
2635,917370,246,7,76,341,17,87
2636,393110,246,9,60,341,29,29
2637,393110,246,9,60,341,45,74
2638,131062,246,7,75,341,21,62
