,StudentID,CourseNumber_x,Term_x,Grade_x,CourseNumber_y,Term_y,Grade_y
0,131188,246,21,61,486,57,50
1,131252,246,21,73,486,27,66
2,524634,246,21,73,486,41,82
3,262913,246,7,82,486,27,90
4,787296,246,11,65,486,27,52
5,525401,246,9,69,486,31,72
6,656627,246,13,74,486,21,67
7,656717,246,27,72,486,47,72
8,787843,246,7,81,486,27,75
9,394640,246,11,78,486,31,80
10,394865,246,31,69,486,41,68
11,526102,246,17,51,486,31,80
12,264142,246,9,80,486,15,83
13,788540,246,1,85,486,23,88
14,788547,246,17,54,486,37,67
15,526476,246,13,67,486,23,43
16,526476,246,13,67,486,31,43
17,133520,246,21,70,486,51,53
18,526806,246,21,69,486,41,58
19,264746,246,21,74,486,41,85
20,920196,246,21,62,486,47,60
21,264967,246,27,78,486,47,64
22,265140,246,19,46,486,31,46
23,265140,246,25,65,486,31,46
24,920646,246,17,85,486,31,91
25,396481,246,17,83,486,37,87
26,527861,246,1,82,486,17,86
27,790412,246,15,48,486,25,67
29,921584,246,7,76,486,33,50
30,266350,246,9,66,486,31,72
31,135634,246,9,86,486,15,91
32,135654,246,7,73,486,33,66
33,266750,246,27,75,486,41,72
34,528945,246,1,75,486,17,81
35,266931,246,11,92,486,37,84
36,398060,246,21,77,486,41,73
37,922902,246,15,64,486,31,57
38,136511,246,7,75,486,27,87
39,792065,246,21,66,486,37,60
40,136770,246,23,80,486,37,82
41,530055,246,13,73,486,31,55
42,923384,246,17,85,486,41,77
43,399262,246,11,73,486,31,55
44,661514,246,15,88,486,35,91
45,792757,246,9,90,486,31,97
46,530702,246,21,65,486,31,73
47,530835,246,21,74,486,29,79
48,399788,246,7,74,486,27,74
49,530912,246,11,78,486,41,80
50,269007,246,23,77,486,47,77
51,137990,246,27,77,486,43,80
52,924461,246,17,84,486,37,54
53,924489,246,13,62,486,41,73
54,793596,246,17,83,486,31,92
55,138354,246,9,87,486,29,75
56,400629,246,23,62,486,37,70
57,531965,246,21,52,486,41,62
58,925225,246,17,60,486,31,79
59,138796,246,7,81,486,27,90
60,138858,246,21,76,486,47,59
61,794306,246,17,81,486,43,71
62,663311,246,17,82,486,43,73
63,794400,246,21,46,486,43,71
64,794400,246,27,68,486,43,71
65,794432,246,7,66,486,27,74
66,794618,246,1,81,486,23,71
67,139307,246,21,46,486,41,60
68,139307,246,23,73,486,41,60
69,401612,246,21,69,486,43,78
70,532789,246,9,73,486,35,79
71,270650,246,13,70,486,41,72
72,794942,246,1,79,486,23,80
73,532935,246,13,72,486,31,57
74,795093,246,17,82,486,37,69
75,139739,246,13,80,486,37,77
76,270850,246,3,79,486,21,72
77,664243,246,21,85,486,41,88
78,795318,246,7,69,486,33,80
79,533296,246,27,73,486,43,59
80,271155,246,5,74,486,11,55
81,533465,246,15,75,486,35,83
82,271379,246,21,78,486,41,85
83,271472,246,13,70,486,41,83
84,533628,246,17,74,486,37,63
85,664915,246,1,90,486,7,87
86,140636,246,17,80,486,41,72
87,271716,246,31,78,486,47,89
88,140941,246,9,66,486,29,83
89,796317,246,11,75,486,31,73
90,272064,246,21,69,486,43,81
91,403160,246,17,76,486,31,77
92,534333,246,21,79,486,37,62
93,927632,246,15,75,486,25,68
94,272299,246,19,68,486,35,61
95,403411,246,21,66,486,43,72
96,665647,246,21,76,486,27,78
97,403527,246,9,87,486,21,75
98,534603,246,17,87,486,33,89
99,534620,246,23,82,486,43,74
100,403610,246,7,77,486,27,60
101,928379,246,13,77,486,43,74
102,928493,246,13,70,486,41,74
103,404241,246,1,65,486,29,57
104,273177,246,21,71,486,43,67
105,273411,246,19,73,486,29,81
106,535638,246,13,68,486,27,79
107,535722,246,1,71,486,27,54
108,404743,246,17,83,486,43,96
109,142701,246,17,59,486,41,59
110,798141,246,1,65,486,21,67
111,536105,246,21,82,486,41,86
112,273977,246,21,82,486,41,71
113,143030,246,23,50,486,51,76
114,143106,246,27,73,486,47,44
115,143436,246,17,80,486,37,71
116,143461,246,9,61,486,29,58
117,798862,246,17,83,486,31,72
118,143517,246,11,68,486,29,70
119,798966,246,17,73,486,37,79
120,274882,246,27,71,486,43,70
121,144003,246,13,73,486,41,77
122,537387,246,21,74,486,43,83
123,799627,246,13,79,486,41,93
124,144275,246,11,78,486,27,71
125,799649,246,7,77,486,23,84
126,537542,246,13,79,486,31,79
127,406619,246,21,73,486,41,78
128,275913,246,1,69,486,21,67
129,931291,246,13,87,486,23,93
130,276104,246,7,70,486,31,70
131,800535,246,21,86,486,37,83
132,276256,246,13,50,486,41,61
133,669558,246,17,79,486,37,80
134,145284,246,21,68,486,31,75
135,407676,246,21,73,486,43,71
136,932001,246,21,81,486,41,100
137,932347,246,13,70,486,23,84
138,277011,246,21,54,486,41,79
139,932437,246,21,80,486,43,92
140,408158,246,1,79,486,13,82
141,801399,246,9,68,486,29,69
142,801457,246,11,59,486,51,70
143,670549,246,9,80,486,29,89
144,146442,246,1,72,486,21,76
145,932939,246,1,69,486,27,75
146,277600,246,1,76,486,21,79
147,146581,246,7,79,486,27,87
148,146601,246,11,69,486,33,62
149,539975,246,7,79,486,23,71
150,802148,246,17,63,486,37,56
151,933353,246,17,83,486,41,90
152,278032,246,27,91,486,41,81
153,933410,246,17,82,486,37,81
154,409288,246,7,84,486,17,81
155,671542,246,17,68,486,37,88
156,671697,246,15,79,486,35,41
157,671697,246,15,79,486,39,56
158,409608,246,13,59,486,31,64
159,409786,246,1,74,486,27,78
160,672162,246,27,76,486,41,81
161,672188,246,21,80,486,41,63
162,934488,246,17,87,486,43,70
163,279140,246,17,73,486,37,72
164,803542,246,7,80,486,27,63
165,410494,246,11,70,486,47,67
166,410514,246,13,62,486,27,80
167,148585,246,1,75,486,11,78
168,673036,246,17,86,486,37,81
169,542140,246,25,63,486,35,63
170,148951,246,1,81,486,7,89
171,673282,246,7,69,486,37,85
172,935517,246,9,94,486,29,57
173,149559,246,7,79,486,33,78
174,542945,246,21,68,486,41,63
175,280945,246,7,71,486,27,78
176,805252,246,21,80,486,41,83
177,936396,246,17,81,486,37,75
178,674288,246,21,73,486,27,75
179,674299,246,21,87,486,31,84
180,150060,246,25,55,486,31,54
181,936566,246,1,82,486,21,79
182,936571,246,1,80,486,29,64
183,936796,246,3,71,486,23,79
184,543740,246,3,85,486,23,92
185,805911,246,17,67,486,37,78
186,150594,246,1,72,486,23,77
187,543870,246,17,73,486,37,77
188,675020,246,27,80,486,37,90
189,806285,246,17,68,486,37,62
190,675371,246,19,66,486,25,73
191,937616,246,33,71,486,47,78
192,151211,246,13,57,486,31,86
193,282296,246,21,50,486,47,63
194,282296,246,23,68,486,47,63
195,544465,246,9,69,486,29,66
196,937875,246,15,56,486,41,84
197,675865,246,13,64,486,41,58
198,544800,246,11,97,486,31,98
199,151689,246,21,62,486,41,81
200,544952,246,3,52,486,27,69
201,938333,246,11,77,486,37,64
202,938497,246,1,90,486,27,67
203,676457,246,13,70,486,27,66
204,807636,246,27,82,486,43,79
205,283569,246,13,60,486,31,18
206,152510,246,21,72,486,37,61
207,152740,246,19,73,486,35,54
208,283841,246,13,72,486,31,89
209,808153,246,21,74,486,41,63
210,939316,246,13,66,486,41,71
211,939437,246,21,78,486,43,71
212,939762,246,1,74,486,11,80
213,415529,246,17,73,486,37,68
214,940068,246,13,88,486,31,85
215,153736,246,17,79,486,37,87
216,415986,246,19,70,486,45,63
217,809226,246,27,80,486,47,78
218,284991,246,21,78,486,43,79
219,547192,246,21,79,486,41,83
220,809553,246,17,72,486,41,70
221,285269,246,27,63,486,51,52
222,154198,246,15,70,486,25,69
223,940774,246,7,70,486,37,72
224,809759,246,1,76,486,23,54
225,416608,246,21,83,486,43,80
226,285602,246,1,82,486,21,73
227,285873,246,7,68,486,27,76
228,154962,246,9,72,486,31,60
229,417409,246,21,66,486,47,58
230,286600,246,11,58,486,21,67
231,417896,246,21,81,486,41,88
232,942196,246,17,92,486,37,91
233,942283,246,7,72,486,33,53
234,287048,246,17,80,486,47,82
235,811535,246,21,70,486,41,66
236,549442,246,1,74,486,11,68
237,549481,246,21,79,486,41,86
238,418643,246,17,46,486,37,78
239,418643,246,27,72,486,37,78
240,418755,246,21,72,486,43,69
241,943077,246,7,79,486,27,85
242,549899,246,9,86,486,29,91
243,287896,246,13,70,486,77,89
244,287964,246,13,52,486,43,60
245,287987,246,21,82,486,43,85
246,550330,246,17,50,486,37,69
247,419311,246,7,60,486,27,60
248,943619,246,1,77,486,23,92
249,157271,246,11,88,486,37,67
250,157391,246,21,75,486,31,82
251,943989,246,21,58,486,41,71
252,419973,246,13,75,486,41,80
253,157976,246,7,83,486,27,75
254,813779,246,17,71,486,31,68
255,420631,246,17,88,486,43,87
256,551747,246,7,62,486,27,92
257,289655,246,13,95,486,31,76
258,158683,246,13,87,486,27,88
259,158753,246,17,80,486,31,66
260,552151,246,23,69,486,47,64
261,159051,246,9,86,486,31,83
262,945996,246,27,70,486,47,80
263,946160,246,17,85,486,37,72
264,684112,246,13,72,486,43,65
265,684225,246,17,64,486,37,65
266,159949,246,21,82,486,41,83
267,160205,246,17,73,486,43,60
268,815657,246,15,78,486,31,63
269,815672,246,11,73,486,47,68
270,684720,246,17,56,486,33,67
271,553777,246,13,83,486,31,95
272,553831,246,21,63,486,41,82
273,291758,246,21,64,486,43,55
274,685019,246,3,63,486,31,52
275,685033,246,3,66,486,21,84
276,291891,246,33,91,486,47,87
277,422983,246,11,82,486,31,85
278,816273,246,19,70,486,31,76
279,685254,246,17,78,486,37,85
280,947423,246,31,80,486,51,86
281,685338,246,11,95,486,37,80
282,554702,246,23,86,486,41,88
283,423722,246,15,53,486,31,72
284,685995,246,9,74,486,31,88
285,423917,246,11,72,486,31,50
286,292930,246,27,82,486,41,70
287,161887,246,17,75,486,37,83
288,424289,246,1,88,486,21,81
289,948648,246,9,81,486,31,76
290,555508,246,15,84,486,25,74
291,948783,246,13,82,486,23,72
292,424529,246,9,77,486,29,80
293,686674,246,21,88,486,41,88
294,162450,246,17,84,486,37,94
295,817852,246,1,77,486,19,78
296,555885,246,1,45,486,27,73
297,555885,246,3,70,486,27,73
298,949298,246,21,70,486,43,55
299,687361,246,21,66,486,41,66
300,556331,246,9,73,486,29,73
301,294200,246,21,82,486,41,82
302,425297,246,11,77,486,27,71
303,818549,246,21,74,486,41,83
304,818566,246,17,88,486,23,83
305,425378,246,11,73,486,31,77
306,294591,246,9,72,486,31,40
307,950086,246,7,85,486,27,79
308,819070,246,13,77,486,23,69
309,295038,246,13,68,486,31,78
310,950474,246,17,68,486,33,78
311,950563,246,21,79,486,41,72
312,557475,246,1,70,486,17,67
313,295424,246,17,86,486,37,82
314,688654,246,11,46,486,27,76
315,688654,246,17,65,486,27,76
316,164440,246,13,76,486,33,69
317,164514,246,17,69,486,27,84
318,950975,246,13,75,486,31,77
319,426693,246,31,71,486,51,61
320,820009,246,7,80,486,33,67
321,164726,246,27,71,486,47,66
322,689026,246,13,78,486,27,89
323,689050,246,17,84,486,37,86
324,689285,246,1,74,486,21,76
325,820372,246,11,66,486,21,50
326,296334,246,17,73,486,51,73
327,165313,246,17,67,486,37,75
328,165373,246,7,75,486,33,77
329,689685,246,13,78,486,31,75
330,558618,246,21,89,486,41,69
331,165431,246,17,83,486,31,88
332,820912,246,9,65,486,31,69
333,165577,246,27,72,486,47,78
334,689890,246,17,78,486,31,57
335,558977,246,1,71,486,19,59
336,428007,246,17,75,486,47,85
337,690183,246,15,70,486,25,65
338,166012,246,1,72,486,21,69
339,952494,246,7,73,486,27,77
340,559393,246,17,97,486,37,97
341,952639,246,7,81,486,23,85
342,297285,246,17,75,486,43,78
343,821800,246,7,86,486,33,90
344,821809,246,7,89,486,21,75
345,952972,246,7,67,486,17,73
346,297685,246,17,78,486,43,86
347,822137,246,17,73,486,41,59
348,297917,246,21,96,486,33,95
349,298316,246,17,74,486,31,82
350,167249,246,11,91,486,37,87
351,691539,246,17,44,486,35,50
352,691539,246,21,61,486,35,50
353,822670,246,9,78,486,29,84
354,429633,246,15,87,486,41,95
355,822875,246,11,76,486,33,97
356,429712,246,17,76,486,37,59
357,954006,246,7,69,486,27,75
358,823053,246,27,67,486,41,51
359,561100,246,29,54,486,41,50
360,430084,246,21,80,486,41,71
361,954629,246,21,81,486,31,62
362,430402,246,13,89,486,27,87
363,954700,246,9,75,486,29,76
364,692679,246,3,79,486,21,79
365,299531,246,21,90,486,43,83
366,430643,246,13,86,486,33,78
367,430725,246,15,79,486,35,72
368,168888,246,21,87,486,41,86
369,693452,246,21,80,486,41,84
370,824529,246,15,83,486,41,86
371,562572,246,17,73,486,31,64
372,955808,246,13,78,486,33,68
373,693742,246,3,75,486,21,84
374,824996,246,21,81,486,41,74
375,562886,246,21,94,486,43,86
376,169772,246,21,74,486,41,81
377,956230,246,15,76,486,29,72
378,563222,246,23,67,486,47,75
379,563252,246,11,62,486,41,81
380,170058,246,13,81,486,27,83
381,432265,246,17,72,486,37,81
382,170256,246,7,84,486,31,75
383,563507,246,17,77,486,31,71
384,694658,246,21,73,486,41,60
385,301520,246,1,85,486,23,81
386,432621,246,9,65,486,35,90
387,170690,246,7,86,486,27,94
388,170728,246,13,64,486,43,80
389,170904,246,21,76,486,41,83
390,695597,246,1,81,486,17,90
391,433484,246,1,87,486,13,78
392,171363,246,11,96,486,31,96
393,302482,246,1,88,486,21,85
394,957989,246,1,84,486,13,65
395,564970,246,21,84,486,33,85
396,434052,246,17,59,486,31,87
397,434075,246,1,79,486,17,81
398,565332,246,19,80,486,35,61
399,172214,246,13,77,486,43,65
400,434487,246,17,75,486,37,72
401,827715,246,21,83,486,41,90
402,827970,246,21,81,486,33,91
403,828202,246,15,60,486,25,70
404,959339,246,21,58,486,31,63
405,828405,246,17,57,486,37,67
406,304120,246,13,77,486,37,71
407,173087,246,25,60,486,35,58
408,828649,246,11,74,486,27,86
409,173329,246,17,92,486,31,81
410,304558,246,21,60,486,41,76
411,959987,246,31,55,486,43,44
412,435703,246,17,80,486,31,88
413,697896,246,17,89,486,31,83
414,304800,246,33,71,486,43,83
415,305087,246,17,51,486,37,66
416,829762,246,9,73,486,21,46
417,436839,246,17,54,486,37,79
418,961292,246,23,74,486,37,64
419,305970,246,17,80,486,41,82
420,699303,246,17,90,486,31,94
421,699310,246,21,70,486,37,71
422,306136,246,1,88,486,21,50
423,175111,246,17,57,486,31,54
424,568353,246,27,53,486,43,63
425,830585,246,17,88,486,27,89
426,437503,246,19,70,486,29,51
427,568698,246,11,79,486,41,92
428,175488,246,27,60,486,41,65
429,961965,246,21,65,486,33,73
430,437764,246,21,77,486,41,77
431,175686,246,17,82,486,41,91
432,306840,246,17,63,486,37,63
433,831219,246,21,59,486,35,67
434,175970,246,11,74,486,27,87
435,962421,246,9,82,486,25,74
436,831735,246,9,58,486,31,68
437,831941,246,13,85,486,33,78
438,176665,246,17,57,486,43,56
439,569944,246,15,84,486,29,70
440,832180,246,13,73,486,31,60
441,307903,246,21,46,486,43,58
442,307903,246,23,64,486,43,58
443,832304,246,21,71,486,41,76
444,963412,246,7,75,486,37,61
445,963543,246,1,78,486,21,67
446,570398,246,17,84,486,37,86
447,177445,246,11,69,486,31,64
448,177847,246,1,65,486,25,81
449,833210,246,7,73,486,33,76
450,702161,246,17,63,486,37,53
451,440275,246,1,82,486,21,71
452,440425,246,13,80,486,43,72
453,178415,246,21,93,486,41,76
454,702855,246,21,88,486,43,88
455,178609,246,21,41,486,35,85
456,178609,246,25,61,486,35,85
457,178728,246,7,75,486,27,76
458,571993,246,11,88,486,23,89
459,440941,246,3,70,486,23,79
460,572145,246,21,76,486,41,62
461,572231,246,9,95,486,31,80
462,703675,246,17,80,486,27,64
463,179629,246,17,85,486,31,80
464,442320,246,25,67,486,41,65
465,442466,246,15,72,486,41,46
466,442466,246,15,72,486,49,56
467,835703,246,15,89,486,35,87
468,704831,246,21,65,486,41,72
469,180559,246,13,46,486,37,67
470,180559,246,17,63,486,37,67
471,573779,246,19,67,486,45,71
472,180625,246,13,89,486,43,93
473,836084,246,3,76,486,17,74
474,311798,246,13,90,486,37,88
475,967409,246,21,46,486,47,78
476,967409,246,23,66,486,47,78
477,312164,246,17,70,486,31,67
478,967592,246,9,96,486,31,95
479,181332,246,21,91,486,41,56
480,574548,246,11,76,486,25,59
481,705758,246,13,87,486,51,81
482,443657,246,13,72,486,33,67
483,443708,246,13,80,486,33,73
484,181758,246,1,56,486,21,50
485,837135,246,21,86,486,43,78
486,313006,246,13,74,486,43,75
487,837314,246,17,66,486,41,78
488,313361,246,3,81,486,17,79
489,575695,246,17,81,486,37,85
490,706794,246,13,82,486,27,82
491,313726,246,7,64,486,27,74
492,576188,246,11,83,486,31,73
493,838344,246,11,71,486,33,78
494,445348,246,17,82,486,37,94
495,445431,246,17,89,486,37,89
496,314716,246,7,74,486,33,64
497,445827,246,7,73,486,37,67
498,445831,246,7,74,486,27,64
499,314806,246,3,63,486,17,78
500,970283,246,17,70,486,43,70
501,315048,246,13,65,486,33,89
502,970589,246,7,81,486,27,79
503,446304,246,1,76,486,27,68
504,446440,246,17,73,486,31,76
505,970736,246,21,79,486,41,72
506,577553,246,11,91,486,31,74
507,577555,246,21,92,486,41,79
508,577594,246,21,65,486,41,70
509,184522,246,17,73,486,31,80
510,315884,246,11,59,486,27,81
511,709140,246,21,53,486,41,70
512,447139,246,21,85,486,41,77
513,709403,246,13,80,486,27,78
514,971616,246,13,68,486,37,77
515,709537,246,7,78,486,33,85
516,840768,246,15,67,486,25,62
517,447575,246,17,81,486,41,77
518,185693,246,17,60,486,31,80
519,316801,246,23,69,486,47,72
520,316925,246,7,82,486,21,87
521,185885,246,11,68,486,29,59
522,972337,246,27,66,486,47,71
523,972460,246,17,67,486,41,75
524,841534,246,21,79,486,41,80
525,579481,246,13,69,486,31,87
526,186283,246,1,83,486,31,87
527,317376,246,11,76,486,17,71
528,972785,246,11,85,486,23,90
529,448579,246,13,86,486,41,94
530,448596,246,7,77,486,27,87
531,317560,246,21,87,486,47,59
532,317727,246,15,61,486,41,63
533,973110,246,11,69,486,23,84
534,580116,246,1,71,486,21,82
535,318056,246,21,68,486,37,83
536,711314,246,17,91,486,31,88
537,449201,246,13,82,486,41,70
538,973582,246,13,69,486,33,55
539,842542,246,19,62,486,35,65
540,318260,246,11,70,486,31,63
541,187203,246,7,78,486,31,69
542,580539,246,17,85,486,37,86
543,449627,246,13,62,486,23,76
544,842889,246,17,57,486,43,57
545,318602,246,13,85,486,37,99
546,580819,246,17,70,486,31,77
547,843003,246,17,76,486,41,68
548,318789,246,29,51,486,41,74
549,187751,246,17,82,486,37,88
550,187777,246,7,88,486,27,88
551,580993,246,23,75,486,43,71
552,712086,246,3,78,486,21,78
553,318925,246,1,81,486,21,87
554,712223,246,11,72,486,19,79
555,450108,246,17,80,486,31,67
556,712295,246,1,82,486,35,67
557,319082,246,17,56,486,37,54
558,450211,246,21,53,486,47,76
559,712389,246,7,74,486,27,82
560,450477,246,17,73,486,37,71
561,843737,246,21,57,486,45,52
562,843737,246,31,74,486,45,52
563,974848,246,7,83,486,23,90
564,450561,246,21,70,486,41,72
565,974916,246,17,76,486,27,62
566,974948,246,7,74,486,27,78
567,974987,246,3,61,486,17,76
568,712859,246,9,75,486,29,84
569,581795,246,21,72,486,33,63
570,712979,246,1,88,486,21,86
571,581912,246,11,60,486,21,56
572,975145,246,21,72,486,33,79
573,581981,246,1,86,486,21,74
574,975355,246,17,77,486,43,63
575,320136,246,1,79,486,33,94
576,189073,246,17,81,486,43,68
577,975729,246,1,82,486,29,73
578,844796,246,21,73,486,37,71
579,975901,246,15,69,486,41,75
580,713858,246,17,77,486,47,68
581,713905,246,11,80,486,37,54
582,320713,246,7,88,486,27,96
583,714011,246,17,79,486,37,65
584,582947,246,17,88,486,37,85
585,583065,246,13,80,486,47,62
586,845250,246,17,60,486,37,78
587,714194,246,33,80,486,53,77
588,321069,246,21,50,486,41,85
589,845404,246,17,72,486,23,87
590,714635,246,9,73,486,31,92
591,976874,246,3,63,486,27,86
592,845864,246,1,82,486,11,80
593,976944,246,13,71,486,27,69
594,190900,246,13,72,486,23,86
595,190969,246,15,51,486,35,73
596,190972,246,17,69,486,31,82
597,977405,246,17,68,486,33,71
598,584199,246,11,79,486,33,72
599,322056,246,1,86,486,13,82
600,846387,246,13,85,486,23,93
601,191192,246,7,77,486,27,68
602,584571,246,21,82,486,47,79
603,716110,246,1,86,486,21,87
604,847409,246,21,67,486,43,55
605,192215,246,17,83,486,43,80
606,454387,246,1,98,486,23,80
607,192279,246,9,69,486,31,74
608,323398,246,15,70,486,31,59
609,978848,246,9,79,486,25,77
610,192570,246,1,72,486,21,76
611,192756,246,17,67,486,43,50
612,717056,246,7,79,486,21,88
613,454974,246,1,75,486,21,53
614,848494,246,7,86,486,31,66
615,848930,246,27,72,486,41,69
616,455753,246,1,78,486,15,79
617,586994,246,11,81,486,31,72
618,324856,246,17,77,486,47,59
619,849449,246,23,77,486,37,53
620,456259,246,7,50,486,27,66
621,456290,246,7,74,486,27,73
622,849641,246,21,92,486,47,79
623,325448,246,21,78,486,37,82
624,980878,246,3,60,486,21,68
625,587957,246,23,57,486,43,57
626,456977,246,13,79,486,33,62
627,456981,246,17,83,486,37,89
628,719166,246,13,90,486,41,70
629,719326,246,11,65,486,31,64
630,981625,246,17,89,486,43,69
631,719980,246,19,88,486,39,86
632,982173,246,9,64,486,29,77
633,851141,246,21,54,486,41,59
634,589263,246,21,77,486,43,74
635,982580,246,1,73,486,21,66
636,458552,246,1,64,486,29,74
637,983146,246,21,88,486,47,80
638,327843,246,7,71,486,27,77
639,721141,246,21,80,486,41,77
640,327978,246,13,78,486,33,85
641,983391,246,1,70,486,21,52
642,328033,246,57,85,486,63,72
643,328052,246,3,75,486,21,67
644,328123,246,17,83,486,31,83
645,590285,246,21,63,486,41,64
646,328498,246,29,59,486,39,50
647,983879,246,17,58,486,31,50
648,591043,246,11,65,486,23,79
649,197881,246,17,64,486,31,81
650,853309,246,9,83,486,25,55
651,460134,246,7,74,486,33,74
652,460210,246,15,53,486,25,61
653,329175,246,27,71,486,47,69
654,460307,246,21,75,486,31,71
655,984759,246,21,86,486,43,82
656,853796,246,13,83,486,31,80
657,198444,246,13,90,486,33,93
658,198769,246,15,60,486,35,62
659,854157,246,13,71,486,31,79
660,461072,246,11,82,486,41,82
661,330040,246,17,81,486,31,64
662,330046,246,21,69,486,37,92
663,330264,246,1,68,486,21,65
664,854705,246,17,68,486,43,77
665,461704,246,17,89,486,37,84
666,330648,246,7,77,486,27,77
667,592822,246,13,78,486,37,80
668,854990,246,9,83,486,31,72
669,986213,246,3,85,486,17,83
670,724257,246,27,65,486,43,59
671,986434,246,11,75,486,27,90
672,855390,246,7,80,486,27,81
673,200101,246,17,62,486,37,80
674,462370,246,17,80,486,27,73
675,986672,246,21,83,486,43,61
676,200246,246,15,71,486,41,65
677,200326,246,17,83,486,37,90
678,986829,246,21,84,486,29,69
679,855793,246,17,68,486,37,77
680,200458,246,7,73,486,33,70
681,331557,246,13,69,486,31,73
682,855932,246,13,73,486,31,71
683,331770,246,21,90,486,41,79
684,594032,246,23,72,486,37,72
685,594248,246,1,67,486,27,79
686,201045,246,11,78,486,27,58
687,987479,246,21,67,486,31,72
688,463242,246,21,72,486,41,83
689,725474,246,13,80,486,33,91
690,725587,246,7,73,486,27,74
691,332396,246,13,50,486,27,81
692,725641,246,7,78,486,27,82
693,594720,246,21,80,486,43,83
694,463651,246,17,74,486,33,97
695,463773,246,15,80,486,31,88
696,725975,246,1,88,486,31,90
697,463990,246,13,78,486,41,75
698,988567,246,13,83,486,31,60
699,202136,246,17,71,486,23,67
700,595358,246,13,79,486,27,75
701,595424,246,13,68,486,27,74
702,464418,246,7,73,486,27,72
703,464421,246,13,88,486,31,85
704,988805,246,17,60,486,51,75
705,595834,246,17,72,486,31,65
706,858006,246,17,72,486,47,85
707,595921,246,11,40,486,27,64
708,595921,246,13,60,486,27,64
709,333837,246,17,66,486,47,74
710,333878,246,13,78,486,31,71
711,464999,246,9,76,486,29,73
712,858225,246,9,77,486,35,82
713,596137,246,1,74,486,21,89
714,465152,246,7,67,486,31,64
715,727425,246,1,78,486,7,80
716,858664,246,21,77,486,47,47
717,858707,246,13,65,486,23,64
718,465896,246,7,50,486,23,66
719,990194,246,7,81,486,17,80
720,990337,246,21,67,486,41,85
721,728256,246,9,77,486,29,79
722,335262,246,21,73,486,43,80
723,859699,246,19,59,486,45,34
724,859699,246,19,59,486,49,69
725,990822,246,19,60,486,35,74
726,728898,246,17,65,486,31,86
727,991087,246,11,74,486,29,76
728,204674,246,23,77,486,37,63
729,204747,246,13,68,486,31,50
730,991303,246,3,59,486,17,75
731,336023,246,7,80,486,41,88
732,860468,246,21,79,486,41,76
733,467327,246,1,84,486,27,54
734,991696,246,17,79,486,41,65
735,598481,246,27,74,486,43,67
736,860920,246,23,71,486,33,71
737,467787,246,17,92,486,37,91
738,205764,246,21,53,486,51,57
739,730056,246,13,75,486,43,85
740,730151,246,21,88,486,41,64
741,336966,246,1,60,486,17,78
742,861511,246,1,83,486,21,87
743,992766,246,13,73,486,41,68
744,468600,246,9,85,486,25,58
745,468781,246,21,83,486,43,74
746,206799,246,21,53,486,37,64
747,337955,246,7,76,486,27,75
748,731229,246,21,61,486,41,72
749,206966,246,11,75,486,31,68
750,206978,246,13,86,486,43,91
751,600205,246,21,67,486,31,66
752,862353,246,11,68,486,21,86
753,469242,246,17,84,486,37,81
754,731472,246,1,85,486,21,76
755,338314,246,17,63,486,37,79
756,731538,246,1,78,486,17,80
757,469473,246,15,85,486,25,77
758,862759,246,17,72,486,37,88
759,600719,246,7,74,486,27,84
760,993946,246,13,91,486,31,93
761,600744,246,11,71,486,37,73
762,994105,246,21,74,486,41,53
763,207735,246,21,81,486,41,87
764,863151,246,21,60,486,41,76
765,732162,246,7,85,486,27,85
766,207934,246,11,80,486,21,80
767,994504,246,17,84,486,31,87
768,863783,246,13,84,486,31,77
769,208770,246,7,84,486,31,71
770,995289,246,1,86,486,21,94
771,471017,246,17,76,486,31,67
772,602193,246,11,71,486,33,89
773,864581,246,21,73,486,51,45
774,864581,246,21,73,486,57,78
775,864692,246,7,70,486,33,76
776,733831,246,17,79,486,37,66
777,209846,246,13,68,486,31,73
778,865304,246,7,82,486,33,96
779,472265,246,17,72,486,31,88
780,603374,246,21,73,486,41,68
781,603463,246,51,69,486,61,43
782,603463,246,51,69,486,67,60
783,603550,246,27,83,486,41,81
784,341410,246,13,74,486,31,94
785,603559,246,11,81,486,29,72
786,210526,246,21,60,486,37,78
787,210543,246,17,68,486,37,63
788,603786,246,13,66,486,37,65
789,210593,246,17,62,486,31,84
790,603848,246,7,86,486,27,84
791,472869,246,9,91,486,31,92
792,866120,246,7,80,486,27,79
793,604300,246,23,72,486,41,76
794,604348,246,9,88,486,31,93
795,473457,246,17,68,486,43,67
796,211389,246,1,80,486,29,64
797,604831,246,7,76,486,43,77
798,342945,246,7,84,486,27,88
799,212027,246,13,75,486,51,69
800,605447,246,25,40,486,35,51
801,605447,246,27,50,486,35,51
802,343377,246,13,75,486,41,76
803,212338,246,13,51,486,31,72
804,605558,246,13,83,486,43,92
805,867813,246,7,78,486,27,80
806,998904,246,7,83,486,27,60
807,736761,246,21,75,486,41,88
808,999029,246,13,79,486,31,95
809,474754,246,21,89,486,41,92
810,213015,246,7,69,486,31,68
811,475295,246,13,83,486,31,67
812,868628,246,3,79,486,21,81
813,868790,246,1,85,486,21,84
814,475829,246,17,71,486,37,79
815,738198,246,21,77,486,41,90
816,476255,246,13,74,486,27,87
817,738415,246,13,80,486,33,83
818,214155,246,21,71,486,47,63
819,214339,246,9,82,486,29,54
820,476552,246,17,73,486,37,44
821,607778,246,7,79,486,17,90
822,345971,246,17,71,486,31,87
823,215026,246,17,72,486,37,68
824,215168,246,21,86,486,41,90
825,215186,246,21,72,486,41,63
826,739497,246,17,72,486,37,63
827,477636,246,17,60,486,31,59
828,871139,246,7,89,486,33,82
829,346876,246,17,73,486,37,78
830,215857,246,7,78,486,27,83
831,347233,246,17,50,486,27,68
832,871591,246,17,80,486,37,76
833,478616,246,15,77,486,35,74
834,478705,246,3,84,486,11,72
835,609843,246,19,50,486,29,88
836,216734,246,1,76,486,17,68
837,741084,246,21,64,486,41,51
838,347905,246,3,67,486,37,61
839,741313,246,9,77,486,29,66
840,741351,246,17,70,486,43,74
841,348184,246,23,82,486,37,70
842,872813,246,1,78,486,11,83
843,479916,246,17,93,486,43,89
844,479959,246,21,69,486,43,70
845,611330,246,17,81,486,37,78
846,349591,246,7,80,486,33,91
847,873948,246,7,65,486,31,59
848,349725,246,7,72,486,27,50
849,742951,246,19,58,486,35,67
850,481096,246,13,73,486,41,77
851,481224,246,7,66,486,37,43
852,612404,246,3,75,486,27,77
853,219195,246,7,73,486,23,58
854,874681,246,11,84,486,31,93
855,219373,246,1,81,486,11,69
856,219457,246,17,71,486,37,82
857,874976,246,37,60,486,51,58
858,612889,246,23,74,486,37,76
859,481876,246,23,79,486,37,80
860,481904,246,21,54,486,47,60
861,219884,246,13,75,486,33,66
862,351725,246,21,88,486,37,89
863,613958,246,11,85,486,47,61
864,613961,246,7,86,486,27,85
865,482890,246,11,53,486,23,70
866,351962,246,17,88,486,37,88
867,351971,246,5,86,486,25,82
868,483181,246,21,65,486,43,71
869,352137,246,9,81,486,31,66
870,483216,246,17,64,486,37,77
871,483239,246,17,67,486,27,66
872,876498,246,21,77,486,33,70
873,614383,246,17,83,486,37,83
874,483364,246,17,51,486,33,55
875,876928,246,1,88,486,21,75
876,877331,246,7,68,486,41,72
877,484317,246,13,74,486,27,79
878,222612,246,13,74,486,33,80
879,353817,246,17,63,486,33,74
880,616033,246,1,74,486,15,83
881,222861,246,17,83,486,37,90
882,747635,246,9,83,486,31,95
883,485739,246,17,75,486,31,79
884,616836,246,21,74,486,41,73
885,879176,246,7,75,486,21,77
886,223825,246,13,63,486,37,81
887,224233,246,1,80,486,21,77
888,355306,246,17,18,486,41,55
889,355306,246,23,62,486,41,55
890,486498,246,11,57,486,21,62
891,224408,246,21,70,486,41,69
892,355480,246,21,77,486,43,91
893,748738,246,1,76,486,31,72
894,224540,246,13,54,486,27,69
895,486792,246,17,63,486,31,85
896,486892,246,17,64,486,37,50
897,749370,246,17,78,486,43,88
898,618350,246,21,60,486,41,59
899,487313,246,21,57,486,33,80
900,618429,246,17,60,486,51,56
901,749621,246,7,81,486,27,86
902,880921,246,7,76,486,33,83
903,619241,246,17,62,486,31,63
904,357098,246,7,72,486,27,88
905,881437,246,13,59,486,31,56
906,226187,246,27,66,486,43,69
907,226323,246,7,77,486,21,84
908,488646,246,9,84,486,29,82
909,226648,246,11,57,486,23,84
910,488886,246,19,69,486,39,73
911,489094,246,7,72,486,27,88
912,358154,246,1,64,486,39,5
913,620429,246,9,87,486,31,92
914,882605,246,1,66,486,23,61
915,620507,246,21,53,486,43,67
916,751616,246,11,83,486,23,87
917,227710,246,3,70,486,27,66
918,227834,246,17,92,486,27,80
919,227921,246,1,70,486,21,68
920,883450,246,21,64,486,35,73
921,490394,246,21,80,486,41,84
922,359475,246,17,64,486,43,51
923,753020,246,15,83,486,49,93
924,753021,246,19,78,486,31,70
925,228896,246,17,72,486,37,76
926,491431,246,21,46,486,37,87
927,491431,246,23,64,486,37,87
928,229365,246,21,71,486,43,71
929,622603,246,1,64,486,21,68
930,491898,246,1,69,486,23,64
931,622976,246,27,56,486,47,52
932,754281,246,1,75,486,29,76
933,623395,246,9,63,486,29,62
934,361253,246,11,80,486,41,45
935,230295,246,15,63,486,21,71
936,361513,246,11,90,486,17,89
937,230485,246,7,69,486,27,79
938,492695,246,17,67,486,43,86
939,230640,246,7,81,486,23,77
940,230760,246,21,66,486,33,73
941,624168,246,7,83,486,27,88
942,231018,246,19,66,486,35,59
943,493191,246,21,81,486,41,70
944,362142,246,23,81,486,43,60
945,231120,246,13,65,486,41,67
946,755625,246,9,59,486,29,42
947,362545,246,15,77,486,41,60
948,886834,246,17,65,486,43,68
949,362557,246,21,62,486,33,63
950,624733,246,1,83,486,21,83
951,362607,246,1,87,486,31,86
952,100485,246,17,70,486,37,71
953,100728,246,13,84,486,33,73
954,362948,246,21,86,486,41,84
955,100816,246,11,46,486,21,61
956,100816,246,13,68,486,21,61
957,232022,246,17,84,486,31,74
958,494381,246,1,61,486,27,79
959,887666,246,13,82,486,31,95
960,494474,246,9,59,486,39,82
961,363490,246,7,83,486,27,85
962,494623,246,21,68,486,33,78
963,232575,246,1,74,486,21,71
964,756932,246,11,73,486,43,82
965,364059,246,9,51,486,21,50
966,233392,246,15,84,486,29,93
967,757882,246,23,73,486,47,62
968,889016,246,3,79,486,21,81
969,364752,246,21,64,486,37,72
970,495977,246,11,50,486,47,64
971,627073,246,17,60,486,37,85
972,496069,246,13,73,486,37,69
973,365043,246,9,82,486,31,82
974,365271,246,11,91,486,37,94
975,234236,246,13,71,486,23,66
976,103216,246,17,80,486,31,74
977,234345,246,21,73,486,31,71
978,890356,246,7,75,486,27,73
979,366079,246,11,64,486,23,62
980,628260,246,13,84,486,33,52
981,890406,246,17,78,486,23,83
982,890499,246,11,58,486,31,58
983,366278,246,11,79,486,17,87
984,497362,246,21,70,486,41,77
985,628449,246,7,77,486,31,79
986,497575,246,1,75,486,21,78
987,235559,246,9,69,486,31,79
988,628781,246,17,70,486,37,85
989,104655,246,17,88,486,37,86
990,628979,246,13,79,486,31,84
991,891420,246,13,79,486,43,69
992,105233,246,21,72,486,47,93
993,760680,246,11,73,486,31,73
994,498686,246,31,68,486,47,86
995,498827,246,17,76,486,37,66
996,367784,246,21,78,486,47,27
997,367784,246,21,78,486,51,66
998,498863,246,17,80,486,37,32
999,236947,246,11,64,486,31,83
1000,368144,246,13,78,486,33,83
1001,237098,246,3,78,486,21,53
1002,368181,246,21,68,486,31,75
1003,499434,246,21,90,486,33,92
1004,499573,246,9,60,486,31,55
1005,630751,246,17,66,486,31,79
1006,892934,246,21,74,486,43,72
1007,630959,246,9,65,486,25,81
1008,500063,246,13,66,486,31,71
1009,106994,246,21,64,486,43,64
1010,631476,246,17,63,486,31,82
1011,369336,246,13,80,486,31,78
1012,500489,246,7,75,486,27,75
1013,893883,246,17,54,486,47,65
1014,893984,246,17,65,486,27,72
1015,107606,246,21,77,486,41,88
1016,631947,246,5,73,486,25,83
1017,894171,246,17,69,486,41,55
1018,238895,246,17,71,486,31,60
1019,763357,246,13,82,486,37,74
1020,894432,246,15,70,486,25,78
1021,632304,246,13,73,486,41,69
1022,108115,246,1,84,486,23,79
1023,370369,246,11,86,486,17,82
1024,894931,246,13,92,486,23,64
1025,632796,246,15,67,486,41,75
1026,763886,246,17,90,486,37,87
1027,632883,246,21,53,486,37,92
1028,239764,246,21,89,486,41,87
1029,501979,246,9,82,486,29,79
1030,895235,246,17,73,486,43,85
1031,108897,246,1,78,486,23,78
1032,240013,246,31,60,486,43,71
1033,633284,246,21,70,486,41,83
1034,502431,246,21,77,486,37,83
1035,764612,246,9,69,486,29,86
1036,633702,246,7,82,486,27,84
1037,633871,246,13,74,486,41,90
1038,764945,246,17,83,486,37,86
1039,240915,246,1,95,486,13,89
1040,765222,246,21,72,486,37,78
1041,634570,246,17,67,486,51,55
1042,372449,246,17,68,486,37,90
1043,765686,246,1,72,486,19,79
1044,765735,246,11,73,486,47,55
1045,241630,246,17,73,486,37,76
1046,503789,246,7,85,486,27,76
1047,110586,246,7,75,486,33,74
1048,110707,246,3,68,486,13,75
1049,504135,246,13,75,486,31,74
1050,242213,246,21,80,486,33,88
1051,897601,246,9,92,486,31,95
1052,504622,246,21,78,486,41,80
1053,635702,246,37,88,486,53,74
1054,898306,246,7,67,486,37,58
1055,505132,246,21,62,486,43,52
1056,112016,246,9,66,486,31,50
1057,112075,246,21,74,486,43,64
1058,898630,246,21,80,486,41,92
1059,767576,246,9,61,486,29,56
1060,112291,246,7,63,486,27,73
1061,505852,246,17,72,486,43,70
1062,768096,246,27,62,486,41,64
1063,899194,246,31,63,486,43,44
1064,768313,246,7,76,486,33,58
1065,375276,246,27,72,486,51,57
1066,768598,246,13,59,486,31,83
1067,375409,246,13,85,486,33,91
1068,244406,246,1,63,486,21,71
1069,637703,246,1,68,486,29,73
1070,637740,246,7,87,486,37,95
1071,375953,246,25,73,486,51,74
1072,376323,246,17,72,486,43,76
1073,114190,246,1,88,486,17,86
1074,114251,246,17,62,486,31,82
1075,245431,246,7,70,486,27,76
1076,770022,246,11,90,486,31,86
1077,770031,246,21,69,486,37,43
1078,770031,246,21,69,486,41,63
1079,508306,246,1,71,486,21,77
1080,901942,246,31,75,486,47,85
1081,246794,246,3,73,486,13,79
1082,115860,246,21,82,486,31,69
1083,771585,246,9,89,486,29,88
1084,640792,246,1,72,486,21,71
1085,771921,246,13,80,486,43,84
1086,509806,246,21,83,486,41,89
1087,116897,246,17,75,486,37,79
1088,772295,246,21,75,486,37,69
1089,117074,246,1,79,486,21,91
1090,641362,246,21,62,486,41,53
1091,510310,246,9,56,486,25,67
1092,641436,246,25,64,486,55,78
1093,248227,246,27,75,486,41,81
1094,903640,246,21,83,486,41,90
1095,248346,246,21,80,486,43,69
1096,772868,246,23,82,486,37,74
1097,773099,246,7,66,486,33,83
1098,117800,246,21,81,486,41,85
1099,117876,246,17,75,486,37,82
1100,511103,246,9,66,486,31,69
1101,773343,246,21,85,486,41,86
1102,380167,246,11,83,486,31,79
1103,118092,246,13,70,486,41,65
1104,249230,246,7,85,486,27,89
1105,904836,246,21,68,486,29,52
1106,380573,246,21,79,486,41,85
1107,380611,246,13,73,486,31,73
1108,249547,246,11,78,486,23,64
1109,642974,246,17,79,486,47,84
1110,905254,246,17,82,486,37,73
1111,512112,246,9,93,486,29,89
1112,512223,246,13,80,486,31,88
1113,250100,246,21,86,486,41,87
1114,381432,246,21,60,486,47,50
1115,119688,246,21,78,486,43,61
1116,644105,246,27,68,486,41,78
1117,382062,246,11,67,486,21,90
1118,775286,246,17,62,486,31,79
1119,120050,246,11,79,486,31,67
1120,120215,246,17,71,486,43,80
1121,906699,246,23,75,486,37,67
1122,775823,246,21,71,486,41,66
1123,251596,246,13,70,486,27,74
1124,776061,246,21,81,486,43,60
1125,776139,246,23,80,486,47,81
1126,251978,246,17,81,486,37,77
1127,120936,246,17,76,486,37,85
1128,121072,246,1,90,486,13,88
1129,776533,246,7,72,486,21,69
1130,383404,246,15,66,486,41,51
1131,645642,246,17,70,486,27,75
1132,121414,246,1,79,486,13,76
1133,383570,246,11,71,486,31,67
1134,383571,246,9,67,486,29,60
1135,383689,246,21,73,486,51,75
1136,383763,246,21,74,486,41,76
1137,908120,246,33,75,486,53,55
1138,908134,246,13,87,486,21,89
1139,777142,246,1,72,486,23,68
1140,646346,246,11,77,486,21,67
1141,646445,246,11,70,486,25,85
1142,646820,246,17,70,486,51,78
1143,909032,246,13,62,486,23,72
1144,646922,246,7,75,486,27,76
1145,122665,246,13,82,486,33,68
1146,778120,246,17,67,486,31,76
1147,778399,246,13,62,486,33,62
1148,516303,246,1,91,486,11,99
1149,123181,246,13,79,486,31,53
1150,778643,246,21,62,486,41,38
1151,516555,246,17,85,486,31,77
1152,909980,246,17,78,486,37,75
1153,910055,246,23,73,486,41,86
1154,910200,246,13,87,486,47,83
1155,517213,246,1,73,486,27,78
1156,517366,246,11,80,486,23,79
1157,386310,246,7,79,486,33,80
1158,648507,246,9,71,486,31,73
1159,386471,246,17,76,486,51,74
1160,648672,246,21,87,486,43,82
1161,779772,246,17,87,486,37,90
1162,124550,246,21,81,486,41,84
1163,386823,246,23,79,486,47,56
1164,911172,246,17,89,486,47,77
1165,911260,246,13,77,486,31,66
1166,518208,246,17,88,486,31,72
1167,256091,246,21,64,486,37,59
1168,387250,246,7,81,486,27,86
1169,387277,246,27,77,486,41,86
1170,649454,246,17,77,486,43,69
1171,911783,246,17,61,486,37,64
1172,911794,246,21,78,486,41,64
1173,911863,246,15,56,486,25,59
1174,387644,246,7,72,486,33,76
1175,781031,246,13,79,486,27,71
1176,781087,246,1,78,486,21,89
1177,912312,246,13,75,486,33,82
1178,256970,246,17,87,486,41,84
1179,650247,246,3,73,486,23,70
1180,912408,246,17,80,486,31,75
1181,126131,246,13,77,486,41,69
1182,126314,246,17,75,486,37,68
1183,519633,246,11,53,486,43,76
1184,388581,246,7,73,486,33,89
1185,257588,246,9,90,486,25,90
1186,126524,246,7,77,486,27,65
1187,126560,246,15,58,486,31,54
1188,781922,246,21,71,486,33,67
1189,257798,246,15,80,486,41,76
1190,257809,246,1,78,486,17,76
1191,520067,246,3,61,486,13,69
1192,520372,246,17,76,486,37,61
1193,127344,246,3,77,486,21,89
1194,651702,246,17,91,486,33,82
1195,914167,246,21,85,486,37,91
1196,390061,246,11,85,486,31,79
1197,390335,246,25,65,486,49,56
1198,783639,246,1,89,486,27,81
1199,914726,246,9,62,486,29,56
1200,521525,246,17,72,486,31,63
1201,783907,246,21,68,486,41,80
1202,259654,246,21,71,486,41,92
1203,915015,246,13,80,486,33,88
1204,652957,246,1,83,486,21,83
1205,390839,246,13,73,486,33,68
1206,521917,246,1,71,486,25,76
1207,653126,246,17,78,486,43,67
1208,653133,246,21,85,486,53,78
1209,391015,246,17,71,486,31,56
1210,522108,246,17,79,486,47,78
1211,915429,246,13,28,486,37,54
1212,915429,246,23,59,486,37,54
1213,915442,246,11,76,486,19,78
1214,653399,246,13,79,486,27,78
1215,784479,246,17,83,486,31,86
1216,915646,246,7,67,486,33,68
1217,915647,246,11,86,486,41,87
1218,784675,246,21,81,486,37,86
1219,785014,246,21,70,486,43,87
1220,523019,246,1,85,486,27,64
1221,391956,246,3,77,486,21,79
1222,391981,246,23,85,486,41,87
1223,261000,246,17,82,486,43,83
1224,785372,246,13,88,486,27,97
1225,523428,246,21,88,486,43,93
1226,654503,246,17,82,486,37,84
1227,785631,246,9,71,486,29,75
1228,654571,246,21,75,486,43,62
1229,785788,246,15,83,486,41,65
1230,523731,246,19,74,486,29,61
1231,261605,246,13,83,486,27,88
1232,130852,246,7,82,486,33,62
1233,917303,246,17,68,486,37,57
1234,917370,246,7,76,486,21,70
1235,393110,246,9,60,486,49,56
1236,131062,246,7,75,486,31,66
