,StudentID,CourseNumber_x,Term_x,Grade_x,CourseNumber_y,Term_y,Grade_y
0,655430,251,13,78,246,27,84
1,131188,251,17,71,246,21,61
2,131205,251,11,92,246,17,74
3,131252,251,13,84,246,21,73
4,917788,251,3,83,246,11,62
5,524634,251,13,86,246,21,73
6,918214,251,11,79,246,21,72
7,262913,251,1,77,246,7,82
8,918323,251,1,74,246,9,67
9,787281,251,11,84,246,17,86
10,787296,251,3,84,246,11,65
11,918408,251,13,60,246,23,82
12,525401,251,1,73,246,9,69
13,656627,251,11,76,246,13,74
14,787766,251,3,74,246,11,69
15,656717,251,13,68,246,27,72
16,263554,251,7,83,246,21,70
17,787843,251,1,69,246,7,81
18,394640,251,3,89,246,11,78
19,525934,251,11,67,246,15,66
20,394865,251,17,62,246,31,69
21,526102,251,11,75,246,17,51
22,263986,251,1,87,246,7,90
23,526165,251,11,96,246,13,87
25,526365,251,11,63,246,21,54
27,788547,251,11,58,246,17,54
28,526476,251,11,71,246,13,67
29,919720,251,11,91,246,17,86
30,133520,251,13,69,246,21,70
31,395676,251,9,61,246,11,57
32,526806,251,13,77,246,21,69
33,264746,251,13,90,246,21,74
34,920196,251,13,56,246,21,62
36,133890,251,1,67,246,7,74
37,264967,251,13,73,246,27,78
38,265106,251,1,92,246,7,87
39,265140,251,15,52,246,19,46
40,265140,251,15,52,246,25,65
41,396242,251,7,69,246,11,50
42,134110,251,11,86,246,17,82
43,920646,251,11,93,246,17,85
44,658523,251,7,92,246,11,84
45,396481,251,11,59,246,17,83
46,658701,251,1,63,246,9,62
47,789824,251,11,80,246,19,80
48,265628,251,1,77,246,9,79
49,396798,251,17,93,246,21,84
50,396813,251,1,74,246,7,68
51,265752,251,1,67,246,7,75
52,265831,251,11,69,246,17,50
53,265956,251,7,85,246,17,65
55,790412,251,11,62,246,15,48
56,790412,251,11,62,246,25,74
57,528297,251,13,78,246,21,70
58,266156,251,11,79,246,17,80
59,921584,251,1,67,246,7,76
60,266249,251,11,81,246,17,71
61,266350,251,1,76,246,9,66
62,266465,251,13,78,246,21,67
64,135634,251,1,68,246,9,86
65,135654,251,1,67,246,7,73
66,266750,251,21,72,246,27,75
68,791160,251,1,87,246,9,85
70,398060,251,13,68,246,21,77
71,398071,251,1,68,246,7,73
72,660594,251,11,46,246,21,43
73,660594,251,11,46,246,23,65
74,660594,251,13,67,246,21,43
75,660594,251,13,67,246,23,65
76,267393,251,11,96,246,17,92
77,922902,251,5,64,246,15,64
78,136511,251,1,79,246,7,75
79,267721,251,11,78,246,17,90
80,398834,251,11,78,246,17,80
81,398848,251,13,62,246,27,50
82,792065,251,11,59,246,21,66
83,136770,251,17,86,246,23,80
84,398948,251,3,82,246,11,74
85,530055,251,11,69,246,13,73
86,136858,251,11,94,246,13,97
87,923384,251,11,76,246,17,85
88,792349,251,1,72,246,7,80
89,661296,251,11,58,246,23,40
90,661296,251,11,58,246,31,68
91,399262,251,3,66,246,11,73
92,923620,251,11,86,246,17,34
93,923620,251,11,86,246,23,42
94,923674,251,5,78,246,7,71
95,399422,251,1,84,246,9,90
96,530559,251,7,65,246,15,62
97,792757,251,1,94,246,9,90
98,530702,251,11,65,246,21,65
99,137521,251,7,85,246,11,70
100,399758,251,11,65,246,13,43
101,399758,251,11,65,246,17,50
102,530835,251,11,46,246,21,74
103,530835,251,15,73,246,21,74
105,924089,251,7,68,246,13,74
106,530912,251,5,68,246,11,78
107,662040,251,3,94,246,13,92
108,530998,251,1,85,246,9,83
109,269007,251,17,87,246,23,77
110,137990,251,13,76,246,27,77
111,924461,251,11,61,246,17,84
112,924489,251,7,59,246,13,62
113,793475,251,1,54,246,7,69
114,793596,251,11,72,246,17,83
115,138275,251,13,80,246,21,61
116,793641,251,9,91,246,19,81
117,138354,251,1,86,246,9,87
118,662695,251,17,40,246,31,45
119,662695,251,23,63,246,31,45
120,400629,251,17,85,246,23,62
121,924921,251,11,62,246,17,73
122,531706,251,13,76,246,21,79
123,925098,251,1,66,246,9,67
124,531965,251,13,62,246,21,52
125,925225,251,13,75,246,17,60
126,138796,251,1,79,246,7,81
128,532023,251,9,67,246,15,71
129,400974,251,1,81,246,7,71
130,138858,251,13,60,246,21,76
131,269954,251,13,57,246,21,50
132,794306,251,11,80,246,17,81
133,663311,251,11,62,246,17,82
134,794432,251,1,77,246,7,66
135,401438,251,1,88,246,9,87
136,139307,251,13,57,246,21,46
137,139307,251,13,57,246,23,73
138,925909,251,7,85,246,11,86
139,663821,251,9,74,246,15,81
141,532789,251,1,81,246,9,73
142,795053,251,1,55,246,3,75
143,532935,251,11,52,246,13,72
144,795093,251,11,64,246,17,82
145,139739,251,11,88,246,13,80
146,139773,251,13,85,246,21,88
147,270850,251,1,72,246,3,79
148,401989,251,11,72,246,17,78
149,139927,251,13,65,246,27,78
150,664243,251,13,81,246,21,85
151,795318,251,1,66,246,7,69
152,664346,251,13,69,246,21,60
153,533296,251,13,88,246,27,73
154,795564,251,1,69,246,9,63
155,533465,251,9,74,246,15,75
156,271379,251,13,81,246,21,78
157,271472,251,7,84,246,13,70
158,533628,251,11,80,246,17,74
159,533682,251,1,76,246,7,78
160,140592,251,1,78,246,7,77
161,795984,251,1,75,246,7,67
162,140636,251,11,51,246,17,80
163,271716,251,23,87,246,31,78
164,533953,251,17,65,246,23,56
165,927188,251,3,5,246,17,62
166,927188,251,11,64,246,17,62
167,927348,251,11,96,246,13,75
169,140941,251,1,80,246,9,66
170,796317,251,3,65,246,11,75
171,272064,251,13,73,246,21,69
172,403160,251,11,76,246,17,76
173,272139,251,1,64,246,7,70
174,534333,251,13,73,246,21,79
175,534339,251,1,81,246,9,70
176,403305,251,1,69,246,7,68
177,403316,251,11,85,246,17,60
178,927632,251,11,69,246,15,75
179,272299,251,15,71,246,19,68
180,403404,251,5,80,246,9,83
181,403411,251,13,73,246,21,66
182,927785,251,13,81,246,21,65
183,665647,251,11,84,246,21,76
184,403527,251,5,81,246,9,87
185,534603,251,11,92,246,17,87
186,927823,251,13,65,246,27,73
188,534620,251,11,58,246,23,82
189,403610,251,1,82,246,7,77
190,403623,251,13,66,246,21,80
191,403679,251,13,86,246,21,87
192,272678,251,7,81,246,13,69
193,403860,251,13,68,246,21,74
195,928186,251,1,77,246,7,70
196,141833,251,1,83,246,7,82
197,404037,251,7,79,246,13,88
198,928379,251,7,76,246,13,77
199,273106,251,11,91,246,15,81
200,928493,251,7,64,246,13,70
202,273177,251,13,61,246,21,71
204,273411,251,11,88,246,19,73
205,797723,251,11,91,246,17,88
206,535638,251,7,72,246,13,68
207,666747,251,1,66,246,7,78
208,273575,251,3,88,246,11,87
209,666823,251,11,69,246,17,66
210,404743,251,11,78,246,17,83
211,142656,251,13,63,246,21,67
212,142701,251,11,64,246,17,59
213,536105,251,13,84,246,21,82
214,143030,251,21,73,246,23,50
215,667372,251,13,92,246,21,93
216,536307,251,3,93,246,11,61
217,143106,251,21,58,246,27,73
218,667437,251,1,79,246,7,83
219,143180,251,21,63,246,27,50
220,798583,251,11,73,246,17,60
221,405442,251,17,77,246,23,77
222,929778,251,11,94,246,17,84
223,143436,251,11,84,246,17,80
224,143461,251,1,71,246,9,61
225,929911,251,13,85,246,21,70
226,798862,251,13,85,246,17,83
227,143517,251,1,45,246,11,68
228,143517,251,9,84,246,11,68
230,798966,251,11,68,246,17,73
231,274686,251,13,76,246,21,67
232,930059,251,13,82,246,21,83
234,274882,251,13,66,246,27,71
235,799263,251,11,88,246,17,82
236,143989,251,11,59,246,17,61
237,144003,251,7,73,246,13,73
238,930463,251,3,84,246,7,81
239,930464,251,17,72,246,23,80
240,537387,251,13,79,246,21,74
241,799627,251,7,81,246,13,79
242,144275,251,7,71,246,11,78
243,799649,251,1,81,246,7,77
244,537542,251,11,90,246,13,79
245,275464,251,11,68,246,21,75
246,406619,251,13,94,246,21,73
247,537736,251,1,77,246,7,70
248,668864,251,11,81,246,17,51
249,800073,251,11,73,246,17,78
250,669024,251,11,80,246,17,70
252,275968,251,11,79,246,13,70
253,275984,251,15,68,246,21,48
254,275984,251,15,68,246,25,68
255,144975,251,11,75,246,17,68
256,538243,251,11,81,246,17,70
257,276104,251,1,84,246,7,70
258,145077,251,1,77,246,9,83
259,276171,251,3,78,246,11,89
261,800535,251,13,91,246,21,86
262,276256,251,11,65,246,13,50
263,800560,251,9,77,246,11,63
264,407379,251,21,86,246,33,83
265,800610,251,1,69,246,13,71
266,669558,251,11,70,246,17,79
267,145284,251,11,63,246,21,68
268,931738,251,11,92,246,17,92
269,538625,251,7,78,246,11,71
270,669744,251,11,60,246,17,73
271,407676,251,13,78,246,21,73
272,931980,251,1,89,246,3,85
273,145566,251,11,67,246,17,62
274,932001,251,13,90,246,21,81
275,669968,251,11,61,246,17,72
276,932347,251,11,68,246,13,70
277,277011,251,13,70,246,21,54
278,932437,251,13,89,246,21,80
279,801399,251,1,86,246,9,68
280,146062,251,3,72,246,11,83
281,801457,251,3,73,246,11,59
282,801568,251,13,64,246,27,58
283,670549,251,1,86,246,9,80
284,539567,251,13,69,246,27,80
285,670702,251,7,83,246,13,85
287,670826,251,13,57,246,21,72
288,146581,251,1,86,246,7,79
290,933068,251,11,79,246,19,70
291,539975,251,1,82,246,7,79
292,802148,251,11,63,246,17,63
293,671191,251,13,86,246,21,84
294,933353,251,11,99,246,17,83
295,671211,251,11,65,246,17,50
296,278032,251,21,93,246,27,91
297,933410,251,11,85,246,17,82
298,802383,251,13,80,246,21,73
299,409288,251,1,70,246,7,84
300,802568,251,1,76,246,3,81
301,671542,251,11,72,246,17,68
302,802710,251,3,91,246,37,97
303,671697,251,9,67,246,15,79
304,409608,251,11,69,246,13,59
305,540811,251,11,46,246,17,60
306,540811,251,13,92,246,17,60
307,278894,251,7,80,246,11,80
309,672188,251,13,62,246,21,80
310,279009,251,9,40,246,29,56
311,279009,251,9,40,246,31,79
312,279009,251,11,71,246,29,56
313,279009,251,11,71,246,31,79
314,803347,251,11,73,246,17,84
315,148002,251,13,70,246,21,80
316,410195,251,1,83,246,3,78
317,934488,251,11,85,246,17,87
318,279140,251,11,70,246,17,73
319,803496,251,21,88,246,27,56
320,541367,251,7,79,246,13,81
321,934598,251,9,53,246,15,70
322,148179,251,11,90,246,13,68
323,803613,251,31,71,246,43,80
324,541536,251,1,80,246,7,85
325,410494,251,7,80,246,11,70
326,410514,251,11,72,246,13,62
327,148423,251,13,88,246,21,85
328,148488,251,13,76,246,27,72
329,541730,251,13,84,246,21,79
330,148647,251,1,73,246,7,78
331,804026,251,13,84,246,21,88
332,672977,251,11,54,246,13,74
333,673030,251,13,69,246,21,60
334,673036,251,11,80,246,17,86
335,542140,251,19,64,246,25,63
336,673282,251,1,69,246,7,69
337,149016,251,11,73,246,21,79
338,935517,251,1,86,246,9,94
340,280343,251,15,73,246,29,67
341,280349,251,1,54,246,21,70
342,542509,251,1,44,246,7,71
343,542509,251,3,81,246,7,71
344,149299,251,1,55,246,9,65
345,411554,251,3,67,246,17,71
346,935908,251,9,64,246,19,63
347,149559,251,1,60,246,7,79
348,149604,251,13,81,246,21,69
349,673919,251,7,89,246,13,82
350,411831,251,13,73,246,27,64
351,542919,251,11,74,246,17,63
352,542945,251,13,75,246,21,68
353,542953,251,13,65,246,21,61
354,280810,251,13,76,246,21,65
355,805149,251,7,68,246,21,87
356,280876,251,3,84,246,11,79
357,280945,251,1,70,246,7,71
358,805252,251,13,86,246,21,80
359,674212,251,7,78,246,13,67
360,936396,251,11,80,246,17,81
361,674288,251,13,76,246,21,73
362,674299,251,11,54,246,21,87
363,543267,251,11,69,246,17,86
364,150060,251,11,62,246,25,55
366,150281,251,11,55,246,21,56
367,936796,251,1,75,246,3,71
368,543740,251,1,90,246,3,85
369,805911,251,11,80,246,17,67
370,543870,251,11,87,246,17,73
371,937107,251,1,83,246,7,75
372,675007,251,11,74,246,17,76
373,675020,251,13,65,246,27,80
374,544112,251,11,75,246,17,59
375,150906,251,13,71,246,21,67
376,806285,251,11,64,246,17,68
377,544250,251,3,67,246,21,73
378,675371,251,9,57,246,19,66
379,282169,251,11,90,246,17,81
380,937616,251,21,61,246,33,71
381,151211,251,11,71,246,13,57
382,282296,251,13,61,246,21,50
383,282296,251,13,61,246,23,68
384,937729,251,1,86,246,7,75
385,675865,251,11,53,246,13,64
387,544834,251,9,64,246,19,74
388,675947,251,1,82,246,7,79
389,544952,251,1,66,246,3,52
390,938326,251,13,90,246,21,81
391,938333,251,3,81,246,11,77
392,545134,251,13,76,246,21,76
393,283011,251,1,79,246,7,78
396,283256,251,7,62,246,11,37
397,283256,251,7,62,246,13,73
398,807636,251,21,74,246,27,82
399,283452,251,3,91,246,11,91
400,414539,251,9,94,246,15,88
401,283569,251,11,89,246,13,60
402,545723,251,19,61,246,21,69
403,152510,251,11,76,246,21,72
404,283750,251,1,76,246,9,70
405,152740,251,15,69,246,19,73
406,283841,251,11,73,246,13,72
407,808153,251,7,86,246,21,74
408,677095,251,5,72,246,11,64
410,808177,251,11,69,246,17,62
411,939316,251,11,84,246,13,66
412,939437,251,13,77,246,21,78
413,939574,251,11,87,246,17,50
414,677437,251,11,81,246,13,73
415,284222,251,1,63,246,7,71
416,677618,251,11,86,246,17,81
417,546579,251,13,50,246,33,65
418,415529,251,11,63,246,17,73
419,284521,251,7,66,246,13,72
420,939882,251,11,85,246,17,72
421,153499,251,13,73,246,21,65
422,808900,251,7,85,246,13,87
424,284731,251,1,78,246,9,81
425,153736,251,11,83,246,17,79
426,415986,251,11,61,246,19,70
427,809226,251,13,44,246,27,80
428,809226,251,21,80,246,27,80
429,284991,251,13,73,246,21,78
430,285019,251,1,69,246,7,83
431,547192,251,13,83,246,21,79
432,154029,251,11,86,246,23,83
433,416222,251,11,87,246,17,68
435,285269,251,21,67,246,27,63
436,154198,251,11,83,246,15,70
437,940774,251,1,56,246,7,70
438,416608,251,11,84,246,21,83
439,154672,251,13,83,246,21,76
440,154687,251,27,66,246,41,53
441,679013,251,13,55,246,27,37
442,679013,251,13,55,246,41,52
443,285873,251,3,84,246,7,68
444,941245,251,11,68,246,17,59
445,810198,251,1,73,246,7,70
446,154962,251,1,60,246,9,72
447,155203,251,13,45,246,27,50
448,155203,251,21,74,246,27,50
449,286285,251,13,71,246,21,60
450,810574,251,13,75,246,21,76
451,417409,251,13,91,246,21,66
452,810736,251,7,71,246,17,83
453,417524,251,13,68,246,21,76
454,286551,251,13,74,246,21,71
455,155496,251,13,74,246,21,78
456,286600,251,7,69,246,11,58
457,942002,251,3,96,246,11,84
458,679954,251,13,65,246,17,69
459,155674,251,7,88,246,15,79
460,417896,251,13,86,246,21,81
461,942196,251,3,95,246,17,92
462,942283,251,1,68,246,7,72
463,549082,251,3,89,246,11,91
464,418078,251,9,69,246,15,83
465,287048,251,11,82,246,17,80
466,942524,251,13,69,246,21,71
467,418293,251,11,67,246,17,61
468,811535,251,13,67,246,21,70
469,549481,251,13,85,246,21,79
470,942758,251,1,65,246,3,72
471,418491,251,11,78,246,13,66
472,811750,251,1,81,246,3,75
473,811800,251,1,75,246,9,77
474,418643,251,11,74,246,17,46
475,418643,251,11,74,246,27,72
476,680809,251,3,85,246,11,88
477,418755,251,13,58,246,21,72
478,943075,251,11,94,246,17,87
479,943077,251,1,85,246,7,79
480,549899,251,1,93,246,9,86
481,549939,251,11,80,246,17,66
482,287896,251,7,61,246,13,70
483,419004,251,11,71,246,17,66
484,287964,251,11,62,246,13,52
485,287987,251,13,91,246,21,82
486,287990,251,11,71,246,17,88
487,550182,251,27,70,246,31,62
488,943538,251,11,60,246,17,72
489,550330,251,11,94,246,17,50
490,419303,251,11,72,246,21,79
491,419311,251,3,74,246,7,60
492,681537,251,9,84,246,15,79
493,157271,251,3,67,246,11,88
494,288426,251,13,67,246,17,55
495,812729,251,1,93,246,11,90
496,157391,251,3,57,246,21,75
497,681731,251,27,88,246,37,53
498,681802,251,7,86,246,13,81
499,943989,251,13,63,246,21,58
500,943990,251,11,61,246,17,80
502,944088,251,11,89,246,17,84
503,157683,251,11,54,246,21,62
504,550899,251,1,66,246,11,81
505,944116,251,11,86,246,13,50
506,419973,251,7,92,246,13,75
507,288910,251,11,70,246,15,67
508,157976,251,1,83,246,7,83
509,158040,251,7,89,246,13,80
510,158128,251,13,69,246,21,81
511,158133,251,7,70,246,13,64
512,813779,251,11,78,246,17,71
513,551747,251,1,67,246,7,62
514,551784,251,11,75,246,21,60
515,289655,251,11,68,246,13,95
517,158683,251,7,77,246,13,87
518,158753,251,11,78,246,17,80
519,683125,251,7,64,246,11,52
520,289966,251,1,83,246,11,75
521,552151,251,11,80,246,23,69
522,159051,251,1,88,246,9,86
523,814702,251,3,81,246,11,82
524,421562,251,11,80,246,17,78
525,290499,251,11,69,246,23,70
526,945985,251,1,82,246,7,70
527,683941,251,11,82,246,17,85
528,946160,251,11,50,246,17,85
529,290808,251,11,80,246,17,63
530,684112,251,7,81,246,13,72
531,553068,251,13,88,246,27,72
532,684191,251,1,84,246,7,69
533,684225,251,11,64,246,17,64
534,159949,251,13,76,246,21,82
535,422108,251,13,79,246,21,65
536,160205,251,11,54,246,17,73
537,160211,251,1,72,246,7,83
538,815657,251,1,93,246,15,78
539,684587,251,1,69,246,7,73
540,815672,251,3,72,246,11,73
541,684720,251,11,71,246,17,56
542,553777,251,11,75,246,13,83
543,947036,251,1,65,246,9,70
544,553831,251,13,70,246,21,63
545,291758,251,13,72,246,21,64
546,947140,251,21,58,246,27,77
547,685019,251,1,60,246,3,63
548,685033,251,1,78,246,3,66
549,291891,251,27,80,246,33,91
550,422983,251,3,82,246,11,82
551,816273,251,11,80,246,19,70
552,160927,251,3,74,246,11,65
553,685254,251,11,78,246,17,78
554,947403,251,3,61,246,13,72
555,947423,251,23,84,246,31,80
556,685309,251,11,74,246,17,81
557,685338,251,3,70,246,11,95
558,816449,251,1,81,246,9,80
559,947543,251,7,79,246,13,72
560,947692,251,7,72,246,17,77
561,947724,251,13,87,246,21,81
563,292516,251,11,56,246,27,79
564,554702,251,13,83,246,23,86
565,161520,251,11,85,246,13,76
566,423722,251,11,56,246,15,53
567,685995,251,1,85,246,9,74
568,423917,251,3,46,246,11,72
570,423961,251,9,68,246,11,65
571,292930,251,13,77,246,27,82
572,161887,251,11,98,246,17,75
573,161999,251,11,58,246,17,54
574,424300,251,11,75,246,17,75
575,555508,251,7,82,246,15,84
576,424473,251,13,84,246,21,86
577,948783,251,11,90,246,13,82
578,424529,251,1,72,246,9,77
579,686674,251,13,81,246,21,88
580,293511,251,13,87,246,27,77
581,162450,251,11,84,246,17,84
582,162604,251,11,66,246,17,80
583,818143,251,11,81,246,13,78
584,818164,251,13,71,246,17,73
585,949298,251,13,69,246,21,70
586,162883,251,11,75,246,17,78
587,818362,251,7,89,246,13,80
588,163053,251,11,78,246,17,60
589,687361,251,11,73,246,21,66
590,294200,251,13,75,246,21,82
591,425297,251,7,58,246,11,77
592,818549,251,13,60,246,21,74
593,818566,251,11,82,246,17,88
594,425378,251,3,81,246,11,73
595,556786,251,17,99,246,23,90
596,950086,251,1,73,246,7,85
597,163687,251,11,75,246,17,81
598,819070,251,11,83,246,13,77
599,425896,251,1,73,246,13,53
600,425924,251,1,70,246,3,72
601,163852,251,9,65,246,21,78
602,426025,251,13,87,246,21,88
603,426055,251,11,82,246,17,86
604,295038,251,11,71,246,13,68
605,950474,251,11,66,246,17,68
606,819549,251,11,85,246,17,74
607,295424,251,11,79,246,17,86
608,688654,251,3,67,246,11,46
609,688654,251,3,67,246,17,65
610,164440,251,11,87,246,13,76
611,950922,251,11,84,246,21,77
612,164514,251,7,55,246,17,69
613,819879,251,1,80,246,9,75
614,950975,251,11,82,246,13,75
615,426693,251,11,74,246,31,71
616,820009,251,1,80,246,7,80
617,164711,251,13,68,246,17,70
618,164726,251,21,68,246,27,71
619,689026,251,7,73,246,13,78
620,689050,251,11,93,246,17,84
621,951256,251,17,76,246,21,81
622,820372,251,3,70,246,11,66
623,427170,251,7,93,246,17,81
624,689339,251,1,61,246,9,75
625,427251,251,7,82,246,21,85
626,296334,251,11,79,246,17,73
627,165313,251,11,76,246,17,67
628,165373,251,1,85,246,7,75
629,951816,251,9,58,246,19,64
630,165391,251,7,81,246,17,78
631,689685,251,11,70,246,13,78
632,558618,251,13,88,246,21,89
633,165431,251,11,87,246,17,83
634,820800,251,1,79,246,9,55
635,165540,251,13,40,246,23,63
636,165540,251,21,59,246,23,63
637,820912,251,1,68,246,9,65
638,165577,251,21,89,246,27,72
639,689890,251,11,78,246,17,78
640,296695,251,11,79,246,17,88
641,821068,251,1,71,246,3,71
642,296865,251,21,87,246,25,77
643,427950,251,21,88,246,23,57
644,165826,251,15,90,246,21,87
645,428007,251,7,94,246,17,75
646,690183,251,7,76,246,15,70
647,952494,251,1,73,246,7,73
648,690378,251,21,45,246,33,53
649,690378,251,23,65,246,33,53
650,559393,251,11,98,246,17,97
651,952639,251,1,79,246,7,81
652,297285,251,11,77,246,17,75
653,821800,251,1,93,246,7,86
654,821809,251,1,79,246,7,89
655,821810,251,7,93,246,21,90
656,952972,251,3,88,246,7,67
657,297685,251,11,80,246,17,78
658,166635,251,15,62,246,29,46
659,166635,251,15,62,246,31,54
661,822137,251,11,79,246,17,73
662,297917,251,7,95,246,21,96
663,429001,251,1,58,246,7,59
664,822260,251,11,74,246,17,68
665,691350,251,13,62,246,21,64
666,691359,251,1,64,246,13,72
667,298316,251,11,56,246,17,74
669,691539,251,15,69,246,17,44
670,691539,251,15,69,246,21,61
671,429401,251,1,62,246,7,63
672,822670,251,1,84,246,9,78
673,691665,251,11,84,246,17,60
674,429612,251,3,50,246,23,74
675,429651,251,21,45,246,23,52
676,822875,251,7,77,246,11,76
677,298607,251,1,90,246,9,82
678,429712,251,11,65,246,17,76
679,954006,251,1,71,246,7,69
680,823053,251,13,75,246,27,67
681,167734,251,3,72,246,17,62
682,954248,251,3,92,246,11,93
683,561100,251,9,54,246,29,54
684,823350,251,3,78,246,11,82
685,692319,251,7,80,246,11,81
686,692363,251,13,88,246,21,95
687,168125,251,11,92,246,13,81
688,954629,251,13,78,246,21,81
689,299287,251,13,66,246,21,72
690,430402,251,7,92,246,13,89
691,954700,251,1,77,246,9,75
692,692679,251,1,82,246,3,79
693,430643,251,7,84,246,13,86
694,168500,251,13,79,246,21,69
695,823887,251,11,72,246,23,75
696,693007,251,11,68,246,13,69
697,168888,251,13,84,246,21,87
698,562238,251,7,81,246,13,74
699,169136,251,5,83,246,9,61
700,693452,251,13,83,246,21,80
701,169231,251,33,69,246,37,53
702,300369,251,7,83,246,13,67
703,562572,251,11,78,246,17,73
704,955808,251,7,63,246,13,78
705,169401,251,11,78,246,17,75
706,693742,251,1,79,246,3,75
707,824996,251,13,82,246,21,81
708,562886,251,13,94,246,21,94
709,694043,251,13,73,246,21,72
710,169772,251,13,83,246,21,74
711,956230,251,11,59,246,15,76
713,169987,251,13,60,246,27,59
715,563252,251,3,88,246,11,62
716,170058,251,11,46,246,13,81
718,432215,251,13,77,246,21,63
720,563305,251,11,63,246,17,55
721,432265,251,3,74,246,17,72
722,694446,251,13,80,246,21,71
723,170256,251,5,80,246,7,84
724,563507,251,11,72,246,17,77
725,694658,251,11,73,246,21,73
726,432556,251,1,64,246,7,81
727,694809,251,11,81,246,13,75
728,170527,251,13,86,246,21,82
730,170677,251,13,83,246,21,71
731,432822,251,3,75,246,11,89
732,170690,251,1,93,246,7,86
733,170728,251,7,67,246,13,64
734,170904,251,13,70,246,21,76
735,433493,251,11,77,246,13,76
736,171363,251,3,98,246,11,96
737,564635,251,3,79,246,13,77
738,302788,251,1,72,246,7,80
739,564970,251,13,87,246,21,84
740,696053,251,1,58,246,3,78
741,958197,251,11,53,246,17,63
742,434052,251,11,79,246,17,59
743,958344,251,11,85,246,17,95
744,565332,251,1,58,246,19,80
745,172214,251,7,81,246,13,77
746,434487,251,11,79,246,17,75
747,827715,251,13,76,246,21,83
748,827970,251,13,95,246,21,81
749,959110,251,11,95,246,17,82
750,172708,251,7,86,246,15,79
751,828144,251,11,84,246,17,91
752,828202,251,9,44,246,15,60
754,828267,251,11,75,246,17,58
755,959339,251,7,59,246,21,58
756,828405,251,11,84,246,17,57
758,173087,251,21,71,246,25,60
760,828649,251,1,82,246,11,74
761,173329,251,11,91,246,17,92
762,304558,251,13,85,246,21,60
763,566705,251,13,50,246,27,61
764,959934,251,13,78,246,21,81
765,304578,251,1,68,246,7,74
766,959940,251,11,70,246,17,46
767,959940,251,11,70,246,23,50
768,435670,251,11,89,246,17,91
769,959987,251,13,68,246,31,55
770,435703,251,11,89,246,17,80
771,697896,251,11,97,246,17,89
772,828971,251,13,86,246,21,92
773,566862,251,1,85,246,3,72
775,173740,251,19,67,246,29,46
776,173740,251,19,67,246,41,57
777,304838,251,3,78,246,11,76
778,305072,251,7,98,246,13,100
779,305087,251,11,78,246,17,51
780,960530,251,13,71,246,21,73
782,829762,251,1,82,246,9,73
783,567658,251,7,62,246,17,70
784,567813,251,11,81,246,13,71
785,830000,251,1,71,246,7,74
786,436839,251,11,75,246,17,54
787,305770,251,11,55,246,23,68
788,961292,251,11,75,246,23,74
789,305970,251,11,84,246,17,80
790,961343,251,1,74,246,9,65
791,961399,251,11,95,246,13,83
792,699303,251,11,84,246,17,90
793,699310,251,13,81,246,21,70
794,175111,251,11,60,246,17,57
795,568353,251,13,42,246,27,53
796,568353,251,21,66,246,27,53
797,961568,251,11,76,246,21,66
798,830585,251,11,95,246,17,88
799,568477,251,13,71,246,21,77
800,961782,251,11,75,246,17,85
801,437503,251,11,68,246,19,70
802,699709,251,7,60,246,15,86
803,830783,251,13,50,246,23,73
804,568680,251,27,42,246,41,68
805,568680,251,33,79,246,41,68
806,437619,251,11,81,246,17,77
807,568698,251,5,75,246,11,79
808,961965,251,11,64,246,21,65
809,175584,251,1,84,246,7,75
810,306678,251,11,60,246,17,74
811,437764,251,13,79,246,21,77
812,175686,251,11,88,246,17,82
813,175724,251,3,46,246,13,82
814,175724,251,11,67,246,13,82
815,437907,251,27,58,246,33,72
816,306840,251,13,68,246,17,63
817,831219,251,11,28,246,21,59
819,306962,251,11,82,246,17,80
820,175970,251,1,74,246,11,74
821,962421,251,1,72,246,9,82
822,700327,251,13,76,246,27,76
824,569396,251,17,72,246,21,72
825,438427,251,13,80,246,21,65
826,700582,251,3,65,246,11,65
827,831705,251,7,73,246,13,80
828,831735,251,1,70,246,9,58
829,569621,251,13,82,246,23,79
830,831941,251,7,80,246,13,85
831,963029,251,1,87,246,9,82
832,176665,251,11,69,246,17,57
833,569944,251,11,74,246,15,84
834,832180,251,11,77,246,13,73
835,307903,251,13,77,246,21,46
836,307903,251,13,77,246,23,64
837,832304,251,13,86,246,21,71
838,701263,251,7,79,246,13,70
839,832340,251,17,83,246,21,83
840,963412,251,1,53,246,7,75
841,439308,251,11,53,246,13,68
842,570398,251,11,88,246,17,84
843,177270,251,11,79,246,17,87
844,570491,251,11,77,246,25,77
845,177303,251,1,79,246,7,85
846,963760,251,13,75,246,21,70
847,177333,251,5,93,246,19,51
848,963785,251,11,90,246,13,79
849,177445,251,7,64,246,11,69
850,308855,251,13,92,246,21,80
851,439930,251,3,88,246,11,77
852,308859,251,7,66,246,11,77
853,833210,251,1,71,246,7,73
854,702161,251,13,59,246,17,63
855,702201,251,1,79,246,7,81
856,309029,251,11,80,246,17,78
857,833590,251,17,73,246,31,71
858,702533,251,11,70,246,17,76
859,178264,251,7,73,246,13,83
860,440425,251,7,69,246,13,80
861,178415,251,13,89,246,21,93
862,833862,251,9,67,246,21,55
863,833862,251,15,60,246,21,55
864,964944,251,11,88,246,13,68
865,964997,251,11,63,246,13,54
866,702855,251,13,93,246,21,88
867,571796,251,7,77,246,13,70
868,178609,251,15,69,246,21,41
869,178609,251,15,69,246,25,61
870,178720,251,11,50,246,13,50
871,178728,251,1,80,246,7,75
872,571993,251,1,90,246,11,88
873,440941,251,1,80,246,3,70
874,309903,251,13,71,246,21,65
875,309996,251,1,82,246,9,71
876,572145,251,13,76,246,21,76
877,572231,251,1,94,246,9,95
878,310162,251,1,70,246,9,81
879,703675,251,11,84,246,17,80
880,965887,251,11,58,246,21,73
881,703751,251,13,83,246,21,78
883,179629,251,11,78,246,17,85
884,441836,251,13,79,246,21,66
885,966157,251,11,59,246,19,59
886,573237,251,23,69,246,27,58
887,180024,251,13,83,246,21,82
888,835449,251,17,80,246,21,79
890,442320,251,9,75,246,25,67
891,442324,251,13,54,246,21,63
892,835564,251,13,76,246,21,74
893,966693,251,11,65,246,13,66
894,704802,251,11,83,246,17,55
895,966950,251,13,79,246,21,77
896,704831,251,13,70,246,21,65
897,180559,251,11,71,246,13,46
898,180559,251,11,71,246,17,63
899,573779,251,9,63,246,19,67
900,180625,251,7,93,246,13,89
901,311798,251,3,82,246,13,90
902,311842,251,1,82,246,7,82
903,967238,251,1,59,246,7,71
904,574051,251,1,82,246,9,79
905,967409,251,13,71,246,21,46
906,967409,251,13,71,246,23,66
907,967500,251,17,51,246,43,70
908,967500,251,31,56,246,43,70
909,705377,251,9,72,246,15,89
910,312164,251,11,64,246,17,70
911,967592,251,1,87,246,9,96
912,181332,251,13,79,246,21,91
913,574548,251,9,83,246,11,76
915,574721,251,9,66,246,11,79
916,443657,251,11,74,246,13,72
917,574772,251,3,73,246,11,74
918,443708,251,11,93,246,13,80
919,836955,251,13,82,246,27,81
920,968187,251,13,55,246,21,67
921,181761,251,11,39,246,33,51
922,181761,251,13,64,246,33,51
923,837135,251,13,87,246,21,86
924,837314,251,11,59,246,17,66
926,313105,251,11,65,246,21,78
927,313361,251,1,69,246,3,81
929,575695,251,11,78,246,17,81
930,313567,251,1,81,246,7,72
931,706794,251,7,72,246,13,82
932,313726,251,1,81,246,7,64
933,313781,251,11,84,246,17,80
934,838142,251,11,91,246,17,88
935,576188,251,3,83,246,11,83
936,838344,251,7,74,246,11,71
937,969552,251,11,89,246,13,60
938,445348,251,11,87,246,17,82
939,445380,251,13,90,246,21,94
940,838602,251,11,60,246,21,76
941,445431,251,11,80,246,17,89
942,576550,251,11,76,246,15,67
943,707629,251,13,86,246,21,82
944,576712,251,13,61,246,21,62
945,314716,251,1,78,246,7,74
946,445790,251,11,67,246,17,74
947,445827,251,1,72,246,7,73
948,445831,251,1,71,246,7,74
949,314806,251,1,64,246,3,63
950,970283,251,11,63,246,17,70
951,315048,251,11,65,246,13,65
952,708323,251,11,80,246,17,53
953,577330,251,11,78,246,17,66
954,970589,251,1,75,246,7,81
955,708493,251,11,58,246,15,32
956,446423,251,13,74,246,21,79
957,446440,251,11,94,246,17,73
958,970736,251,13,80,246,21,79
959,184336,251,13,81,246,21,73
961,577555,251,13,96,246,21,92
962,839734,251,7,52,246,21,38
963,839734,251,7,52,246,27,34
964,577594,251,13,77,246,21,65
965,577618,251,9,63,246,15,65
966,315523,251,13,71,246,21,60
967,184522,251,11,90,246,17,73
969,315884,251,3,57,246,11,59
970,971247,251,13,87,246,21,85
972,709140,251,13,73,246,21,53
973,971321,251,17,55,246,23,57
974,316009,251,3,74,246,7,72
976,316033,251,13,64,246,17,45
977,316033,251,13,64,246,21,62
978,447139,251,13,70,246,21,85
980,971438,251,13,75,246,17,62
981,578277,251,13,66,246,21,76
983,709403,251,11,77,246,13,80
984,971616,251,1,44,246,13,68
985,971616,251,7,66,246,13,68
986,709537,251,1,76,246,7,78
987,840768,251,11,66,246,15,67
988,447575,251,3,62,246,17,81
989,709876,251,3,100,246,11,96
990,316681,251,11,61,246,17,45
991,316681,251,11,61,246,23,77
992,185693,251,11,85,246,17,60
993,316801,251,11,82,246,23,69
994,185885,251,9,59,246,11,68
995,841260,251,11,88,246,21,87
996,972337,251,21,78,246,27,66
997,317022,251,1,71,246,7,70
999,972460,251,11,71,246,17,67
1000,186041,251,13,87,246,21,93
1001,841534,251,13,69,246,21,79
1002,841605,251,13,52,246,27,80
1003,579481,251,11,62,246,13,69
1004,186289,251,7,87,246,13,73
1005,317376,251,3,74,246,11,76
1006,972785,251,7,84,246,11,85
1008,579612,251,3,82,246,7,72
1009,448579,251,7,89,246,13,86
1010,448591,251,13,57,246,33,50
1011,448596,251,1,79,246,7,77
1012,973110,251,3,87,246,11,69
1013,317770,251,11,91,246,17,68
1014,973230,251,13,20,246,23,54
1015,973230,251,21,68,246,23,54
1016,448964,251,13,71,246,21,65
1017,973262,251,1,85,246,5,74
1018,186926,251,7,77,246,11,57
1019,318056,251,11,67,246,21,68
1020,711314,251,11,93,246,17,91
1021,973582,251,11,64,246,13,69
1022,842542,251,9,67,246,19,62
1023,318260,251,7,56,246,11,70
1024,580428,251,13,81,246,21,76
1025,580539,251,11,85,246,17,85
1026,973827,251,13,67,246,21,78
1027,449627,251,11,62,246,13,62
1028,842889,251,11,78,246,17,57
1030,318668,251,11,59,246,21,44
1031,318668,251,11,59,246,23,80
1032,580819,251,11,77,246,17,70
1033,449767,251,11,74,246,21,66
1034,843003,251,13,74,246,17,76
1035,318789,251,19,57,246,29,51
1036,187751,251,3,80,246,17,82
1037,187777,251,1,88,246,7,88
1038,580993,251,17,75,246,23,75
1039,843205,251,11,82,246,17,64
1040,581104,251,11,79,246,17,70
1041,712223,251,9,66,246,11,72
1043,319082,251,11,69,246,17,56
1044,712311,251,13,44,246,33,42
1045,712311,251,13,44,246,43,87
1046,712311,251,21,64,246,33,42
1047,712311,251,21,64,246,43,87
1048,450211,251,13,72,246,21,53
1049,188091,251,13,65,246,23,81
1050,712389,251,1,72,246,7,74
1051,581318,251,1,80,246,9,87
1052,974586,251,21,77,246,37,63
1053,450405,251,13,79,246,21,87
1054,450477,251,11,81,246,17,73
1055,843737,251,9,35,246,21,57
1056,843737,251,9,35,246,31,74
1057,843737,251,11,60,246,21,57
1058,843737,251,11,60,246,31,74
1059,974848,251,1,95,246,7,83
1060,450561,251,7,60,246,21,70
1061,712756,251,13,77,246,21,78
1062,974916,251,11,83,246,17,76
1063,712795,251,13,79,246,21,72
1064,974948,251,1,66,246,7,74
1065,712859,251,1,73,246,9,75
1067,975011,251,7,95,246,17,74
1068,843983,251,3,83,246,7,50
1069,581912,251,9,69,246,11,60
1070,975145,251,13,76,246,21,72
1071,975230,251,13,84,246,21,96
1072,975355,251,3,54,246,17,77
1073,189009,251,13,85,246,21,77
1075,189073,251,11,85,246,17,81
1076,451429,251,9,27,246,15,61
1078,844796,251,13,81,246,21,73
1079,713858,251,11,68,246,17,77
1080,713905,251,3,87,246,11,80
1081,320713,251,1,92,246,7,88
1082,189719,251,11,80,246,17,66
1083,714011,251,11,84,246,17,79
1084,582947,251,11,86,246,17,88
1086,189867,251,21,64,246,27,75
1087,845250,251,11,91,246,17,60
1089,321069,251,13,71,246,21,50
1090,845404,251,11,80,246,17,72
1091,583552,251,11,64,246,17,80
1092,714635,251,1,86,246,9,73
1093,976874,251,1,77,246,3,63
1094,976944,251,3,71,246,13,71
1095,976970,251,13,53,246,33,66
1096,190900,251,11,83,246,13,72
1097,190969,251,11,60,246,15,51
1098,977405,251,11,68,246,17,68
1099,584199,251,3,83,246,11,79
1100,191006,251,17,75,246,31,58
1101,322092,251,7,62,246,13,59
1102,846387,251,11,81,246,13,85
1103,584309,251,3,72,246,11,72
1104,584313,251,7,62,246,13,59
1105,453280,251,13,70,246,21,63
1106,191192,251,1,89,246,7,77
1107,453383,251,11,82,246,13,74
1108,977723,251,3,56,246,11,68
1109,322383,251,11,66,246,13,82
1110,846692,251,3,74,246,11,68
1111,584571,251,13,89,246,21,82
1112,584625,251,13,69,246,27,46
1113,584625,251,13,69,246,31,62
1114,322491,251,11,73,246,17,62
1115,191544,251,13,69,246,21,75
1116,453691,251,3,79,246,11,73
1117,453710,251,13,80,246,21,80
1118,322683,251,11,56,246,19,55
1119,978148,251,11,79,246,17,64
1120,847173,251,11,76,246,17,38
1121,847173,251,11,76,246,23,67
1122,978306,251,1,65,246,7,73
1123,716203,251,13,83,246,21,81
1124,847409,251,13,72,246,21,67
1125,716353,251,13,68,246,21,79
1126,323152,251,3,100,246,7,89
1127,454225,251,13,82,246,33,93
1128,192215,251,11,84,246,17,83
1129,192242,251,7,92,246,13,72
1130,192279,251,1,81,246,9,69
1131,323398,251,9,62,246,15,70
1132,847754,251,13,91,246,21,79
1133,978848,251,1,89,246,9,79
1134,978876,251,13,86,246,21,91
1135,978948,251,11,82,246,17,43
1136,978948,251,11,82,246,23,53
1137,323602,251,7,68,246,21,62
1138,585777,251,17,71,246,23,62
1139,192645,251,1,51,246,9,66
1140,192756,251,11,70,246,17,67
1141,717056,251,1,93,246,7,79
1142,455006,251,13,46,246,17,55
1144,848348,251,13,76,246,21,84
1145,455139,251,1,75,246,7,77
1146,586217,251,9,70,246,15,68
1147,586296,251,7,66,246,13,65
1148,848494,251,1,80,246,7,86
1149,586388,251,1,65,246,7,82
1150,979691,251,3,80,246,11,74
1151,717587,251,11,72,246,17,52
1152,848930,251,21,81,246,27,72
1154,980169,251,1,74,246,7,77
1156,586994,251,3,83,246,11,81
1157,324856,251,11,76,246,17,77
1158,324920,251,11,64,246,23,69
1159,849449,251,21,60,246,23,77
1160,456259,251,1,61,246,7,50
1161,456290,251,1,82,246,7,74
1162,194153,251,13,89,246,21,78
1163,718511,251,1,83,246,7,82
1164,325448,251,11,91,246,21,78
1165,980878,251,1,66,246,3,60
1167,587764,251,11,59,246,23,76
1168,981072,251,11,65,246,19,63
1169,587957,251,11,38,246,23,57
1170,587957,251,17,84,246,23,57
1171,194747,251,7,74,246,13,69
1173,456955,251,13,59,246,21,69
1175,456977,251,7,81,246,13,79
1176,456981,251,11,86,246,17,83
1177,719166,251,7,93,246,13,90
1178,719326,251,3,74,246,11,65
1179,850492,251,1,78,246,9,88
1180,457322,251,11,88,246,17,80
1181,981625,251,11,82,246,17,89
1182,326304,251,11,74,246,13,75
1183,457784,251,1,80,246,9,82
1184,719980,251,11,75,246,19,88
1186,982159,251,11,53,246,17,63
1187,851119,251,1,78,246,9,83
1188,851141,251,13,69,246,21,54
1189,195878,251,13,90,246,21,86
1190,327083,251,11,71,246,13,65
1191,589263,251,13,82,246,21,77
1192,851409,251,1,88,246,5,78
1193,196125,251,13,55,246,21,51
1194,196125,251,13,55,246,27,71
1195,196135,251,11,80,246,13,78
1196,196170,251,13,70,246,21,59
1197,458364,251,13,93,246,27,75
1198,327443,251,11,82,246,17,85
1200,983146,251,13,84,246,21,88
1201,589943,251,13,83,246,21,84
1202,589976,251,11,80,246,17,82
1203,327843,251,1,60,246,7,71
1204,721141,251,13,75,246,21,80
1205,983330,251,15,77,246,17,50
1206,327978,251,11,71,246,13,78
1207,328033,251,53,77,246,57,85
1208,328052,251,1,73,246,3,75
1209,721302,251,3,75,246,11,72
1210,328123,251,11,72,246,17,83
1211,590285,251,13,62,246,21,63
1212,852494,251,1,92,246,3,86
1213,983567,251,11,98,246,13,90
1214,197205,251,11,79,246,13,76
1215,459420,251,1,71,246,7,68
1216,721569,251,11,78,246,17,81
1217,852690,251,13,76,246,27,64
1218,459539,251,7,76,246,13,71
1219,983879,251,11,74,246,17,58
1221,853165,251,7,82,246,17,74
1222,591043,251,7,73,246,11,65
1223,197881,251,11,55,246,17,64
1224,853309,251,1,77,246,9,83
1225,460134,251,1,57,246,7,74
1226,460185,251,13,80,246,31,82
1227,460210,251,9,45,246,15,53
1228,460210,251,11,65,246,15,53
1229,329175,251,13,72,246,27,71
1230,460307,251,13,78,246,21,75
1231,329242,251,7,81,246,13,80
1232,984759,251,13,85,246,21,86
1233,853796,251,11,88,246,13,83
1234,198444,251,7,95,246,13,90
1235,854095,251,13,70,246,21,55
1236,198769,251,11,62,246,15,60
1237,460960,251,13,88,246,21,59
1238,461072,251,7,85,246,11,82
1239,330040,251,11,75,246,17,81
1240,330046,251,13,75,246,21,69
1241,723294,251,1,88,246,7,75
1242,592238,251,17,75,246,21,76
1243,199112,251,13,82,246,21,82
1244,854705,251,3,82,246,17,68
1245,723806,251,13,80,246,21,65
1246,461704,251,11,83,246,17,89
1247,330648,251,1,72,246,7,77
1248,592822,251,1,58,246,13,78
1249,854990,251,1,87,246,9,83
1250,986152,251,7,79,246,13,78
1251,986211,251,11,70,246,17,70
1252,986213,251,1,87,246,3,85
1253,724257,251,21,71,246,27,65
1254,855333,251,11,62,246,19,68
1255,986434,251,1,69,246,11,75
1256,462158,251,1,83,246,7,83
1257,855390,251,1,79,246,7,80
1258,724341,251,7,81,246,13,73
1259,200101,251,11,55,246,17,62
1260,462370,251,13,71,246,17,80
1261,986672,251,13,78,246,21,83
1262,200326,251,11,81,246,17,83
1263,462530,251,1,74,246,3,82
1264,986829,251,9,76,246,21,84
1265,200422,251,11,85,246,13,80
1266,724718,251,1,84,246,7,75
1267,855793,251,11,82,246,17,68
1268,200458,251,1,73,246,7,73
1269,331557,251,11,68,246,13,69
1270,986951,251,11,64,246,15,73
1271,855932,251,11,76,246,13,73
1272,331770,251,13,77,246,21,90
1273,594032,251,11,38,246,23,72
1274,594032,251,17,81,246,23,72
1275,331919,251,3,83,246,11,54
1276,725315,251,13,76,246,27,70
1277,201045,251,3,83,246,11,78
1278,987479,251,13,66,246,21,67
1279,332142,251,13,77,246,21,84
1280,463242,251,13,81,246,21,72
1281,725474,251,7,82,246,13,80
1282,463388,251,13,90,246,31,83
1283,725587,251,1,75,246,7,73
1284,332385,251,13,78,246,21,65
1285,332396,251,3,63,246,13,50
1286,987777,251,11,63,246,13,75
1287,725641,251,1,81,246,7,78
1288,594720,251,13,79,246,21,80
1289,463651,251,11,65,246,17,74
1290,463773,251,9,73,246,15,80
1291,857058,251,13,63,246,17,51
1292,463990,251,11,71,246,13,78
1293,988309,251,1,94,246,7,86
1294,595112,251,1,74,246,7,75
1295,857379,251,11,68,246,17,70
1296,726322,251,1,80,246,7,78
1298,202136,251,13,72,246,17,71
1299,595358,251,3,70,246,13,79
1300,595424,251,7,68,246,13,68
1301,464418,251,1,77,246,7,73
1302,464421,251,3,96,246,13,88
1303,988805,251,11,63,246,17,60
1304,464520,251,11,90,246,17,81
1305,595834,251,11,87,246,17,72
1306,726915,251,15,63,246,21,71
1307,858006,251,13,79,246,17,72
1308,595921,251,7,71,246,11,40
1309,595921,251,7,71,246,13,60
1310,989166,251,13,69,246,21,72
1311,595955,251,13,72,246,21,72
1312,333837,251,11,57,246,17,66
1313,333878,251,11,82,246,13,78
1314,727097,251,11,75,246,13,80
1315,464961,251,11,50,246,17,78
1316,464999,251,1,73,246,9,76
1317,858225,251,1,69,246,9,77
1319,858284,251,13,78,246,21,75
1320,596203,251,11,89,246,17,69
1321,334070,251,11,77,246,17,56
1322,465152,251,1,56,246,7,67
1323,465175,251,7,83,246,11,74
1324,596380,251,1,84,246,9,87
1325,858664,251,7,55,246,21,77
1326,858664,251,13,88,246,21,77
1327,858707,251,11,54,246,13,65
1328,465896,251,3,69,246,7,50
1329,990194,251,1,72,246,7,81
1330,990337,251,13,82,246,21,67
1331,859304,251,11,82,246,17,80
1332,728256,251,1,72,246,9,77
1333,728283,251,1,55,246,7,71
1334,204078,251,3,58,246,13,62
1336,859548,251,13,64,246,31,35
1337,859548,251,13,64,246,33,39
1338,335262,251,11,77,246,21,73
1339,859571,251,11,44,246,17,63
1341,859678,251,11,80,246,17,76
1342,859699,251,9,44,246,19,59
1343,859699,251,15,90,246,19,59
1344,990822,251,9,50,246,19,60
1345,204476,251,11,73,246,17,70
1346,859930,251,1,70,246,7,73
1347,728898,251,11,75,246,17,65
1348,991087,251,1,80,246,11,74
1349,204674,251,13,46,246,23,77
1350,204674,251,21,56,246,23,77
1351,991243,251,11,85,246,13,73
1352,336023,251,1,66,246,7,80
1353,205043,251,11,62,246,17,73
1354,860468,251,13,91,246,21,79
1355,991696,251,11,83,246,17,79
1356,598481,251,13,91,246,27,74
1357,598574,251,27,81,246,31,77
1358,729651,251,13,60,246,27,52
1360,467655,251,13,50,246,21,63
1361,860920,251,11,59,246,23,71
1362,598805,251,13,73,246,21,65
1363,467787,251,11,89,246,17,92
1364,205764,251,13,67,246,21,53
1365,730056,251,7,78,246,13,75
1366,861177,251,1,71,246,7,76
1367,861190,251,1,56,246,7,72
1368,337130,251,11,81,246,13,83
1369,599298,251,13,80,246,21,85
1370,992622,251,21,73,246,33,69
1372,206379,251,3,62,246,17,73
1373,337524,251,1,72,246,7,77
1374,468600,251,5,80,246,9,85
1375,206528,251,3,70,246,11,85
1376,599796,251,1,84,246,7,85
1377,468781,251,13,89,246,21,83
1378,731009,251,1,93,246,9,89
1379,206730,251,3,84,246,13,80
1380,993216,251,13,81,246,21,67
1381,206799,251,13,68,246,21,53
1382,468945,251,11,84,246,17,65
1383,337892,251,9,74,246,15,77
1384,731136,251,13,56,246,21,58
1385,337955,251,1,75,246,7,76
1386,206906,251,11,80,246,13,80
1387,731229,251,13,69,246,21,61
1388,862319,251,1,85,246,9,81
1389,206966,251,3,77,246,11,75
1390,206978,251,7,96,246,13,86
1391,600205,251,7,46,246,21,67
1392,600205,251,11,69,246,21,67
1393,862353,251,3,87,246,11,68
1394,206996,251,1,73,246,11,75
1395,338114,251,17,90,246,23,72
1396,469242,251,11,76,246,17,84
1397,338314,251,11,74,246,17,63
1399,469473,251,9,89,246,15,85
1400,862759,251,11,95,246,17,72
1401,862804,251,17,85,246,23,80
1402,469609,251,1,87,246,7,84
1403,600719,251,1,79,246,7,74
1404,993946,251,11,89,246,13,91
1405,600744,251,3,78,246,11,71
1406,731918,251,11,62,246,13,72
1407,994105,251,13,86,246,21,74
1408,207735,251,13,100,246,21,81
1409,469921,251,1,79,246,3,74
1410,863151,251,13,59,246,21,60
1411,207804,251,11,75,246,17,78
1412,732162,251,1,88,246,7,85
1413,207934,251,3,92,246,11,80
1414,994504,251,11,97,246,17,84
1415,601356,251,17,71,246,23,72
1416,470315,251,21,51,246,27,62
1417,732693,251,13,76,246,21,76
1418,863783,251,11,76,246,13,84
1419,994897,251,13,84,246,21,76
1420,470742,251,7,87,246,13,61
1421,601961,251,1,80,246,9,79
1422,208770,251,1,88,246,7,84
1423,471017,251,11,64,246,17,76
1424,471025,251,11,57,246,19,61
1425,995406,251,11,77,246,17,90
1427,471336,251,21,67,246,27,65
1428,864581,251,13,67,246,21,73
1429,995654,251,11,84,246,13,79
1430,864692,251,1,71,246,7,70
1431,995797,251,3,81,246,11,55
1432,209462,251,11,89,246,17,92
1433,733831,251,11,66,246,17,79
1434,602838,251,1,54,246,7,84
1435,209764,251,15,79,246,21,77
1436,209846,251,3,74,246,13,68
1437,865304,251,1,79,246,7,82
1438,472265,251,11,81,246,17,72
1439,996570,251,1,73,246,9,57
1440,603374,251,3,70,246,21,73
1441,341241,251,11,79,246,13,69
1442,734472,251,13,65,246,27,60
1443,472339,251,13,69,246,21,50
1444,603463,251,11,66,246,51,69
1446,603550,251,21,91,246,27,83
1447,996767,251,3,72,246,11,46
1448,996767,251,3,72,246,17,50
1449,341410,251,11,84,246,13,74
1450,210526,251,13,87,246,21,60
1451,996959,251,3,100,246,7,81
1452,210543,251,11,72,246,17,68
1453,603786,251,11,68,246,13,66
1454,210593,251,11,76,246,17,62
1455,603848,251,1,77,246,7,86
1456,210747,251,13,87,246,21,69
1457,866120,251,1,61,246,7,80
1458,472989,251,1,87,246,7,80
1459,997298,251,11,98,246,13,86
1460,604300,251,11,84,246,23,72
1461,604348,251,1,90,246,9,88
1462,342216,251,1,67,246,9,76
1463,604412,251,11,68,246,17,56
1464,735525,251,13,75,246,21,63
1465,473457,251,11,60,246,17,68
1466,604538,251,13,67,246,21,61
1467,604831,251,1,71,246,7,76
1468,342857,251,11,91,246,17,81
1469,605062,251,3,82,246,7,74
1470,342945,251,1,74,246,7,84
1471,998433,251,7,72,246,15,64
1473,343120,251,1,66,246,7,66
1474,867485,251,1,76,246,9,75
1475,605447,251,17,75,246,25,40
1476,605447,251,17,75,246,27,50
1477,343377,251,7,79,246,13,75
1478,212338,251,11,53,246,13,51
1479,605558,251,7,99,246,13,83
1480,998861,251,5,68,246,11,63
1481,867813,251,1,74,246,7,78
1482,998904,251,1,64,246,7,83
1483,736761,251,13,70,246,21,75
1484,998981,251,7,57,246,21,73
1485,999029,251,11,92,246,13,79
1486,212602,251,11,84,246,21,87
1487,605820,251,1,91,246,7,85
1488,736895,251,11,63,246,17,50
1489,474754,251,13,86,246,21,89
1490,736900,251,13,66,246,21,64
1491,605864,251,11,82,246,17,67
1492,736998,251,11,90,246,17,81
1493,343799,251,13,63,246,27,71
1494,343902,251,33,55,246,41,68
1495,212921,251,1,78,246,5,69
1496,475101,251,21,77,246,27,71
1497,344060,251,11,64,246,17,50
1498,213015,251,1,78,246,7,69
1499,475198,251,7,53,246,11,50
1500,475199,251,11,58,246,17,72
1501,475271,251,3,93,246,11,79
1502,475295,251,11,80,246,13,83
1503,737440,251,11,61,246,17,77
1504,213192,251,11,67,246,17,80
1505,868628,251,1,89,246,3,79
1506,868666,251,23,72,246,31,65
1507,868699,251,11,76,246,15,67
1508,737879,251,11,84,246,17,89
1509,475829,251,11,74,246,17,71
1510,738051,251,21,85,246,27,61
1511,475963,251,13,96,246,21,88
1512,738198,251,13,83,246,21,77
1513,738234,251,13,78,246,21,86
1514,738241,251,11,80,246,17,66
1515,476255,251,11,78,246,13,74
1516,738415,251,7,72,246,13,80
1517,869491,251,1,75,246,7,81
1518,214155,251,13,84,246,21,71
1519,476353,251,13,83,246,21,86
1520,214339,251,1,82,246,9,82
1521,607575,251,7,74,246,11,82
1522,476535,251,7,60,246,13,70
1523,476552,251,3,82,246,17,73
1524,476637,251,11,63,246,23,64
1525,345603,251,17,81,246,23,72
1526,607778,251,1,86,246,7,79
1527,345811,251,11,75,246,17,67
1528,870102,251,13,58,246,33,68
1529,870223,251,13,91,246,21,82
1531,214974,251,13,59,246,21,58
1532,739278,251,1,87,246,3,84
1533,215026,251,11,50,246,17,72
1534,346194,251,17,75,246,23,54
1536,739497,251,11,59,246,17,72
1537,739505,251,13,85,246,21,84
1538,215233,251,11,82,246,17,71
1539,477636,251,11,55,246,17,60
1540,346601,251,13,70,246,21,75
1541,871139,251,1,78,246,7,89
1542,346876,251,11,69,246,17,73
1543,215857,251,1,81,246,7,78
1544,478067,251,13,73,246,21,70
1545,216073,251,13,85,246,27,72
1546,609338,251,13,94,246,17,80
1547,347233,251,7,64,246,17,50
1548,871591,251,11,76,246,17,80
1549,871671,251,9,62,246,15,63
1550,347473,251,13,90,246,21,87
1551,609737,251,3,71,246,11,80
1552,609843,251,11,59,246,19,50
1553,741084,251,11,32,246,21,64
1554,741084,251,17,78,246,21,64
1556,872245,251,1,86,246,3,87
1557,741351,251,11,82,246,17,70
1558,217088,251,17,84,246,27,65
1559,348184,251,11,72,246,23,82
1560,479549,251,11,68,246,19,74
1561,479916,251,11,79,246,17,93
1562,479959,251,13,69,246,21,69
1563,348979,251,13,66,246,17,70
1564,348993,251,11,81,246,17,87
1566,873312,251,13,83,246,21,70
1567,611330,251,11,84,246,17,81
1568,742443,251,11,55,246,21,55
1569,611439,251,9,87,246,19,54
1570,218335,251,1,77,246,7,77
1571,349591,251,1,84,246,7,80
1572,742868,251,11,73,246,17,71
1573,873948,251,1,65,246,7,65
1574,349725,251,5,69,246,7,72
1575,742951,251,9,56,246,19,58
1576,742965,251,21,70,246,27,71
1577,743057,251,11,73,246,17,74
1578,743295,251,21,86,246,23,77
1579,481224,251,1,81,246,7,66
1580,612404,251,1,86,246,3,75
1581,219195,251,1,75,246,7,73
1582,350328,251,13,64,246,21,79
1583,874681,251,3,91,246,11,84
1584,219457,251,11,66,246,17,71
1585,743900,251,13,85,246,21,75
1586,874976,251,13,68,246,37,60
1587,612889,251,11,79,246,23,74
1588,744019,251,7,79,246,13,83
1589,481876,251,13,88,246,23,79
1590,219758,251,7,61,246,11,61
1592,219874,251,3,81,246,11,85
1593,219884,251,7,82,246,13,75
1594,350973,251,1,66,246,7,68
1595,613199,251,11,86,246,17,76
1596,744326,251,11,50,246,23,81
1598,613418,251,11,80,246,23,75
1600,351376,251,5,68,246,11,50
1601,351450,251,13,65,246,21,59
1602,613828,251,11,44,246,23,61
1603,613828,251,17,83,246,23,61
1604,351725,251,17,94,246,21,88
1605,220703,251,1,74,246,3,68
1607,745016,251,11,54,246,13,80
1608,613958,251,3,80,246,11,85
1609,613961,251,1,83,246,7,86
1610,482890,251,3,58,246,11,53
1611,351962,251,11,94,246,17,88
1612,351971,251,1,94,246,5,86
1613,352096,251,1,72,246,7,78
1614,483181,251,13,70,246,21,65
1615,352137,251,1,72,246,9,81
1616,483216,251,11,51,246,17,64
1617,876448,251,1,77,246,7,83
1618,483239,251,11,67,246,17,67
1619,876498,251,13,62,246,21,77
1620,614383,251,11,89,246,17,83
1621,483364,251,11,69,246,17,51
1622,221274,251,1,87,246,9,85
1623,352470,251,1,71,246,7,80
1624,877331,251,1,77,246,7,68
1625,746323,251,9,79,246,15,67
1626,484317,251,11,70,246,13,74
1627,615617,251,11,65,246,17,70
1628,484692,251,1,92,246,9,96
1629,746859,251,3,66,246,11,60
1630,222612,251,3,58,246,13,74
1631,353699,251,11,80,246,17,85
1632,353817,251,11,63,246,17,63
1633,222861,251,11,92,246,17,83
1634,878423,251,7,85,246,11,78
1635,616318,251,3,78,246,11,81
1636,878579,251,13,62,246,21,82
1637,223242,251,13,70,246,21,72
1638,354374,251,13,68,246,21,46
1639,354374,251,13,68,246,31,63
1640,747635,251,1,94,246,9,83
1641,747686,251,11,50,246,21,71
1642,485739,251,11,78,246,17,75
1643,616836,251,13,80,246,21,74
1644,616845,251,11,70,246,17,87
1645,616953,251,13,73,246,21,77
1646,879176,251,1,81,246,7,75
1647,223825,251,11,77,246,13,63
1649,748196,251,7,73,246,11,76
1650,879301,251,7,87,246,13,82
1652,486118,251,17,88,246,23,93
1653,879361,251,3,81,246,11,80
1654,355306,251,11,61,246,17,18
1655,355306,251,11,61,246,23,62
1656,224284,251,13,87,246,21,85
1657,486498,251,1,69,246,11,57
1658,224408,251,13,77,246,21,70
1659,355480,251,13,83,246,21,77
1660,879791,251,1,77,246,7,64
1661,224540,251,11,73,246,13,54
1662,355687,251,13,75,246,21,60
1663,486792,251,11,82,246,17,63
1664,486892,251,11,59,246,17,64
1665,224802,251,7,63,246,11,51
1666,880321,251,7,78,246,13,75
1667,224963,251,13,80,246,21,61
1668,487109,251,1,57,246,15,78
1669,749303,251,11,79,246,17,73
1670,749370,251,11,56,246,17,78
1671,618350,251,13,80,246,21,60
1672,487313,251,13,76,246,21,57
1673,618429,251,11,79,246,17,60
1674,749621,251,1,78,246,7,81
1675,225543,251,15,60,246,25,58
1676,487698,251,13,46,246,27,71
1678,880921,251,1,84,246,7,76
1679,618936,251,7,84,246,11,78
1680,619201,251,13,71,246,17,54
1681,619241,251,13,75,246,17,62
1682,357098,251,1,73,246,7,72
1683,881437,251,11,52,246,13,59
1684,488245,251,7,85,246,13,75
1685,488286,251,11,69,246,17,72
1686,226187,251,21,70,246,27,66
1687,881730,251,3,92,246,11,86
1688,881818,251,21,75,246,27,83
1689,881832,251,23,59,246,31,69
1690,488753,251,11,74,246,17,66
1691,226648,251,3,72,246,11,57
1692,488815,251,23,74,246,31,77
1693,619897,251,13,67,246,27,56
1694,882074,251,11,84,246,23,77
1695,751003,251,17,94,246,21,81
1696,488886,251,11,78,246,19,69
1697,489094,251,1,81,246,7,72
1698,882555,251,11,69,246,17,65
1699,620429,251,1,96,246,9,87
1700,620507,251,13,72,246,21,53
1701,358392,251,11,87,246,15,74
1702,751616,251,3,85,246,11,83
1703,358439,251,13,86,246,21,88
1704,358597,251,13,86,246,21,87
1705,489837,251,13,82,246,21,79
1706,227710,251,1,89,246,3,70
1707,227834,251,7,92,246,17,92
1708,227964,251,11,68,246,17,59
1709,621205,251,1,60,246,7,66
1710,228065,251,11,74,246,17,78
1712,883450,251,15,54,246,21,64
1713,490250,251,21,55,246,33,62
1714,490343,251,11,77,246,17,79
1715,490394,251,13,78,246,21,80
1716,228343,251,1,59,246,7,67
1717,752642,251,13,57,246,21,74
1718,359475,251,11,69,246,17,64
1719,621636,251,7,77,246,13,81
1720,883885,251,11,64,246,13,78
1721,752888,251,11,46,246,37,50
1722,752888,251,13,46,246,37,50
1723,752888,251,21,61,246,37,50
1724,752888,251,31,76,246,37,50
1725,228641,251,13,84,246,21,77
1726,753021,251,15,69,246,19,78
1727,228896,251,11,66,246,17,72
1728,491142,251,11,68,246,13,70
1729,229007,251,11,64,246,17,68
1730,360153,251,11,86,246,17,72
1731,491236,251,11,50,246,17,56
1732,884453,251,1,81,246,9,63
1733,229128,251,1,88,246,7,79
1735,491431,251,13,76,246,21,46
1736,491431,251,13,76,246,23,64
1737,229325,251,13,82,246,21,74
1738,229365,251,13,57,246,21,71
1739,360509,251,7,61,246,13,69
1740,884848,251,1,73,246,9,75
1741,491648,251,7,72,246,13,80
1744,885022,251,11,61,246,17,78
1745,491868,251,13,66,246,21,61
1746,622976,251,21,58,246,27,56
1747,360949,251,11,75,246,19,68
1748,623146,251,9,54,246,15,50
1750,754307,251,11,45,246,21,50
1751,754307,251,17,60,246,21,50
1752,623395,251,1,61,246,9,63
1754,885592,251,11,55,246,17,78
1755,230295,251,11,89,246,15,63
1756,885705,251,7,73,246,11,68
1757,361513,251,7,91,246,11,90
1758,230455,251,7,54,246,13,62
1759,230485,251,1,71,246,7,69
1760,492695,251,11,81,246,17,67
1761,492712,251,11,59,246,17,71
1762,230640,251,1,85,246,7,81
1763,230760,251,17,75,246,21,66
1764,624168,251,1,86,246,7,83
1766,231018,251,15,71,246,19,66
1767,493191,251,13,83,246,21,81
1768,755336,251,7,77,246,13,73
1769,362142,251,11,66,246,23,81
1771,100134,251,13,81,246,21,76
1772,755603,251,13,68,246,21,72
1773,755625,251,1,72,246,9,59
1774,886834,251,11,90,246,17,65
1775,362557,251,11,61,246,21,62
1776,755798,251,1,78,246,7,81
1777,231534,251,13,78,246,21,79
1779,100485,251,7,77,246,17,70
1780,886957,251,11,63,246,17,66
1782,362726,251,1,68,246,7,69
1783,100728,251,11,76,246,13,84
1784,493948,251,1,67,246,3,66
1785,362948,251,13,90,246,21,86
1786,494021,251,13,68,246,21,75
1787,756232,251,3,80,246,11,86
1788,232022,251,13,87,246,17,84
1789,887441,251,13,72,246,21,83
1790,887666,251,11,89,246,13,82
1791,494474,251,1,79,246,9,59
1792,363423,251,11,46,246,23,83
1793,363423,251,17,92,246,23,83
1794,101324,251,11,66,246,17,71
1795,494550,251,1,83,246,7,78
1796,363490,251,1,95,246,7,83
1797,887798,251,11,84,246,17,81
1798,887826,251,13,80,246,27,70
1799,494623,251,11,68,246,21,68
1800,101474,251,7,78,246,13,63
1801,363625,251,13,64,246,27,59
1802,756932,251,3,73,246,11,73
1803,364059,251,1,62,246,9,51
1804,364132,251,13,62,246,21,64
1805,757369,251,11,68,246,17,79
1806,626370,251,11,79,246,17,75
1807,233392,251,9,83,246,15,84
1808,626789,251,11,72,246,13,81
1809,888934,251,7,64,246,21,64
1810,757882,251,11,71,246,23,73
1811,233645,251,1,68,246,3,68
1812,889016,251,1,76,246,3,79
1814,626992,251,13,73,246,21,69
1815,102745,251,3,56,246,11,70
1816,495977,251,3,73,246,11,50
1817,102763,251,17,52,246,31,57
1818,102763,251,23,78,246,31,57
1819,627073,251,11,69,246,17,60
1820,496069,251,11,50,246,13,73
1821,627180,251,15,87,246,21,70
1822,365043,251,1,86,246,9,82
1823,365228,251,1,84,246,9,69
1824,365271,251,3,99,246,11,91
1825,234236,251,11,34,246,13,71
1827,365349,251,11,52,246,13,81
1828,103216,251,11,77,246,17,80
1831,628068,251,11,84,246,17,84
1832,366018,251,13,62,246,21,56
1833,890356,251,1,66,246,7,75
1834,628260,251,11,75,246,13,84
1835,890406,251,13,85,246,17,78
1836,104016,251,3,100,246,11,100
1837,890499,251,7,63,246,11,58
1838,890548,251,13,83,246,21,77
1839,366278,251,3,82,246,11,79
1840,497362,251,13,84,246,21,70
1841,628449,251,1,75,246,7,77
1842,628510,251,13,87,246,27,68
1843,890687,251,3,84,246,7,70
1844,366501,251,1,86,246,9,83
1845,235559,251,1,75,246,9,69
1846,628781,251,11,79,246,17,70
1847,628806,251,13,89,246,21,77
1848,104655,251,11,94,246,17,88
1849,628979,251,11,69,246,13,79
1850,104696,251,1,69,246,7,88
1851,498116,251,7,81,246,11,78
1852,891420,251,7,85,246,13,79
1853,629282,251,11,69,246,13,76
1854,105233,251,13,67,246,21,72
1855,629566,251,11,85,246,13,79
1856,891794,251,11,87,246,17,66
1857,498686,251,17,50,246,31,68
1858,367687,251,11,79,246,17,73
1859,498827,251,11,70,246,17,76
1860,367763,251,13,83,246,21,88
1861,892060,251,13,88,246,21,81
1862,367784,251,13,79,246,21,78
1863,498863,251,11,91,246,17,80
1864,630010,251,7,71,246,11,59
1865,761126,251,11,46,246,21,50
1867,236858,251,11,90,246,17,85
1868,499055,251,13,87,246,27,76
1869,236947,251,3,65,246,11,64
1871,237098,251,1,79,246,3,78
1872,368181,251,11,76,246,21,68
1873,499277,251,11,78,246,17,64
1874,761574,251,3,75,246,11,72
1875,499434,251,13,96,246,21,90
1876,499573,251,1,79,246,9,60
1877,630751,251,11,65,246,17,66
1878,892934,251,13,69,246,21,74
1879,761890,251,23,86,246,31,78
1880,237627,251,17,67,246,27,53
1881,630959,251,1,78,246,9,65
1882,500063,251,11,71,246,13,66
1883,762273,251,11,62,246,17,58
1884,106994,251,13,78,246,21,64
1885,631333,251,13,79,246,21,63
1887,369321,251,7,56,246,11,71
1888,631476,251,11,59,246,17,63
1889,369336,251,11,70,246,13,80
1890,500489,251,1,79,246,7,75
1891,762732,251,11,67,246,13,74
1892,893883,251,3,67,246,17,54
1893,893883,251,11,46,246,17,54
1895,893984,251,13,65,246,17,65
1896,107606,251,13,72,246,21,77
1897,631947,251,1,89,246,5,73
1898,500918,251,13,68,246,21,70
1899,894171,251,11,75,246,17,69
1900,238895,251,11,72,246,17,71
1901,239055,251,13,67,246,21,75
1902,763357,251,11,90,246,13,82
1903,894432,251,9,72,246,15,70
1904,632304,251,7,82,246,13,73
1905,370189,251,13,57,246,27,71
1906,108104,251,11,83,246,17,86
1907,370369,251,3,88,246,11,86
1908,370401,251,13,77,246,21,74
1909,894735,251,7,91,246,13,68
1910,894931,251,11,88,246,13,92
1911,763886,251,13,89,246,17,90
1912,894965,251,3,69,246,13,66
1913,632879,251,11,85,246,17,67
1915,239685,251,11,85,246,19,82
1916,632916,251,13,76,246,21,88
1917,632923,251,11,80,246,13,58
1918,501869,251,11,65,246,15,80
1919,239764,251,13,84,246,21,89
1920,501979,251,1,85,246,9,82
1921,895235,251,11,75,246,17,73
1922,633101,251,9,64,246,11,66
1923,108904,251,13,65,246,21,63
1924,240013,251,13,58,246,31,60
1925,633284,251,13,80,246,21,70
1926,633362,251,11,90,246,13,100
1927,371297,251,13,80,246,17,63
1928,109191,251,13,62,246,21,63
1929,502431,251,11,68,246,21,77
1930,502458,251,13,86,246,21,93
1931,764612,251,1,50,246,9,69
1932,895725,251,21,78,246,27,67
1933,633702,251,1,79,246,7,82
1934,371597,251,11,57,246,17,71
1935,109583,251,7,92,246,11,80
1936,633871,251,7,75,246,13,74
1937,633975,251,11,79,246,17,71
1938,765222,251,13,77,246,21,72
1939,503116,251,1,81,246,9,64
1940,896338,251,13,74,246,21,70
1941,896353,251,1,87,246,9,88
1942,896416,251,7,62,246,11,65
1943,896507,251,1,57,246,7,80
1944,241229,251,11,78,246,17,57
1945,634522,251,11,61,246,13,50
1946,634570,251,11,76,246,17,67
1947,372433,251,13,81,246,27,46
1948,372433,251,13,81,246,31,51
1949,372449,251,11,82,246,17,68
1950,765681,251,1,82,246,7,69
1952,372549,251,11,76,246,17,79
1953,896972,251,1,67,246,7,74
1954,241630,251,11,72,246,17,73
1955,503789,251,1,84,246,7,85
1956,110586,251,1,82,246,7,75
1957,110614,251,1,72,246,7,74
1958,766018,251,11,75,246,13,62
1959,110707,251,1,50,246,3,68
1960,503951,251,1,77,246,7,80
1961,372931,251,13,60,246,27,39
1962,372931,251,13,60,246,33,59
1963,504135,251,7,62,246,13,75
1964,373117,251,13,77,246,21,93
1965,766745,251,21,73,246,27,68
1966,504622,251,13,86,246,21,78
1967,635702,251,7,88,246,37,88
1968,897918,251,13,70,246,21,73
1969,504735,251,11,79,246,17,70
1970,766899,251,3,60,246,13,68
1971,766939,251,11,63,246,19,69
1972,242667,251,1,73,246,9,83
1973,111725,251,11,75,246,23,69
1974,636160,251,13,87,246,21,73
1975,898306,251,1,69,246,7,67
1976,767256,251,19,50,246,31,78
1978,898333,251,7,72,246,11,76
1979,374049,251,11,70,246,13,55
1980,505132,251,13,67,246,21,62
1981,243016,251,13,68,246,21,76
1982,112075,251,13,80,246,21,74
1983,898630,251,13,79,246,21,80
1984,767576,251,1,76,246,9,61
1985,112291,251,1,83,246,7,63
1986,374460,251,1,87,246,9,91
1987,243558,251,1,87,246,7,88
1988,767989,251,11,89,246,17,75
1989,505852,251,11,72,246,17,72
1990,243733,251,1,89,246,7,86
1991,768096,251,23,88,246,27,62
1992,899194,251,17,66,246,31,63
1993,112786,251,13,66,246,21,62
1994,637088,251,11,60,246,17,72
1995,768234,251,3,36,246,13,68
1996,768234,251,7,52,246,13,68
1997,506114,251,1,59,246,11,66
1998,768313,251,1,71,246,7,76
1999,375276,251,13,60,246,27,72
2000,244302,251,11,69,246,17,65
2001,768598,251,11,78,246,13,59
2002,637540,251,11,83,246,13,71
2003,375409,251,11,97,246,13,85
2004,768803,251,11,76,246,17,66
2005,637740,251,1,86,246,7,87
2006,375647,251,7,96,246,11,96
2007,375657,251,3,94,246,11,74
2008,506740,251,1,70,246,7,67
2009,244825,251,13,83,246,21,80
2010,900211,251,11,42,246,17,61
2011,900211,251,13,66,246,17,61
2012,769467,251,11,69,246,17,58
2013,638432,251,11,65,246,17,68
2014,376323,251,11,77,246,17,72
2015,114251,251,11,68,246,17,62
2016,245431,251,1,58,246,7,70
2017,900951,251,3,65,246,7,65
2018,770022,251,3,100,246,11,90
2019,770031,251,13,62,246,21,69
2020,376844,251,11,84,246,21,95
2021,377037,251,9,89,246,15,75
2022,639227,251,11,60,246,13,76
2023,246057,251,3,82,246,7,74
2024,246072,251,21,82,246,27,82
2025,115091,251,7,71,246,13,60
2026,115142,251,1,75,246,3,74
2027,246253,251,13,55,246,33,43
2028,246253,251,13,55,246,37,36
2029,770570,251,11,92,246,13,78
2031,377435,251,11,80,246,13,72
2032,639661,251,11,77,246,17,74
2033,115390,251,11,59,246,23,75
2034,377569,251,3,74,246,11,78
2035,901942,251,23,84,246,31,75
2036,246595,251,11,65,246,17,84
2037,508799,251,13,81,246,21,77
2038,770951,251,1,67,246,7,70
2039,115745,251,13,62,246,21,69
2040,246818,251,1,78,246,7,82
2041,115779,251,11,62,246,21,69
2042,115792,251,17,70,246,21,54
2043,771173,251,17,75,246,23,67
2044,640108,251,11,78,246,17,91
2046,640287,251,11,61,246,17,76
2047,378369,251,11,70,246,17,57
2048,509483,251,11,80,246,13,68
2049,771921,251,7,85,246,13,80
2050,509806,251,7,54,246,21,83
2051,509806,251,13,78,246,21,83
2052,116897,251,11,70,246,17,75
2053,772295,251,17,82,246,21,75
2054,379213,251,13,90,246,27,75
2055,641362,251,13,55,246,21,62
2056,510310,251,1,68,246,9,56
2057,379287,251,1,63,246,7,74
2059,248227,251,21,61,246,27,75
2060,772538,251,21,45,246,37,61
2061,772538,251,33,76,246,37,61
2062,903640,251,13,97,246,21,83
2063,248346,251,13,78,246,21,80
2064,379428,251,23,59,246,51,52
2065,772654,251,11,91,246,17,56
2066,641628,251,1,92,246,7,82
2067,248422,251,7,90,246,13,65
2068,772868,251,11,84,246,23,82
2069,248613,251,13,90,246,21,88
2070,641842,251,1,74,246,9,65
2071,773099,251,1,60,246,7,66
2072,117800,251,13,87,246,21,81
2073,117876,251,11,72,246,17,75
2074,380167,251,1,73,246,11,83
2075,773420,251,3,75,246,13,81
2076,380235,251,17,66,246,23,57
2077,380235,251,17,66,246,31,75
2078,118092,251,3,33,246,13,70
2079,118092,251,11,67,246,13,70
2080,773507,251,13,66,246,21,63
2081,249230,251,1,78,246,7,85
2082,118260,251,1,63,246,7,75
2083,642550,251,21,75,246,27,74
2084,118287,251,13,73,246,17,69
2085,249431,251,11,78,246,17,73
2086,904805,251,9,53,246,21,53
2087,904836,251,11,60,246,21,68
2088,380573,251,13,94,246,21,79
2089,380611,251,11,82,246,13,73
2090,249547,251,1,55,246,11,78
2091,511846,251,13,75,246,21,46
2092,511846,251,13,75,246,27,74
2093,642974,251,11,89,246,17,79
2094,249857,251,11,82,246,17,63
2095,905254,251,11,77,246,17,82
2096,774213,251,41,85,246,43,98
2097,905311,251,9,58,246,15,64
2098,512112,251,1,86,246,9,93
2099,381111,251,11,85,246,17,81
2100,381127,251,13,81,246,21,63
2101,512223,251,11,94,246,13,80
2102,250100,251,13,87,246,21,86
2103,643421,251,11,82,246,17,71
2104,381387,251,11,64,246,19,80
2105,381432,251,13,63,246,21,60
2106,119339,251,11,69,246,13,79
2107,774771,251,11,86,246,17,86
2108,774811,251,11,67,246,21,60
2109,119515,251,9,66,246,19,62
2110,905955,251,13,96,246,21,85
2111,119554,251,11,77,246,17,58
2112,512823,251,13,67,246,27,43
2113,512823,251,13,67,246,33,59
2115,644059,251,3,87,246,7,87
2116,644105,251,21,71,246,27,68
2117,382062,251,7,67,246,11,67
2118,775286,251,7,76,246,17,62
2119,120050,251,3,89,246,11,79
2120,775424,251,1,64,246,7,72
2121,906566,251,11,87,246,17,88
2122,120215,251,11,96,246,17,71
2123,644626,251,1,88,246,9,80
2124,120364,251,11,81,246,19,67
2125,120378,251,11,84,246,17,91
2126,775823,251,13,79,246,21,71
2127,251596,251,7,80,246,13,70
2128,382748,251,13,76,246,27,55
2129,513894,251,7,66,246,11,78
2130,776061,251,13,89,246,21,81
2131,776139,251,11,65,246,23,80
2132,645183,251,13,72,246,21,73
2133,251978,251,11,46,246,17,81
2135,120936,251,11,74,246,17,76
2136,776335,251,13,89,246,21,73
2137,514205,251,17,68,246,23,66
2138,776404,251,13,81,246,21,66
2139,121217,251,1,83,246,7,82
2140,252296,251,15,65,246,19,61
2141,252314,251,1,69,246,9,73
2142,645552,251,11,67,246,13,80
2143,645642,251,13,80,246,17,70
2144,121392,251,13,67,246,21,70
2145,383570,251,9,70,246,11,71
2146,383571,251,1,75,246,9,67
2147,645724,251,11,61,246,17,69
2149,776878,251,11,70,246,17,61
2150,383689,251,13,77,246,21,73
2151,383763,251,13,85,246,21,74
2152,121661,251,31,89,246,33,76
2153,908120,251,27,80,246,33,75
2154,908134,251,3,75,246,13,87
2155,908161,251,21,58,246,27,71
2156,646218,251,7,43,246,25,37
2157,646218,251,11,78,246,25,37
2158,646346,251,7,90,246,11,77
2159,908561,251,7,52,246,11,70
2161,384348,251,13,70,246,23,70
2162,384386,251,5,88,246,9,73
2163,646601,251,13,70,246,21,61
2164,384462,251,1,67,246,7,75
2165,122472,251,7,87,246,13,80
2166,646820,251,11,66,246,17,70
2167,909032,251,11,74,246,13,62
2168,646922,251,1,76,246,7,75
2169,122665,251,11,79,246,13,82
2170,778032,251,9,56,246,11,58
2171,515981,251,1,62,246,3,76
2172,909292,251,11,81,246,13,78
2173,385133,251,1,58,246,11,50
2174,778399,251,7,65,246,13,62
2175,123187,251,11,77,246,17,50
2176,909623,251,13,50,246,27,69
2177,778643,251,13,77,246,21,62
2178,385436,251,11,76,246,17,73
2179,647590,251,3,79,246,11,83
2180,909823,251,11,92,246,17,83
2181,778793,251,1,81,246,9,86
2182,778841,251,13,50,246,23,80
2183,909980,251,11,94,246,17,78
2184,910055,251,13,75,246,23,73
2185,385780,251,1,70,246,7,77
2186,254739,251,7,89,246,11,69
2187,516981,251,13,67,246,21,70
2188,910200,251,7,88,246,13,87
2189,779164,251,13,68,246,21,55
2191,255096,251,13,86,246,21,93
2192,779462,251,11,83,246,17,81
2193,517366,251,7,83,246,11,80
2194,386310,251,1,69,246,7,79
2195,648507,251,1,80,246,9,71
2196,386436,251,13,79,246,21,84
2197,386471,251,13,75,246,17,76
2199,648672,251,13,86,246,21,87
2200,779772,251,11,90,246,17,87
2201,910893,251,11,65,246,23,77
2202,255542,251,3,63,246,17,50
2203,124550,251,13,83,246,21,81
2204,255716,251,11,68,246,17,83
2205,386823,251,17,82,246,23,79
2206,911172,251,11,96,246,17,89
2207,255833,251,7,74,246,13,79
2208,911260,251,11,46,246,13,77
2210,518161,251,13,61,246,21,61
2211,518208,251,11,86,246,17,88
2212,256091,251,11,68,246,21,64
2213,387250,251,1,70,246,7,81
2214,649404,251,13,76,246,21,80
2215,387277,251,13,95,246,27,77
2217,780616,251,11,81,246,15,58
2218,125322,251,9,78,246,15,83
2219,911783,251,11,64,246,17,61
2220,911794,251,13,61,246,21,78
2221,518605,251,13,60,246,21,69
2222,911863,251,7,63,246,15,56
2223,387644,251,1,60,246,7,72
2224,256614,251,1,67,246,3,64
2225,387798,251,11,92,246,17,88
2226,781031,251,11,76,246,13,79
2227,387910,251,1,76,246,7,84
2228,387912,251,13,76,246,21,79
2229,125780,251,13,71,246,27,62
2230,519092,251,1,62,246,7,70
2231,912312,251,11,56,246,13,75
2232,781255,251,13,89,246,21,79
2234,650247,251,1,77,246,3,73
2235,912408,251,11,76,246,17,80
2236,781353,251,13,82,246,21,80
2237,650361,251,1,92,246,3,68
2238,650380,251,3,88,246,11,65
2239,126131,251,11,84,246,13,77
2240,126314,251,11,84,246,17,75
2241,781716,251,9,75,246,11,56
2242,519633,251,3,86,246,11,53
2243,388581,251,1,79,246,7,73
2244,257588,251,1,96,246,9,90
2245,126524,251,1,63,246,7,77
2247,126560,251,9,55,246,15,58
2249,257749,251,15,54,246,21,36
2250,126772,251,13,81,246,21,85
2251,520067,251,1,61,246,3,61
2252,651171,251,13,64,246,21,63
2253,389176,251,11,90,246,13,76
2254,258184,251,13,70,246,27,72
2256,520372,251,11,75,246,17,76
2257,651468,251,1,60,246,7,71
2258,127292,251,11,59,246,23,69
2259,127344,251,1,81,246,3,77
2260,651702,251,7,93,246,17,91
2261,914167,251,7,99,246,21,85
2262,127843,251,11,84,246,17,78
2263,783260,251,11,46,246,17,58
2264,783260,251,13,71,246,17,58
2265,652192,251,11,60,246,17,65
2266,390061,251,3,88,246,11,85
2268,127988,251,11,50,246,21,67
2269,390232,251,11,78,246,13,80
2270,652446,251,21,91,246,23,83
2271,390335,251,11,70,246,25,65
2272,521410,251,13,55,246,21,65
2273,783574,251,11,75,246,13,76
2276,914726,251,1,82,246,9,62
2277,521525,251,11,77,246,17,72
2278,783907,251,13,79,246,21,68
2279,259654,251,13,81,246,21,71
2280,915015,251,7,92,246,13,80
2281,390839,251,11,84,246,13,73
2283,784071,251,11,63,246,17,67
2284,390860,251,13,70,246,21,55
2285,915208,251,11,88,246,17,73
2286,653126,251,11,80,246,17,78
2287,915275,251,1,62,246,7,73
2288,653133,251,13,89,246,21,85
2289,391015,251,11,80,246,17,71
2290,522108,251,11,82,246,17,79
2291,915429,251,11,75,246,13,28
2292,915429,251,11,75,246,23,59
2293,915442,251,9,84,246,11,76
2294,653399,251,11,86,246,13,79
2295,784479,251,11,86,246,17,83
2296,915646,251,1,67,246,7,67
2297,915647,251,3,81,246,11,86
2298,260290,251,13,72,246,21,55
2299,784604,251,1,66,246,7,79
2300,391425,251,13,69,246,21,69
2301,784675,251,13,80,246,21,81
2302,785014,251,13,82,246,21,70
2303,391956,251,1,84,246,3,77
2305,916303,251,1,84,246,9,74
2306,260970,251,13,77,246,21,70
2307,261000,251,11,83,246,17,82
2308,785372,251,7,96,246,13,88
2309,654350,251,1,66,246,7,70
2310,523428,251,13,89,246,21,88
2311,654503,251,11,83,246,17,82
2312,130217,251,13,64,246,23,52
2313,785631,251,1,84,246,9,71
2314,654571,251,13,80,246,21,75
2315,130302,251,11,55,246,17,70
2316,523643,251,5,89,246,9,83
2317,785788,251,11,80,246,15,83
2318,523731,251,15,70,246,19,74
2319,261605,251,11,87,246,13,83
2320,654883,251,17,69,246,23,69
2321,261820,251,13,83,246,21,78
2323,392923,251,1,67,246,5,70
2324,130809,251,1,75,246,9,46
2325,130809,251,1,75,246,15,68
2327,917303,251,11,56,246,17,68
2329,393040,251,11,56,246,23,78
2330,393059,251,17,84,246,21,54
2331,917370,251,3,88,246,7,76
2332,393110,251,1,61,246,9,60
2333,131062,251,1,71,246,7,75
