,StudentID,CourseNumber_x,Term_x,Grade_x,CourseNumber_y,Term_y,Grade_y
0,131205,251,11,92,370,31,86
1,131252,251,13,84,370,31,59
2,524634,251,13,86,370,33,79
3,262516,251,1,83,370,7,90
4,918214,251,11,79,370,21,73
5,262913,251,1,77,370,13,82
6,918323,251,1,74,370,9,63
7,787281,251,11,84,370,23,85
8,787296,251,3,84,370,11,60
9,918408,251,13,60,370,31,65
10,525401,251,1,73,370,15,75
11,656627,251,11,76,370,21,54
12,656717,251,13,68,370,41,68
13,263554,251,7,83,370,33,81
14,787843,251,1,69,370,13,75
15,394640,251,3,89,370,17,82
16,525934,251,11,67,370,19,87
17,394865,251,17,62,370,31,68
18,526102,251,11,75,370,31,71
19,263986,251,1,87,370,17,96
20,526165,251,11,96,370,13,93
21,264142,251,11,84,370,19,86
22,526365,251,11,63,370,29,63
23,526365,251,25,79,370,29,63
24,526476,251,11,71,370,21,64
25,133520,251,13,69,370,33,64
26,395676,251,9,61,370,19,51
27,133890,251,1,67,370,13,39
28,133890,251,1,67,370,33,62
29,265106,251,1,92,370,13,91
30,265140,251,15,52,370,19,42
31,265140,251,15,52,370,25,68
32,396242,251,7,69,370,31,96
33,134110,251,11,86,370,17,91
34,658523,251,7,92,370,21,81
35,396481,251,11,59,370,31,84
36,658701,251,1,63,370,21,66
37,265628,251,1,77,370,9,68
38,396798,251,17,93,370,31,92
39,396813,251,1,74,370,21,70
40,265752,251,1,67,370,21,60
41,265831,251,11,69,370,13,62
42,659166,251,7,55,370,17,60
43,265956,251,7,85,370,23,90
44,266156,251,11,79,370,31,82
45,921584,251,1,67,370,13,76
46,266249,251,11,81,370,31,81
47,266350,251,1,76,370,9,66
48,266465,251,13,78,370,27,40
49,266465,251,13,78,370,31,85
50,790931,251,17,78,370,23,86
51,135634,251,1,68,370,9,83
52,135654,251,1,67,370,13,73
53,266750,251,21,72,370,27,77
54,528945,251,1,84,370,3,78
55,791160,251,1,87,370,15,80
56,398060,251,13,68,370,33,50
57,398071,251,1,68,370,13,65
58,660594,251,11,46,370,21,45
59,660594,251,11,46,370,31,64
60,660594,251,13,67,370,21,45
61,660594,251,13,67,370,31,64
62,922902,251,5,64,370,17,47
63,136511,251,1,79,370,21,90
64,267721,251,11,78,370,31,82
65,398834,251,11,78,370,23,68
66,792065,251,11,59,370,31,71
67,136770,251,17,86,370,37,80
68,398948,251,3,82,370,7,67
69,530055,251,11,69,370,21,58
70,136858,251,11,94,370,21,80
71,923384,251,11,76,370,27,88
72,792349,251,1,72,370,13,77
73,661296,251,11,58,370,31,46
74,399262,251,3,66,370,13,45
75,399262,251,3,66,370,21,50
76,923674,251,5,78,370,7,77
77,399422,251,1,84,370,25,75
78,530559,251,7,65,370,15,75
79,792757,251,1,94,370,29,96
80,530702,251,11,65,370,27,85
81,137521,251,7,85,370,31,57
82,399758,251,11,65,370,17,59
83,530835,251,11,46,370,19,72
84,530835,251,15,73,370,19,72
85,399788,251,7,74,370,21,63
86,924089,251,7,68,370,27,40
87,924089,251,7,68,370,47,73
88,530912,251,5,68,370,25,79
89,530998,251,1,85,370,15,71
90,269007,251,17,87,370,31,85
91,924461,251,11,61,370,31,82
92,924489,251,7,59,370,21,70
93,793475,251,1,54,370,23,67
94,138275,251,13,80,370,33,25
95,138354,251,1,86,370,21,84
96,662695,251,17,40,370,37,38
97,662695,251,23,63,370,37,38
98,531706,251,13,76,370,27,72
99,925098,251,1,66,370,19,81
100,925225,251,13,75,370,31,67
101,138796,251,1,79,370,21,80
102,794158,251,1,73,370,7,74
103,532023,251,9,67,370,19,82
104,400974,251,1,81,370,27,82
105,663311,251,11,62,370,31,85
106,794432,251,1,77,370,13,69
107,401438,251,1,88,370,21,87
108,925909,251,7,85,370,11,91
109,663821,251,9,74,370,21,80
110,532779,251,13,52,370,17,63
111,532789,251,1,81,370,21,72
112,795053,251,1,55,370,7,82
113,532935,251,11,52,370,21,80
114,795093,251,11,64,370,37,67
115,139739,251,11,88,370,33,83
116,139773,251,13,85,370,21,86
117,270850,251,1,72,370,31,78
118,401989,251,11,72,370,23,67
119,139927,251,13,65,370,33,60
120,664243,251,13,81,370,33,75
121,795318,251,1,66,370,21,76
122,533296,251,13,88,370,33,59
123,795564,251,1,69,370,15,41
124,795564,251,1,69,370,39,80
125,533465,251,9,74,370,21,86
126,271379,251,13,81,370,27,66
127,271472,251,7,84,370,27,87
128,533628,251,11,80,370,37,70
129,533682,251,1,76,370,21,67
130,140592,251,1,78,370,7,84
131,795984,251,1,75,370,21,61
132,140636,251,11,51,370,37,86
133,927188,251,3,5,370,33,72
134,927188,251,11,64,370,33,72
135,140941,251,1,80,370,9,74
136,796317,251,3,65,370,31,86
137,272064,251,13,73,370,33,71
138,403160,251,11,76,370,31,81
139,272139,251,1,64,370,17,50
140,534333,251,13,73,370,21,85
141,534339,251,1,81,370,19,75
142,403305,251,1,69,370,7,58
143,403316,251,11,85,370,31,83
144,927632,251,11,69,370,15,78
145,272299,251,15,71,370,35,75
146,403404,251,5,80,370,15,86
147,403411,251,13,73,370,31,80
148,927785,251,13,81,370,27,36
149,665647,251,11,84,370,31,81
150,403527,251,5,81,370,19,87
151,534603,251,11,92,370,17,88
152,927823,251,13,65,370,27,78
153,534620,251,11,58,370,37,82
154,927838,251,13,75,370,31,54
155,403610,251,1,82,370,13,88
156,403623,251,13,66,370,33,41
157,403679,251,13,86,370,27,94
158,272678,251,7,81,370,27,37
159,272678,251,7,81,370,33,52
160,403860,251,13,68,370,33,77
161,272814,251,17,83,370,23,92
162,928186,251,1,77,370,21,80
163,141833,251,1,83,370,13,78
164,404037,251,7,79,370,21,73
165,928379,251,7,76,370,33,72
166,273106,251,11,91,370,25,88
167,928493,251,7,64,370,27,61
168,404241,251,9,54,370,15,63
169,273177,251,13,61,370,33,69
170,797723,251,11,91,370,31,88
171,535638,251,7,72,370,17,71
172,666747,251,1,66,370,17,72
173,273575,251,3,88,370,17,90
174,666823,251,11,69,370,23,62
175,404743,251,11,78,370,37,93
176,142656,251,13,63,370,41,84
177,142701,251,11,64,370,27,71
178,536105,251,13,84,370,41,82
179,143030,251,21,73,370,37,82
180,667372,251,13,92,370,33,83
181,536307,251,3,93,370,21,81
182,143106,251,21,58,370,33,42
183,143106,251,21,58,370,37,57
184,667437,251,1,79,370,13,74
185,143180,251,21,63,370,31,41
186,798583,251,11,73,370,31,53
187,405442,251,17,77,370,31,76
188,929778,251,11,94,370,23,79
189,143436,251,11,84,370,31,72
190,143461,251,1,71,370,21,65
191,798862,251,13,85,370,23,71
192,143517,251,1,45,370,25,72
193,143517,251,9,84,370,25,72
194,930012,251,23,86,370,31,94
195,798966,251,11,68,370,31,66
196,274686,251,13,76,370,27,81
197,930059,251,13,82,370,27,68
198,667935,251,23,76,370,37,70
199,799263,251,11,88,370,31,85
200,144003,251,7,73,370,21,63
201,930463,251,3,84,370,7,87
202,930464,251,17,72,370,31,66
203,537387,251,13,79,370,33,71
204,799627,251,7,81,370,27,84
205,144275,251,7,71,370,13,79
206,799649,251,1,81,370,13,75
207,537542,251,11,90,370,23,78
208,275464,251,11,68,370,27,65
209,406619,251,13,94,370,33,69
210,537736,251,1,77,370,13,73
211,669024,251,11,80,370,31,73
212,931291,251,17,90,370,37,94
213,275968,251,11,79,370,13,79
214,275984,251,15,68,370,21,65
215,144975,251,11,75,370,31,73
216,538243,251,11,81,370,13,66
217,276104,251,1,84,370,13,40
218,276104,251,1,84,370,21,70
219,145077,251,1,77,370,15,65
220,276171,251,3,78,370,17,60
221,538370,251,13,77,370,23,67
222,800535,251,13,91,370,27,84
223,276256,251,11,65,370,21,65
224,800560,251,9,77,370,19,66
225,800610,251,1,69,370,13,66
226,669558,251,11,70,370,31,73
227,145284,251,11,63,370,21,40
228,145284,251,11,63,370,23,83
229,931738,251,11,92,370,23,70
230,538625,251,7,78,370,11,75
231,669744,251,11,60,370,47,63
232,931980,251,1,89,370,7,78
233,145566,251,11,67,370,37,55
234,932001,251,13,90,370,37,90
235,669968,251,11,61,370,31,61
236,932347,251,11,68,370,23,75
237,277011,251,13,70,370,43,81
238,932437,251,13,89,370,27,91
239,801399,251,1,86,370,15,70
240,146062,251,3,72,370,17,57
241,801457,251,3,73,370,13,28
242,801457,251,3,73,370,51,78
243,801568,251,13,64,370,27,50
244,670549,251,1,86,370,15,91
245,670702,251,7,83,370,21,74
246,932939,251,1,79,370,7,65
247,146581,251,1,86,370,13,89
248,146601,251,13,73,370,21,60
249,933068,251,11,79,370,21,92
250,539975,251,1,82,370,7,70
251,671191,251,13,86,370,41,77
252,933353,251,11,99,370,17,93
253,671211,251,11,65,370,31,80
254,278032,251,21,93,370,27,90
255,802383,251,13,80,370,27,82
256,409288,251,1,70,370,17,82
257,802568,251,1,76,370,23,55
258,671542,251,11,72,370,31,82
259,671697,251,9,67,370,15,85
260,409608,251,11,69,370,21,84
261,540811,251,11,46,370,43,70
262,540811,251,13,92,370,43,70
263,278894,251,7,80,370,23,90
264,672188,251,13,62,370,33,47
265,672188,251,13,62,370,41,72
266,279009,251,9,40,370,31,66
267,279009,251,11,71,370,31,66
268,803347,251,11,73,370,23,82
269,410195,251,1,83,370,3,97
270,934488,251,11,85,370,23,75
271,279140,251,11,70,370,23,68
272,803496,251,21,88,370,27,59
273,541367,251,7,79,370,27,37
274,541367,251,7,79,370,33,45
275,934598,251,9,53,370,21,31
276,934598,251,9,53,370,29,75
277,148179,251,11,90,370,21,81
278,541536,251,1,80,370,21,85
279,410494,251,7,80,370,43,50
280,410514,251,11,72,370,23,83
281,148423,251,13,88,370,41,80
282,541730,251,13,84,370,27,80
283,148647,251,1,73,370,13,71
284,672977,251,11,54,370,23,67
285,673036,251,11,80,370,31,84
286,542140,251,19,64,370,29,74
287,673282,251,1,69,370,13,72
288,149016,251,11,73,370,25,76
289,935517,251,1,86,370,15,63
290,804514,251,23,60,370,43,44
291,804514,251,23,60,370,51,70
292,280343,251,15,73,370,49,67
293,280349,251,1,54,370,29,70
294,542509,251,1,44,370,27,66
295,542509,251,3,81,370,27,66
296,149299,251,1,55,370,21,53
297,411554,251,3,67,370,31,68
298,935908,251,9,64,370,21,71
299,149559,251,1,60,370,13,87
300,149604,251,13,81,370,41,70
301,411831,251,13,73,370,33,50
302,542945,251,13,75,370,27,79
303,542953,251,13,65,370,33,47
304,542953,251,13,65,370,41,71
305,280810,251,13,76,370,33,68
306,805149,251,7,68,370,47,41
307,805149,251,7,68,370,51,72
308,280876,251,3,84,370,31,76
309,280945,251,1,70,370,7,41
310,280945,251,1,70,370,13,66
311,805252,251,13,86,370,33,68
312,674212,251,7,78,370,21,82
313,936396,251,11,80,370,23,72
314,674288,251,13,76,370,31,88
315,543267,251,11,69,370,31,72
316,150060,251,11,62,370,17,65
317,936796,251,1,75,370,11,77
318,543740,251,1,90,370,11,93
319,543870,251,11,87,370,31,88
320,937107,251,1,83,370,21,63
321,675020,251,13,65,370,31,78
322,544112,251,11,75,370,31,74
323,150906,251,13,71,370,27,72
324,806285,251,11,64,370,31,88
325,544250,251,3,67,370,21,57
326,675371,251,9,57,370,19,75
327,282169,251,11,90,370,21,94
328,937616,251,21,61,370,43,70
329,151211,251,11,71,370,21,75
330,282296,251,13,61,370,31,62
331,937729,251,1,86,370,13,79
332,675865,251,11,53,370,41,63
333,544834,251,9,64,370,19,77
334,675947,251,1,82,370,13,89
335,938326,251,13,90,370,33,74
336,545134,251,13,76,370,21,86
337,283011,251,1,79,370,13,71
338,938497,251,1,78,370,7,75
339,676457,251,13,78,370,17,63
340,807636,251,21,74,370,27,93
341,283452,251,3,91,370,13,80
342,545723,251,19,61,370,25,65
343,152510,251,11,76,370,13,70
344,283750,251,1,76,370,21,66
345,283841,251,11,73,370,31,77
346,808153,251,7,86,370,33,58
347,677095,251,5,72,370,19,62
349,808177,251,11,69,370,23,50
350,939574,251,11,87,370,17,72
351,677437,251,11,81,370,17,68
352,284222,251,1,63,370,17,84
353,415529,251,11,63,370,17,68
354,284521,251,7,66,370,27,71
355,939882,251,11,85,370,23,75
356,153499,251,13,73,370,33,67
357,808900,251,7,85,370,21,81
359,284731,251,1,78,370,21,65
360,153736,251,11,83,370,31,89
361,415986,251,11,61,370,29,77
362,809226,251,13,44,370,27,82
363,809226,251,21,80,370,27,82
364,284991,251,13,73,370,27,70
365,285019,251,1,69,370,17,67
366,547192,251,13,83,370,27,78
367,416222,251,11,87,370,23,70
368,154198,251,11,83,370,21,76
369,940774,251,1,56,370,21,77
370,416608,251,11,84,370,31,92
371,154672,251,13,83,370,27,58
372,154687,251,27,66,370,33,70
373,679013,251,13,55,370,33,47
374,285873,251,3,84,370,7,80
375,810198,251,1,73,370,13,78
376,154962,251,1,60,370,19,57
377,155203,251,13,45,370,27,45
378,155203,251,21,74,370,27,45
379,417409,251,13,91,370,33,20
380,417409,251,13,91,370,41,80
381,810736,251,7,71,370,31,81
382,286551,251,13,74,370,27,44
383,286551,251,13,74,370,41,65
384,155496,251,13,74,370,27,80
385,286600,251,7,69,370,17,66
386,679954,251,13,65,370,23,65
387,155674,251,7,88,370,15,82
388,942283,251,1,68,370,21,64
389,287048,251,11,82,370,31,75
390,942524,251,13,69,370,33,77
391,418293,251,11,67,370,31,4
392,549481,251,13,85,370,23,80
393,942758,251,1,65,370,7,66
394,418491,251,11,78,370,21,51
396,811800,251,1,75,370,15,77
397,418755,251,13,58,370,27,68
398,943077,251,1,85,370,21,87
399,549899,251,1,93,370,19,90
400,549939,251,11,80,370,37,61
401,287896,251,7,61,370,21,33
402,287896,251,7,61,370,51,87
403,419004,251,11,71,370,37,85
404,287964,251,11,62,370,21,34
405,287987,251,13,91,370,41,86
406,287990,251,11,71,370,27,59
407,943538,251,11,60,370,17,71
408,550330,251,11,94,370,33,88
409,419311,251,3,74,370,17,77
410,681537,251,9,84,370,15,85
411,288426,251,13,67,370,21,58
412,157391,251,3,57,370,21,76
413,681731,251,27,88,370,47,40
414,681802,251,7,86,370,27,87
415,943989,251,13,63,370,27,50
416,943990,251,11,61,370,17,65
417,944088,251,11,89,370,23,80
418,157683,251,11,54,370,41,67
419,550899,251,1,66,370,11,74
420,944116,251,11,86,370,23,42
421,944116,251,11,86,370,27,57
422,419973,251,7,92,370,33,90
423,288910,251,11,70,370,25,69
424,157976,251,1,83,370,13,76
425,158040,251,7,89,370,27,70
426,158128,251,13,69,370,41,66
427,158133,251,7,70,370,21,83
428,813779,251,11,78,370,17,86
429,551747,251,1,67,370,13,85
430,289655,251,11,68,370,23,69
431,551818,251,17,60,370,21,73
432,158683,251,7,77,370,13,84
433,158753,251,11,78,370,31,50
434,289966,251,1,83,370,15,65
435,552151,251,11,80,370,23,50
436,159051,251,1,88,370,21,73
437,814702,251,3,81,370,11,60
438,290499,251,11,69,370,23,77
439,945985,251,1,82,370,27,47
440,945985,251,1,82,370,31,83
441,683941,251,11,82,370,23,50
442,946160,251,11,50,370,27,78
443,290808,251,11,80,370,23,62
444,684112,251,7,81,370,27,74
445,553068,251,13,88,370,41,71
446,684191,251,1,84,370,13,78
447,684225,251,11,64,370,31,72
448,159949,251,13,76,370,27,53
449,160205,251,11,54,370,31,61
450,160211,251,1,72,370,13,80
451,684587,251,1,69,370,13,73
452,815672,251,3,72,370,17,68
453,684720,251,11,71,370,21,69
454,553777,251,11,75,370,23,90
455,553831,251,13,70,370,33,57
456,291758,251,13,72,370,27,60
457,947140,251,21,58,370,41,53
458,685019,251,1,60,370,13,73
459,685033,251,1,78,370,7,95
460,422983,251,3,82,370,23,83
461,816273,251,11,80,370,19,68
462,160927,251,3,74,370,21,63
463,685254,251,11,78,370,31,84
464,947403,251,3,61,370,21,63
465,947423,251,23,84,370,43,88
466,685309,251,11,74,370,17,97
467,685338,251,3,70,370,21,68
468,816449,251,1,81,370,21,79
469,947543,251,7,79,370,27,86
470,947692,251,7,72,370,17,73
471,947724,251,13,87,370,27,72
472,685662,251,1,58,370,7,43
473,685662,251,1,58,370,13,42
474,685662,251,1,58,370,41,84
475,292516,251,11,56,370,37,53
476,554702,251,13,83,370,27,90
477,161520,251,11,85,370,21,72
478,423722,251,11,56,370,21,69
479,685995,251,1,85,370,29,87
480,423917,251,3,46,370,23,67
481,423917,251,11,68,370,23,67
482,423961,251,9,68,370,15,64
483,292930,251,13,77,370,27,76
484,161887,251,11,98,370,23,59
485,424300,251,11,75,370,37,59
486,555508,251,7,82,370,15,81
487,424473,251,13,84,370,33,79
488,948783,251,11,90,370,31,71
489,424529,251,1,72,370,15,75
490,686674,251,13,81,370,27,83
491,162450,251,11,84,370,31,80
492,162604,251,11,66,370,31,83
493,818143,251,11,81,370,23,68
494,818164,251,13,71,370,23,75
495,949298,251,13,69,370,21,74
496,162883,251,11,75,370,31,74
497,818362,251,7,89,370,23,79
498,163053,251,11,78,370,31,74
499,687361,251,11,73,370,31,52
500,294200,251,13,75,370,33,71
501,818549,251,13,60,370,33,67
502,425378,251,3,81,370,23,66
503,556786,251,17,99,370,31,69
504,950086,251,1,73,370,13,76
505,163687,251,11,75,370,31,72
506,819070,251,11,83,370,23,55
507,425896,251,1,73,370,21,70
508,425924,251,1,70,370,11,85
509,163852,251,9,65,370,21,50
510,426025,251,13,87,370,33,50
511,426055,251,11,82,370,23,78
512,295038,251,11,71,370,21,78
513,819549,251,11,85,370,37,82
514,295424,251,11,79,370,23,90
515,688654,251,3,67,370,13,72
516,164440,251,11,87,370,17,80
517,164514,251,7,55,370,17,84
518,819879,251,1,80,370,21,85
519,950975,251,11,82,370,21,67
520,820009,251,1,80,370,13,64
521,164711,251,13,68,370,17,56
522,164726,251,21,68,370,33,50
523,689026,251,7,73,370,13,84
524,689050,251,11,93,370,23,97
525,951256,251,17,76,370,27,88
526,820372,251,3,70,370,17,77
527,427170,251,7,93,370,31,84
528,689339,251,1,61,370,21,77
529,427251,251,7,82,370,31,88
530,296334,251,11,79,370,31,77
531,165313,251,11,76,370,31,46
532,165313,251,11,76,370,37,77
533,165373,251,1,85,370,13,70
534,951816,251,9,58,370,29,83
535,165391,251,7,81,370,31,68
536,558618,251,13,88,370,27,70
537,820800,251,1,79,370,15,72
538,165540,251,13,40,370,27,44
539,165540,251,21,59,370,27,44
540,820912,251,1,68,370,15,83
541,165577,251,21,89,370,27,77
542,296695,251,11,79,370,31,81
543,821068,251,1,71,370,13,84
544,296865,251,21,87,370,25,92
545,427950,251,21,88,370,41,62
546,165826,251,15,90,370,35,69
547,428007,251,7,94,370,31,85
548,690183,251,7,76,370,17,55
549,952494,251,1,73,370,11,75
550,690378,251,21,45,370,33,50
551,690378,251,23,65,370,33,50
552,559393,251,11,98,370,31,98
553,952639,251,1,79,370,7,86
554,297285,251,11,77,370,31,65
555,821800,251,1,93,370,21,92
556,821809,251,1,79,370,13,73
557,952972,251,3,88,370,11,72
558,297685,251,11,80,370,31,73
559,166635,251,15,62,370,31,43
560,690974,251,13,50,370,31,54
561,822137,251,11,79,370,31,61
562,297917,251,7,95,370,27,95
563,429001,251,1,58,370,11,60
564,822260,251,11,74,370,23,73
565,691350,251,13,62,370,33,47
566,691350,251,13,62,370,41,57
567,691359,251,1,64,370,27,63
568,298316,251,11,56,370,21,60
569,691539,251,15,69,370,25,61
570,429401,251,1,62,370,7,67
571,822670,251,1,84,370,15,85
572,691665,251,11,84,370,31,68
573,429612,251,3,50,370,43,76
574,822875,251,7,77,370,13,78
575,298607,251,1,90,370,15,75
576,429712,251,11,65,370,31,65
577,954006,251,1,71,370,11,80
578,823053,251,13,75,370,27,67
579,954248,251,3,92,370,17,86
580,561100,251,9,54,370,19,45
581,561100,251,9,54,370,35,64
582,561100,251,9,54,370,49,71
583,823350,251,3,78,370,23,83
584,692319,251,7,80,370,13,78
585,692363,251,13,88,370,27,73
586,954629,251,13,78,370,27,72
587,299287,251,13,66,370,41,66
588,430402,251,7,92,370,13,89
589,954700,251,1,77,370,21,70
590,692679,251,1,82,370,13,82
591,430643,251,7,84,370,27,75
592,823887,251,11,72,370,27,65
593,693007,251,11,68,370,31,51
594,955189,251,7,43,370,15,72
595,955189,251,11,69,370,15,72
596,300174,251,1,92,370,11,73
597,169136,251,5,83,370,19,54
598,693452,251,13,83,370,21,73
599,169231,251,33,69,370,37,64
600,300369,251,7,83,370,27,74
601,562572,251,11,78,370,31,60
602,169401,251,11,78,370,23,62
603,693742,251,1,79,370,17,78
604,824996,251,13,82,370,33,57
605,562886,251,13,94,370,33,79
606,694043,251,13,73,370,33,65
607,169772,251,13,83,370,27,83
608,956230,251,11,59,370,29,73
609,563080,251,21,58,370,31,57
610,169987,251,13,60,370,27,59
611,563252,251,3,88,370,23,60
612,563305,251,11,63,370,23,45
613,563305,251,11,63,370,31,70
614,432265,251,3,74,370,23,80
615,694446,251,13,80,370,27,61
616,170256,251,5,80,370,11,85
617,694658,251,11,73,370,29,59
618,432556,251,1,64,370,21,69
619,694809,251,11,81,370,27,75
620,170527,251,13,86,370,27,84
621,825960,251,7,80,370,23,94
622,170677,251,13,83,370,41,69
623,432822,251,3,75,370,23,69
624,170690,251,1,93,370,7,94
625,170728,251,7,67,370,37,64
626,170904,251,13,70,370,33,66
627,564635,251,3,79,370,13,84
628,302788,251,1,72,370,27,62
629,564970,251,13,87,370,27,90
630,958197,251,11,53,370,37,80
631,958344,251,11,85,370,23,88
632,565332,251,1,58,370,21,70
633,434487,251,11,79,370,31,67
634,827715,251,13,76,370,33,75
635,827970,251,13,95,370,23,100
636,828144,251,11,84,370,31,85
637,828202,251,9,44,370,19,80
638,828202,251,15,81,370,19,80
639,959339,251,7,59,370,21,65
640,304120,251,13,78,370,21,56
641,173087,251,21,71,370,25,81
642,697577,251,17,85,370,23,92
643,173329,251,11,91,370,17,93
644,304558,251,13,85,370,27,82
645,959934,251,13,78,370,41,72
646,304578,251,1,68,370,13,68
647,959940,251,11,70,370,31,64
648,435703,251,11,89,370,31,90
649,697896,251,11,97,370,23,70
650,828971,251,13,86,370,33,71
651,566862,251,1,85,370,13,84
653,173740,251,19,67,370,29,76
654,304838,251,3,78,370,17,73
655,305072,251,7,98,370,27,99
656,305087,251,11,78,370,31,70
657,829762,251,1,82,370,19,62
658,567658,251,7,62,370,23,73
659,567813,251,11,81,370,21,82
660,830000,251,1,71,370,13,71
661,436839,251,11,75,370,23,64
662,961292,251,11,75,370,23,66
663,305970,251,11,84,370,31,87
664,961343,251,1,74,370,15,78
665,699303,251,11,84,370,21,84
666,699310,251,13,81,370,43,70
667,175111,251,11,60,370,21,73
668,568353,251,13,42,370,27,55
669,568353,251,21,66,370,27,55
670,961568,251,11,76,370,41,61
671,961782,251,11,75,370,23,45
672,961782,251,11,75,370,31,51
673,437503,251,11,68,370,19,67
674,830783,251,13,50,370,33,61
675,437619,251,11,81,370,31,86
676,568698,251,5,75,370,25,86
677,961965,251,11,64,370,21,80
678,175584,251,1,84,370,13,79
679,437764,251,13,79,370,27,74
680,175686,251,11,88,370,41,87
681,306840,251,13,68,370,23,57
682,831219,251,11,28,370,15,63
684,306962,251,11,82,370,31,78
685,175970,251,1,74,370,17,80
686,962421,251,1,72,370,15,74
687,569396,251,17,72,370,21,80
688,438427,251,13,80,370,33,43
689,438427,251,13,80,370,41,73
690,700582,251,3,65,370,23,69
691,831705,251,7,73,370,33,50
692,831735,251,1,70,370,15,75
693,569621,251,13,82,370,27,79
694,963029,251,1,87,370,29,88
695,569944,251,11,74,370,21,75
696,832180,251,11,77,370,23,82
697,307903,251,13,77,370,41,75
698,701263,251,7,79,370,21,51
699,832340,251,17,83,370,27,72
700,963412,251,1,53,370,13,69
701,439308,251,11,53,370,21,69
702,177270,251,11,79,370,31,84
703,177303,251,1,79,370,13,85
704,963760,251,13,75,370,33,68
705,177445,251,7,64,370,17,62
706,308855,251,13,92,370,41,77
707,439930,251,3,88,370,11,75
708,308859,251,7,66,370,23,67
709,833210,251,1,71,370,21,84
710,702161,251,13,59,370,31,74
711,702201,251,1,79,370,13,78
712,309029,251,11,80,370,31,68
713,833590,251,17,73,370,37,50
714,702533,251,11,70,370,31,64
715,178264,251,7,73,370,21,75
716,178415,251,13,89,370,27,87
717,833862,251,9,67,370,21,61
718,833862,251,15,60,370,21,61
719,964997,251,11,63,370,21,74
720,702855,251,13,93,370,27,87
721,178609,251,15,69,370,25,62
722,178728,251,1,80,370,13,73
723,440941,251,1,80,370,13,71
724,309996,251,1,82,370,15,75
725,572231,251,1,94,370,21,93
726,310162,251,1,70,370,9,82
727,703751,251,13,83,370,41,71
728,310609,251,9,59,370,19,71
729,441836,251,13,79,370,33,71
730,966157,251,11,59,370,25,74
731,573237,251,23,69,370,31,64
732,180024,251,13,83,370,27,79
733,835449,251,17,80,370,23,75
734,442320,251,9,75,370,25,84
735,442324,251,13,54,370,37,78
736,835564,251,13,76,370,31,83
737,966693,251,11,65,370,21,66
738,704831,251,13,70,370,27,80
739,180559,251,11,71,370,31,70
740,573779,251,9,63,370,19,79
741,180625,251,7,93,370,21,91
742,311798,251,3,82,370,21,88
743,311842,251,1,82,370,21,65
744,574051,251,1,82,370,19,82
745,967409,251,13,71,370,33,65
746,967500,251,17,51,370,47,67
747,967500,251,31,56,370,47,67
748,705377,251,9,72,370,45,91
749,312164,251,11,64,370,17,81
750,181332,251,13,79,370,27,69
751,574548,251,9,83,370,11,57
753,574721,251,9,66,370,19,68
754,443657,251,11,74,370,23,63
755,968187,251,13,55,370,27,65
756,181761,251,11,39,370,37,60
757,181761,251,13,64,370,37,60
758,837135,251,13,87,370,31,91
759,837314,251,11,59,370,23,65
760,837331,251,21,70,370,27,60
761,313105,251,11,65,370,31,76
762,313361,251,1,69,370,3,84
764,575695,251,11,78,370,23,78
765,313567,251,1,81,370,21,75
766,706794,251,7,72,370,13,70
767,313726,251,1,81,370,13,57
768,313781,251,11,84,370,23,90
769,838142,251,11,91,370,31,89
770,838344,251,7,74,370,17,73
771,445380,251,13,90,370,33,56
772,445431,251,11,80,370,31,93
773,576550,251,11,76,370,15,72
774,707629,251,13,86,370,41,68
775,314716,251,1,78,370,13,90
776,445790,251,11,67,370,31,71
777,445827,251,1,72,370,13,66
778,445831,251,1,71,370,13,79
779,314806,251,1,64,370,3,71
780,970283,251,11,63,370,31,75
781,315048,251,11,65,370,27,71
782,577330,251,11,78,370,31,71
783,970589,251,1,75,370,13,77
784,446423,251,13,74,370,41,58
785,446440,251,11,94,370,23,75
786,970736,251,13,80,370,27,86
787,184336,251,13,81,370,33,79
788,577553,251,17,82,370,23,65
789,577555,251,13,96,370,33,88
790,839734,251,7,52,370,21,40
791,839734,251,7,52,370,27,30
792,577594,251,13,77,370,27,75
793,577618,251,9,63,370,21,70
794,315523,251,13,71,370,33,50
795,184522,251,11,90,370,23,85
796,315884,251,3,57,370,21,58
797,971247,251,13,87,370,27,82
798,184825,251,17,83,370,23,76
799,709140,251,13,73,370,27,68
800,971321,251,17,55,370,31,58
801,316009,251,3,74,370,17,70
803,316033,251,13,64,370,17,41
804,447139,251,13,70,370,41,89
805,971438,251,13,75,370,21,66
806,578277,251,13,66,370,27,50
807,185080,251,31,58,370,41,50
808,709403,251,11,77,370,17,80
809,709537,251,1,76,370,13,67
810,840768,251,11,66,370,15,53
811,447575,251,3,62,370,17,81
812,316681,251,11,61,370,31,55
813,185693,251,11,85,370,31,68
814,185885,251,9,59,370,15,70
815,841260,251,11,88,370,31,82
816,972337,251,21,78,370,27,88
817,317022,251,1,71,370,21,78
818,317057,251,13,69,370,23,78
819,186041,251,13,87,370,33,76
820,841534,251,13,69,370,33,92
821,841605,251,13,52,370,33,60
822,579481,251,11,62,370,21,64
823,317376,251,3,74,370,11,88
824,972785,251,7,84,370,17,91
826,579612,251,3,82,370,7,85
827,448579,251,7,89,370,41,94
828,448591,251,13,57,370,27,37
829,448591,251,13,57,370,33,40
830,448596,251,1,79,370,21,87
831,317770,251,11,91,370,31,80
832,448964,251,13,71,370,21,61
833,973262,251,1,85,370,11,78
834,186926,251,7,77,370,11,65
835,973582,251,11,64,370,21,47
836,973582,251,11,64,370,23,55
837,842542,251,9,67,370,19,56
838,580428,251,13,81,370,33,76
839,580539,251,11,85,370,23,87
840,973827,251,13,67,370,33,70
841,449627,251,11,62,370,17,90
842,842889,251,11,78,370,31,68
843,318668,251,11,59,370,21,73
844,449767,251,11,74,370,21,82
845,843003,251,13,74,370,17,75
846,318789,251,19,57,370,21,45
847,318789,251,19,57,370,25,65
848,187751,251,3,80,370,23,77
849,187777,251,1,88,370,13,87
850,580993,251,17,75,370,23,47
851,580993,251,17,75,370,31,87
852,843205,251,11,82,370,31,69
853,319082,251,11,69,370,23,60
854,712311,251,13,44,370,33,58
855,712311,251,21,64,370,33,58
856,712389,251,1,72,370,21,74
857,581318,251,1,80,370,15,90
858,450405,251,13,79,370,33,79
859,450477,251,11,81,370,37,68
860,450561,251,7,60,370,33,56
861,974916,251,11,83,370,21,72
862,712795,251,13,79,370,33,47
863,712795,251,13,79,370,43,67
864,974948,251,1,66,370,21,74
865,712859,251,1,73,370,15,69
866,975011,251,7,95,370,17,83
867,843983,251,3,83,370,7,77
868,581912,251,9,69,370,15,82
869,975230,251,13,84,370,33,83
870,975355,251,3,54,370,31,77
871,189009,251,13,85,370,33,80
872,320136,251,1,86,370,13,86
873,451429,251,9,27,370,19,71
874,451429,251,15,83,370,19,71
875,844796,251,13,81,370,31,72
876,713858,251,11,68,370,41,75
877,713905,251,3,87,370,31,80
878,320713,251,1,92,370,13,95
879,189719,251,11,80,370,31,65
880,714011,251,11,84,370,17,71
881,582947,251,11,86,370,17,88
882,583065,251,13,68,370,21,61
883,189867,251,21,64,370,33,47
884,189867,251,21,64,370,51,76
885,845250,251,11,91,370,31,80
886,714194,251,41,71,370,43,61
888,321069,251,13,71,370,21,62
889,845404,251,11,80,370,17,82
890,583552,251,11,64,370,31,79
891,714635,251,1,86,370,29,86
892,976874,251,1,77,370,11,72
893,976944,251,3,71,370,13,66
894,976970,251,13,53,370,51,78
895,190900,251,11,83,370,23,82
896,977405,251,11,68,370,27,67
897,584199,251,3,83,370,21,64
898,191006,251,17,75,370,31,67
899,846387,251,11,81,370,23,84
900,584309,251,3,72,370,33,83
901,191192,251,1,89,370,21,76
902,453383,251,11,82,370,23,72
903,977723,251,3,56,370,17,81
904,322383,251,11,66,370,31,86
905,846692,251,3,74,370,23,61
906,584571,251,13,89,370,21,83
907,584625,251,13,69,370,41,58
908,322491,251,11,73,370,31,64
909,191544,251,13,69,370,27,73
910,453691,251,3,79,370,11,75
911,453710,251,13,80,370,33,86
912,322683,251,11,56,370,21,50
913,978306,251,1,65,370,27,62
914,716203,251,13,83,370,33,64
915,716353,251,13,68,370,27,78
916,454225,251,13,82,370,27,64
917,192215,251,11,84,370,23,66
918,192279,251,1,81,370,15,72
919,323398,251,9,62,370,15,73
920,847754,251,13,91,370,43,95
921,978848,251,1,89,370,11,90
922,978876,251,13,86,370,27,82
923,323602,251,7,68,370,21,83
924,192645,251,1,51,370,19,70
925,455006,251,13,46,370,17,67
927,848348,251,13,76,370,33,92
928,455139,251,1,75,370,7,73
929,586217,251,9,70,370,15,71
930,586296,251,7,66,370,13,55
931,848494,251,1,80,370,23,45
932,848494,251,1,80,370,31,64
933,586388,251,1,65,370,13,72
934,979691,251,3,80,370,13,88
935,717587,251,11,72,370,31,60
936,848930,251,21,81,370,33,70
937,193702,251,19,79,370,21,68
938,980169,251,1,74,370,13,68
939,324824,251,21,74,370,27,78
940,586994,251,3,83,370,21,84
941,324856,251,11,76,370,31,77
942,324920,251,11,64,370,31,66
943,849449,251,21,60,370,31,82
944,456259,251,1,61,370,13,57
945,456290,251,1,82,370,7,65
946,456329,251,11,69,370,25,38
947,456329,251,11,69,370,35,71
948,718511,251,1,83,370,21,81
949,325448,251,11,91,370,33,71
950,980878,251,1,66,370,17,69
951,587764,251,11,59,370,37,74
952,587957,251,11,38,370,43,74
953,587957,251,17,84,370,43,74
954,194747,251,7,74,370,13,81
955,456955,251,13,59,370,27,62
956,325900,251,7,61,370,17,68
957,456977,251,7,81,370,27,50
958,456981,251,11,86,370,31,87
959,719326,251,3,74,370,23,70
960,850492,251,1,78,370,21,68
961,457322,251,11,88,370,31,82
962,457784,251,1,80,370,15,66
963,719980,251,11,75,370,25,80
965,982159,251,11,53,370,31,57
966,851119,251,1,78,370,15,65
967,851141,251,13,69,370,33,57
968,589263,251,13,82,370,33,72
969,851409,251,1,88,370,5,92
970,196125,251,13,55,370,47,62
971,196135,251,11,80,370,21,87
972,196170,251,13,70,370,27,81
973,458364,251,13,93,370,41,58
974,458552,251,1,84,370,9,70
975,458718,251,11,54,370,13,55
976,983146,251,13,84,370,41,70
977,589943,251,13,83,370,27,69
978,589976,251,11,80,370,31,83
979,327843,251,1,60,370,13,67
980,721141,251,13,75,370,33,77
981,327978,251,11,71,370,21,80
982,328033,251,53,77,370,57,75
983,328052,251,1,73,370,13,68
984,721302,251,3,75,370,21,61
985,328123,251,11,72,370,23,76
986,983567,251,11,98,370,21,86
987,197205,251,11,79,370,27,78
988,459420,251,1,71,370,13,85
989,459539,251,7,76,370,43,64
990,983879,251,11,74,370,31,57
991,197566,251,7,78,370,21,52
992,853165,251,7,82,370,57,59
993,591043,251,7,73,370,17,82
994,853309,251,1,77,370,9,72
995,460134,251,1,57,370,21,74
996,460210,251,9,45,370,19,80
997,460210,251,11,65,370,19,80
998,984759,251,13,85,370,41,69
999,853796,251,11,88,370,23,81
1000,854095,251,13,70,370,27,86
1001,198769,251,11,62,370,19,67
1002,461072,251,7,85,370,17,82
1003,330040,251,11,75,370,31,74
1004,330046,251,13,75,370,41,85
1005,723294,251,1,88,370,21,77
1006,592238,251,17,75,370,23,84
1007,199112,251,13,82,370,21,77
1008,854705,251,3,82,370,23,64
1009,723806,251,13,80,370,41,62
1010,461704,251,11,83,370,23,85
1011,330648,251,1,72,370,21,82
1012,592822,251,1,58,370,21,91
1013,854990,251,1,87,370,21,72
1014,986152,251,7,79,370,33,68
1015,986211,251,11,70,370,31,67
1016,986213,251,1,87,370,11,90
1017,724257,251,21,71,370,33,60
1018,855333,251,11,62,370,31,74
1019,986434,251,1,69,370,17,80
1020,462158,251,1,83,370,17,70
1021,855390,251,1,79,370,21,76
1022,724341,251,7,81,370,27,72
1023,462370,251,13,71,370,17,74
1024,986672,251,13,78,370,33,90
1025,462530,251,1,74,370,13,73
1026,724718,251,1,84,370,7,60
1027,855793,251,11,82,370,23,76
1028,200458,251,1,73,370,13,75
1029,331557,251,11,68,370,21,74
1030,855932,251,11,76,370,23,74
1031,987083,251,13,50,370,41,64
1032,331770,251,13,77,370,27,54
1033,725315,251,13,76,370,47,84
1034,201045,251,3,83,370,13,65
1035,987479,251,13,66,370,23,74
1036,332142,251,13,77,370,33,73
1037,463242,251,13,81,370,33,75
1038,725474,251,7,82,370,51,69
1039,463388,251,13,90,370,37,87
1040,725587,251,1,75,370,7,75
1041,332385,251,13,78,370,37,88
1042,332396,251,3,63,370,11,73
1043,987777,251,11,63,370,21,75
1044,725641,251,1,81,370,21,88
1045,594720,251,13,79,370,33,67
1046,463651,251,11,65,370,33,87
1047,857058,251,13,63,370,21,79
1048,463990,251,11,71,370,31,68
1049,988309,251,1,94,370,13,94
1050,595112,251,1,74,370,13,73
1051,726322,251,1,80,370,21,72
1052,202136,251,13,72,370,17,73
1053,595358,251,3,70,370,21,78
1054,595424,251,7,68,370,13,64
1055,464418,251,1,77,370,13,71
1056,988805,251,11,63,370,31,74
1057,464520,251,11,90,370,17,71
1058,595834,251,11,87,370,23,71
1059,726915,251,15,63,370,29,79
1060,595921,251,7,71,370,17,73
1061,989166,251,13,69,370,33,60
1062,595955,251,13,72,370,27,36
1063,595955,251,13,72,370,33,66
1064,333837,251,11,57,370,23,66
1065,333878,251,11,82,370,23,80
1066,727097,251,11,75,370,43,86
1067,464999,251,1,73,370,15,80
1068,858225,251,1,69,370,9,80
1069,596137,251,7,93,370,15,71
1070,596203,251,11,89,370,23,64
1071,334070,251,11,77,370,23,50
1072,465152,251,1,56,370,13,65
1073,465175,251,7,83,370,21,76
1074,596380,251,1,84,370,29,74
1075,858664,251,7,55,370,33,50
1076,858664,251,13,88,370,33,50
1077,858707,251,11,54,370,21,67
1078,465896,251,3,69,370,11,73
1079,990194,251,1,72,370,17,83
1080,990337,251,13,82,370,27,88
1081,859304,251,11,82,370,23,66
1082,728256,251,1,72,370,21,79
1083,728283,251,1,55,370,13,44
1084,728283,251,1,55,370,17,68
1085,204078,251,3,58,370,21,78
1086,859548,251,13,64,370,31,62
1087,859699,251,9,44,370,29,78
1088,859699,251,15,90,370,29,78
1089,990822,251,9,50,370,21,69
1090,859930,251,1,70,370,13,76
1091,728898,251,11,75,370,23,73
1092,991087,251,1,80,370,19,58
1093,204674,251,13,46,370,41,66
1094,204674,251,21,56,370,41,66
1095,991243,251,11,85,370,23,69
1096,336023,251,1,66,370,13,74
1097,205043,251,11,62,370,23,64
1098,860468,251,13,91,370,33,94
1099,598481,251,13,91,370,27,52
1101,467655,251,13,50,370,17,59
1102,860920,251,11,59,370,41,63
1103,467787,251,11,89,370,23,91
1104,730056,251,7,78,370,33,75
1105,861190,251,1,56,370,13,54
1106,337130,251,11,81,370,23,71
1107,599298,251,13,80,370,27,82
1108,992766,251,13,68,370,33,54
1109,337524,251,1,72,370,7,78
1110,468600,251,5,80,370,19,73
1111,206528,251,3,70,370,17,83
1112,599796,251,1,84,370,7,80
1113,468781,251,13,89,370,27,77
1114,731009,251,1,93,370,29,87
1115,206730,251,3,84,370,21,81
1116,206799,251,13,68,370,27,77
1117,468945,251,11,84,370,37,81
1118,337892,251,9,74,370,21,82
1119,731136,251,13,56,370,27,45
1120,731136,251,13,56,370,33,60
1121,337955,251,1,75,370,13,78
1122,731229,251,13,69,370,27,66
1123,862319,251,1,85,370,21,67
1124,206966,251,3,77,370,37,77
1125,206978,251,7,96,370,27,91
1126,600205,251,7,46,370,21,78
1127,600205,251,11,69,370,21,78
1128,862353,251,3,87,370,13,67
1129,206996,251,1,73,370,15,77
1130,338114,251,17,90,370,23,82
1131,338314,251,11,74,370,37,71
1132,731538,251,1,66,370,7,40
1133,731538,251,1,66,370,27,74
1134,469473,251,9,89,370,15,84
1135,862759,251,11,95,370,31,95
1136,862804,251,17,85,370,23,86
1137,469609,251,1,87,370,13,89
1138,600719,251,1,79,370,21,83
1139,993946,251,11,89,370,21,86
1140,600744,251,3,78,370,31,68
1141,994105,251,13,86,370,27,82
1142,207735,251,13,100,370,33,86
1143,469921,251,1,79,370,3,69
1144,863151,251,13,59,370,33,81
1145,207804,251,11,75,370,27,66
1146,732162,251,1,88,370,27,77
1147,207934,251,3,92,370,11,87
1148,994504,251,11,97,370,23,94
1149,601356,251,17,71,370,37,74
1150,732693,251,13,76,370,27,85
1151,470742,251,7,87,370,27,61
1152,601961,251,1,80,370,29,77
1153,208770,251,1,88,370,7,91
1154,995406,251,11,77,370,31,82
1155,602193,251,13,71,370,33,67
1156,471336,251,21,67,370,27,67
1157,995654,251,11,84,370,21,65
1158,864692,251,1,71,370,13,73
1159,209462,251,11,89,370,17,83
1160,733831,251,11,66,370,23,63
1161,602838,251,1,54,370,17,72
1162,209846,251,3,74,370,31,68
1163,865304,251,1,79,370,7,90
1164,603374,251,3,70,370,41,65
1165,341241,251,11,79,370,17,74
1166,734472,251,13,65,370,31,50
1167,472339,251,13,69,370,27,71
1168,603463,251,11,66,370,47,81
1169,865618,251,17,79,370,27,80
1170,603550,251,21,91,370,27,89
1171,996767,251,3,72,370,17,51
1172,341410,251,11,84,370,23,80
1173,210526,251,13,87,370,27,54
1174,210543,251,11,72,370,31,67
1175,603786,251,11,68,370,33,71
1176,210593,251,11,76,370,31,73
1177,603848,251,1,77,370,13,84
1178,210747,251,13,87,370,27,83
1179,866120,251,1,61,370,21,59
1180,472989,251,1,87,370,7,80
1181,604300,251,11,84,370,31,57
1182,604348,251,1,90,370,29,86
1183,342216,251,1,67,370,15,77
1184,604412,251,11,68,370,17,64
1185,473457,251,11,60,370,31,65
1186,604538,251,13,67,370,33,40
1187,604538,251,13,67,370,47,85
1188,604831,251,1,71,370,37,71
1189,342945,251,1,74,370,7,84
1190,212027,251,13,76,370,21,65
1191,343120,251,1,66,370,21,53
1192,867485,251,1,76,370,9,68
1193,605447,251,17,75,370,35,75
1194,212338,251,11,53,370,31,70
1195,998861,251,5,68,370,25,55
1196,867813,251,1,74,370,21,68
1197,998904,251,1,64,370,21,71
1198,999029,251,11,92,370,23,86
1199,605820,251,1,91,370,17,96
1200,736895,251,11,63,370,37,68
1201,474754,251,13,86,370,33,77
1202,736900,251,13,66,370,33,60
1203,736998,251,11,90,370,21,84
1204,212921,251,1,78,370,19,72
1205,475101,251,21,77,370,33,73
1206,344060,251,11,64,370,51,64
1207,213015,251,1,78,370,13,73
1208,475198,251,7,53,370,11,51
1209,475199,251,11,58,370,17,72
1210,475271,251,3,93,370,23,94
1211,475295,251,11,80,370,23,70
1212,213192,251,11,67,370,31,81
1213,868628,251,1,89,370,13,75
1214,868628,251,1,89,370,23,76
1215,868666,251,23,72,370,37,71
1216,868699,251,11,76,370,15,73
1217,737879,251,11,84,370,31,95
1218,475829,251,11,74,370,23,73
1219,475963,251,13,96,370,41,80
1220,738198,251,13,83,370,31,84
1221,738234,251,13,78,370,41,86
1222,738241,251,11,80,370,31,78
1223,738415,251,7,72,370,13,88
1224,869491,251,1,75,370,7,83
1225,476353,251,13,83,370,33,75
1226,214339,251,1,82,370,15,58
1227,607575,251,7,74,370,23,85
1228,476535,251,7,60,370,13,39
1229,476535,251,7,60,370,21,69
1230,476552,251,3,82,370,33,68
1231,476637,251,11,63,370,27,82
1232,345603,251,17,81,370,37,78
1233,607778,251,1,86,370,7,96
1234,345811,251,11,75,370,31,68
1235,870223,251,13,91,370,33,82
1236,345971,251,17,90,370,31,81
1237,214974,251,13,59,370,27,69
1238,739278,251,1,87,370,11,77
1239,346194,251,17,75,370,23,65
1240,215186,251,21,98,370,27,80
1241,739497,251,11,59,370,23,62
1242,739505,251,13,85,370,33,64
1243,215233,251,11,82,370,31,80
1244,477636,251,11,55,370,17,56
1245,346601,251,13,70,370,33,67
1246,871139,251,1,78,370,13,89
1247,346876,251,11,69,370,23,65
1248,215857,251,1,81,370,13,84
1249,478067,251,13,73,370,41,81
1250,609338,251,13,94,370,17,86
1251,347233,251,7,64,370,23,78
1252,871591,251,11,76,370,31,88
1253,871671,251,9,62,370,19,53
1254,347473,251,13,90,370,41,71
1255,609737,251,3,71,370,23,62
1256,609843,251,11,59,370,19,78
1257,741084,251,11,32,370,33,66
1258,741084,251,17,78,370,33,66
1259,347905,251,11,59,370,21,75
1260,872245,251,1,86,370,11,83
1261,741351,251,11,82,370,31,87
1262,217088,251,17,84,370,27,65
1263,348184,251,11,72,370,37,83
1264,479549,251,11,68,370,15,74
1265,479916,251,11,79,370,17,86
1266,348979,251,13,66,370,41,74
1267,348993,251,11,81,370,31,80
1268,348995,251,23,82,370,31,81
1269,611330,251,11,84,370,31,87
1270,742443,251,11,55,370,23,58
1271,218335,251,1,77,370,27,73
1272,349591,251,1,84,370,21,71
1273,873948,251,1,65,370,27,70
1274,349725,251,5,69,370,17,40
1275,349725,251,5,69,370,21,43
1276,742951,251,9,56,370,19,59
1277,742965,251,21,70,370,27,78
1278,743057,251,11,73,370,37,75
1279,743295,251,21,86,370,33,67
1280,481224,251,1,81,370,21,64
1281,612404,251,1,86,370,11,78
1282,219195,251,1,75,370,13,65
1283,350328,251,13,64,370,43,79
1284,219457,251,11,66,370,23,68
1285,874976,251,13,68,370,37,27
1286,612889,251,11,79,370,23,63
1287,744019,251,7,79,370,21,87
1288,481876,251,13,88,370,27,80
1289,219758,251,7,61,370,13,67
1290,481904,251,21,62,370,37,43
1291,481904,251,21,62,370,43,56
1292,219874,251,3,81,370,21,78
1293,350973,251,1,66,370,17,76
1294,351376,251,5,68,370,9,74
1295,613828,251,11,44,370,23,62
1296,613828,251,17,83,370,23,62
1297,351725,251,17,94,370,31,91
1298,220703,251,1,74,370,11,82
1299,351790,251,1,60,370,7,79
1300,220720,251,21,98,370,47,97
1301,613958,251,3,80,370,17,68
1302,613961,251,1,83,370,13,82
1303,482890,251,3,58,370,17,70
1304,351962,251,11,94,370,31,94
1305,351971,251,1,94,370,9,86
1306,352096,251,1,72,370,27,77
1307,483181,251,13,70,370,21,82
1308,352137,251,1,72,370,15,64
1309,876448,251,1,77,370,27,92
1310,876498,251,13,62,370,33,65
1311,614383,251,11,89,370,31,75
1312,483364,251,11,69,370,21,43
1313,483364,251,11,69,370,31,70
1314,221274,251,1,87,370,15,74
1315,352470,251,1,71,370,13,82
1316,877331,251,1,77,370,17,77
1317,746323,251,9,79,370,35,63
1318,484317,251,11,70,370,21,83
1319,615617,251,11,65,370,31,64
1320,484692,251,1,92,370,21,77
1321,746859,251,3,66,370,11,63
1322,222612,251,3,58,370,21,79
1323,353699,251,11,80,370,37,90
1324,353817,251,11,63,370,37,79
1325,222861,251,11,92,370,31,81
1326,878423,251,7,85,370,23,78
1327,616318,251,3,78,370,21,74
1328,223242,251,13,70,370,33,63
1329,354374,251,13,68,370,41,70
1330,747635,251,1,94,370,29,86
1331,747686,251,11,50,370,33,50
1332,616836,251,13,80,370,27,86
1333,616845,251,11,70,370,31,66
1334,616953,251,13,73,370,33,66
1335,223825,251,11,77,370,21,80
1337,748196,251,7,73,370,11,76
1338,879301,251,7,87,370,27,85
1339,355015,251,1,84,370,7,81
1340,486118,251,17,88,370,31,82
1341,879361,251,3,81,370,11,77
1342,355306,251,11,61,370,27,72
1343,224284,251,13,87,370,33,16
1344,224284,251,13,87,370,47,69
1345,224408,251,13,77,370,41,52
1346,355480,251,13,83,370,33,98
1347,224540,251,11,73,370,17,58
1348,486792,251,11,82,370,31,90
1349,486892,251,11,59,370,31,61
1350,880321,251,7,78,370,13,73
1351,224963,251,13,80,370,23,57
1352,749303,251,11,79,370,23,56
1353,749370,251,11,56,370,31,73
1354,487313,251,13,76,370,23,80
1355,618429,251,11,79,370,23,50
1356,749621,251,1,78,370,7,77
1357,225543,251,15,60,370,31,72
1358,880921,251,1,84,370,27,66
1359,618936,251,7,84,370,11,87
1360,619201,251,13,71,370,21,68
1361,619241,251,13,75,370,27,86
1362,357098,251,1,73,370,27,75
1363,881437,251,11,52,370,23,84
1364,488286,251,11,69,370,31,81
1365,226187,251,21,70,370,27,41
1366,226187,251,21,70,370,41,70
1367,881730,251,3,92,370,23,60
1368,881832,251,23,59,370,37,63
1369,226648,251,3,72,370,13,63
1370,488815,251,23,74,370,37,70
1371,619897,251,13,67,370,41,80
1372,882074,251,11,84,370,21,83
1373,751003,251,17,94,370,33,67
1374,488886,251,11,78,370,25,78
1375,489094,251,1,81,370,13,87
1376,882555,251,11,69,370,37,81
1377,620429,251,1,96,370,21,96
1378,620507,251,13,72,370,33,59
1379,358392,251,11,87,370,21,55
1380,751616,251,3,85,370,23,76
1381,358439,251,13,86,370,41,73
1382,358597,251,13,86,370,27,77
1383,489837,251,13,82,370,27,69
1384,227710,251,1,89,370,11,77
1385,227964,251,11,68,370,27,79
1386,621205,251,1,60,370,7,60
1387,228065,251,11,74,370,31,82
1388,359156,251,17,86,370,31,87
1389,490343,251,11,77,370,37,81
1390,490394,251,13,78,370,33,68
1391,228343,251,1,59,370,27,61
1392,752642,251,13,57,370,27,81
1393,359475,251,11,69,370,37,70
1394,621636,251,7,77,370,21,82
1395,883885,251,11,64,370,31,31
1396,228641,251,13,84,370,31,64
1397,753021,251,15,69,370,25,71
1398,491142,251,11,68,370,21,56
1399,229007,251,11,64,370,31,63
1400,360153,251,11,86,370,31,77
1401,884453,251,1,81,370,29,81
1402,229128,251,1,88,370,13,80
1404,491431,251,13,76,370,21,61
1405,229325,251,13,82,370,27,76
1406,229365,251,13,57,370,27,78
1407,360509,251,7,61,370,13,78
1408,884848,251,1,73,370,29,78
1409,491648,251,7,72,370,33,68
1410,360593,251,11,65,370,23,77
1411,622740,251,13,77,370,21,71
1412,885022,251,11,61,370,31,75
1413,622976,251,21,58,370,41,61
1414,623146,251,9,54,370,21,66
1416,754307,251,11,45,370,15,64
1418,623395,251,1,61,370,15,61
1419,885592,251,11,55,370,31,67
1420,230295,251,11,89,370,21,84
1421,885705,251,7,73,370,13,72
1422,361513,251,7,91,370,21,80
1423,230455,251,7,54,370,17,57
1424,230485,251,1,71,370,13,74
1425,492695,251,11,81,370,23,69
1426,230640,251,1,85,370,7,88
1427,230760,251,17,75,370,23,82
1428,624168,251,1,86,370,7,78
1429,493125,251,17,76,370,37,85
1430,231018,251,15,71,370,25,67
1431,493191,251,13,83,370,27,72
1432,755336,251,7,77,370,27,73
1433,362142,251,11,66,370,23,66
1434,231120,251,21,88,370,23,65
1435,100134,251,13,81,370,27,82
1436,755603,251,13,68,370,27,79
1437,755625,251,1,72,370,25,61
1438,886834,251,11,90,370,31,80
1439,755798,251,1,78,370,13,78
1440,231534,251,13,78,370,27,90
1441,362607,251,1,86,370,9,78
1442,100485,251,7,77,370,21,78
1443,362726,251,1,68,370,13,74
1444,100728,251,11,76,370,31,64
1445,362948,251,13,90,370,33,84
1446,756232,251,3,80,370,17,90
1447,232022,251,13,87,370,23,80
1448,887441,251,13,72,370,41,58
1449,887666,251,11,89,370,21,94
1450,494474,251,1,79,370,15,57
1451,363423,251,11,46,370,23,74
1452,363423,251,17,92,370,23,74
1453,101324,251,11,66,370,23,82
1454,494550,251,1,83,370,13,79
1455,363490,251,1,95,370,13,90
1456,887798,251,11,84,370,31,81
1457,887826,251,13,80,370,27,54
1458,494623,251,11,68,370,21,61
1459,756932,251,3,73,370,21,67
1460,364059,251,1,62,370,9,70
1461,495147,251,13,62,370,27,38
1462,364132,251,13,62,370,27,59
1463,757369,251,11,68,370,31,80
1464,626370,251,11,79,370,23,80
1465,233392,251,9,83,370,21,86
1466,757882,251,11,71,370,37,84
1467,233645,251,1,68,370,7,68
1468,889016,251,1,76,370,3,71
1469,364752,251,21,83,370,23,55
1470,102745,251,3,56,370,23,59
1471,495977,251,3,73,370,17,67
1472,496069,251,11,50,370,17,57
1473,627180,251,15,87,370,21,70
1474,365043,251,1,86,370,21,73
1475,365228,251,1,84,370,29,82
1476,234236,251,11,34,370,27,74
1477,234236,251,17,81,370,27,74
1479,758715,251,1,73,370,13,70
1480,366018,251,13,62,370,27,80
1481,890356,251,1,66,370,13,74
1482,628260,251,11,75,370,23,63
1483,890406,251,13,85,370,21,65
1484,890548,251,13,83,370,33,83
1485,366278,251,3,82,370,11,90
1486,497362,251,13,84,370,27,75
1487,628449,251,1,75,370,21,76
1488,366501,251,1,86,370,29,71
1489,235559,251,1,75,370,21,51
1490,628781,251,11,79,370,23,83
1491,628806,251,13,89,370,27,84
1492,104655,251,11,94,370,17,96
1493,628979,251,11,69,370,23,60
1494,104696,251,1,69,370,13,78
1495,498116,251,7,81,370,17,80
1496,891420,251,7,85,370,21,77
1497,629282,251,11,69,370,23,78
1498,105233,251,13,67,370,33,81
1499,629566,251,11,85,370,23,80
1500,498686,251,17,50,370,31,73
1501,367687,251,11,79,370,17,41
1502,367687,251,11,79,370,31,72
1503,367763,251,13,83,370,33,71
1504,892060,251,13,88,370,41,82
1505,367784,251,13,79,370,33,66
1506,630010,251,7,71,370,11,71
1507,236858,251,11,90,370,27,85
1508,499055,251,13,87,370,33,61
1509,236947,251,3,65,370,23,72
1511,237098,251,1,79,370,13,75
1512,368181,251,11,76,370,21,69
1513,499277,251,11,78,370,31,61
1514,499434,251,13,96,370,33,66
1515,499573,251,1,79,370,9,65
1516,892934,251,13,69,370,43,72
1517,237627,251,17,67,370,37,88
1518,630959,251,1,78,370,15,66
1519,500063,251,11,71,370,21,61
1520,762273,251,11,62,370,17,54
1521,106994,251,13,78,370,27,37
1522,106994,251,13,78,370,41,65
1523,631333,251,13,79,370,41,60
1525,369321,251,7,56,370,13,55
1526,631476,251,11,59,370,31,63
1527,369336,251,11,70,370,23,73
1528,500489,251,1,79,370,7,72
1529,893883,251,3,67,370,23,65
1530,893883,251,11,46,370,23,65
1531,631757,251,41,72,370,43,66
1532,893984,251,13,65,370,17,77
1533,107606,251,13,72,370,31,82
1534,631947,251,1,89,370,11,71
1535,500918,251,13,68,370,27,65
1536,894171,251,11,75,370,21,50
1537,239055,251,13,67,370,33,50
1538,632304,251,7,82,370,41,68
1539,370189,251,13,57,370,47,68
1540,108104,251,11,83,370,31,76
1541,370401,251,13,77,370,33,59
1542,894735,251,7,91,370,21,77
1543,894931,251,11,88,370,21,83
1544,763886,251,13,89,370,27,92
1545,239685,251,11,85,370,19,65
1546,632916,251,13,76,370,33,81
1547,632923,251,11,80,370,21,74
1548,239764,251,13,84,370,33,94
1549,501979,251,1,85,370,9,82
1550,895235,251,11,75,370,17,72
1551,108904,251,13,65,370,21,41
1552,108904,251,13,65,370,23,63
1553,240013,251,13,58,370,37,86
1554,371297,251,13,80,370,21,67
1555,502431,251,11,68,370,37,83
1556,502458,251,13,86,370,33,77
1557,633702,251,1,79,370,23,68
1558,371597,251,11,57,370,23,63
1559,109583,251,7,92,370,13,76
1560,633975,251,11,79,370,37,80
1561,765222,251,13,77,370,33,74
1562,503116,251,1,81,370,29,88
1563,896338,251,13,74,370,33,66
1564,896353,251,1,87,370,15,77
1565,896416,251,7,62,370,21,84
1566,896507,251,1,57,370,21,70
1567,634522,251,11,61,370,33,50
1568,634570,251,11,76,370,37,55
1569,372433,251,13,81,370,41,44
1570,372449,251,11,82,370,23,63
1571,765681,251,1,82,370,7,68
1572,765735,251,11,77,370,31,52
1573,896972,251,1,67,370,13,69
1574,241630,251,11,72,370,23,65
1575,503789,251,1,84,370,13,76
1576,110586,251,1,82,370,27,68
1577,110614,251,1,72,370,21,84
1578,110707,251,1,50,370,7,52
1579,503951,251,1,77,370,13,71
1580,373117,251,13,77,370,21,78
1581,766745,251,21,73,370,27,82
1582,635702,251,7,88,370,41,85
1583,897918,251,13,70,370,33,67
1584,504735,251,11,79,370,31,70
1585,766899,251,3,60,370,13,71
1586,766939,251,11,63,370,31,78
1587,242667,251,1,73,370,15,65
1588,111725,251,11,75,370,37,65
1589,636160,251,13,87,370,33,88
1590,898306,251,1,69,370,13,70
1591,767256,251,19,50,370,39,79
1592,767256,251,31,83,370,39,79
1593,898333,251,7,72,370,13,59
1594,243016,251,13,68,370,27,58
1595,112075,251,13,80,370,33,62
1596,112291,251,1,83,370,21,68
1597,374460,251,1,87,370,9,93
1598,243558,251,1,87,370,13,85
1599,767989,251,11,89,370,31,81
1600,505852,251,11,72,370,31,86
1601,243733,251,1,89,370,13,84
1602,768096,251,23,88,370,27,88
1603,899194,251,17,66,370,27,63
1604,112786,251,13,66,370,27,65
1605,637088,251,11,60,370,31,71
1606,768234,251,3,36,370,21,50
1607,768234,251,7,52,370,21,50
1608,506114,251,1,59,370,13,71
1609,768313,251,1,71,370,13,64
1610,375276,251,13,60,370,33,45
1611,244302,251,11,69,370,13,78
1612,768598,251,11,78,370,21,71
1613,768803,251,11,76,370,21,86
1614,637740,251,1,86,370,27,92
1615,375657,251,3,94,370,17,73
1616,506740,251,1,70,370,21,71
1617,244825,251,13,83,370,33,74
1618,900211,251,11,42,370,21,65
1619,900211,251,13,66,370,21,65
1620,769467,251,11,69,370,23,77
1621,638432,251,11,65,370,17,45
1622,638432,251,11,65,370,23,77
1623,376323,251,11,77,370,23,75
1624,114251,251,11,68,370,23,54
1625,245431,251,1,58,370,21,67
1626,900951,251,3,65,370,7,69
1627,770022,251,3,100,370,17,90
1628,770031,251,13,62,370,31,50
1629,639227,251,11,60,370,23,64
1630,115091,251,7,71,370,21,72
1631,115142,251,1,75,370,13,88
1632,246253,251,13,55,370,37,60
1633,770591,251,1,84,370,7,81
1634,377435,251,11,80,370,23,44
1635,639661,251,11,77,370,31,77
1636,115390,251,11,59,370,23,58
1637,377569,251,3,74,370,23,71
1639,246595,251,11,65,370,23,72
1640,508799,251,13,81,370,33,38
1641,508799,251,13,81,370,47,60
1642,770951,251,1,67,370,13,77
1643,115745,251,13,62,370,27,65
1644,246818,251,1,78,370,13,75
1645,115792,251,17,70,370,27,73
1646,771173,251,17,75,370,23,71
1647,640108,251,11,78,370,23,82
1648,115860,251,21,94,370,23,82
1649,115908,251,13,78,370,53,73
1650,640287,251,11,61,370,31,50
1651,378369,251,11,70,370,17,66
1652,509483,251,11,80,370,31,74
1653,771921,251,7,85,370,33,76
1654,509806,251,7,54,370,27,75
1655,509806,251,13,78,370,27,75
1656,116897,251,11,70,370,31,76
1657,772295,251,17,82,370,31,85
1658,510310,251,1,68,370,9,70
1659,379287,251,1,63,370,13,66
1661,772538,251,21,45,370,37,78
1662,772538,251,33,76,370,37,78
1663,903640,251,13,97,370,41,90
1664,248346,251,13,78,370,33,47
1665,248346,251,13,78,370,41,76
1666,379428,251,23,59,370,31,65
1667,772654,251,11,91,370,31,75
1668,641628,251,1,92,370,21,90
1669,248422,251,7,90,370,27,75
1670,641842,251,1,74,370,21,73
1671,773099,251,1,60,370,13,78
1672,117876,251,11,72,370,23,65
1673,380167,251,1,73,370,23,75
1674,380235,251,17,66,370,51,86
1675,118092,251,3,33,370,21,73
1676,118092,251,11,67,370,21,73
1677,773507,251,13,66,370,21,54
1678,249230,251,1,78,370,21,81
1679,118260,251,1,63,370,13,80
1680,642550,251,21,75,370,31,79
1681,118287,251,13,73,370,17,71
1682,904805,251,9,53,370,25,43
1683,904836,251,11,60,370,15,78
1684,380573,251,13,94,370,33,71
1685,380611,251,11,82,370,23,83
1686,249547,251,1,55,370,13,83
1687,511846,251,13,75,370,43,55
1688,642974,251,11,89,370,23,80
1689,249857,251,11,82,370,31,80
1690,774213,251,41,85,370,47,75
1691,905311,251,9,58,370,35,82
1692,512112,251,1,86,370,21,85
1693,381111,251,11,85,370,17,87
1694,381127,251,13,81,370,33,61
1695,512223,251,11,94,370,23,82
1696,250100,251,13,87,370,21,82
1697,381387,251,11,64,370,21,88
1698,119339,251,11,69,370,31,63
1699,774771,251,11,86,370,17,66
1700,774811,251,11,67,370,31,67
1701,119515,251,9,66,370,29,54
1702,905955,251,13,96,370,33,90
1703,512823,251,13,67,370,27,65
1704,775007,251,3,80,370,41,60
1705,644059,251,3,87,370,7,96
1706,775286,251,7,76,370,21,79
1708,775424,251,1,64,370,7,63
1709,120215,251,11,96,370,31,83
1710,644626,251,1,88,370,29,92
1711,120364,251,11,81,370,21,76
1712,775823,251,13,79,370,27,74
1713,251596,251,7,80,370,27,82
1714,513894,251,7,66,370,11,65
1715,776061,251,13,89,370,33,73
1716,776139,251,11,65,370,23,64
1717,251978,251,11,46,370,23,64
1718,251978,251,17,74,370,23,64
1719,120936,251,11,74,370,31,71
1720,776335,251,13,89,370,37,78
1721,514205,251,17,68,370,23,63
1722,776404,251,13,81,370,27,65
1723,121217,251,1,83,370,21,92
1724,252296,251,15,65,370,29,84
1725,252314,251,1,69,370,21,75
1726,645552,251,11,67,370,31,46
1727,645552,251,11,67,370,37,65
1728,645642,251,13,80,370,17,55
1729,121392,251,13,67,370,41,64
1730,383570,251,9,70,370,15,70
1731,383571,251,1,75,370,21,59
1732,645724,251,11,61,370,31,73
1733,645741,251,15,80,370,21,84
1734,383689,251,13,77,370,33,67
1735,908134,251,3,75,370,17,87
1736,908161,251,21,58,370,31,57
1737,646218,251,7,43,370,25,80
1738,646218,251,11,78,370,25,80
1739,646346,251,7,90,370,11,88
1740,908561,251,7,52,370,11,80
1741,384386,251,5,88,370,11,80
1742,646601,251,13,70,370,33,67
1743,384462,251,1,67,370,13,70
1744,122472,251,7,87,370,13,91
1745,646820,251,11,66,370,23,70
1746,909032,251,11,74,370,21,72
1747,646922,251,1,76,370,13,86
1748,122665,251,11,79,370,23,68
1749,778032,251,9,56,370,29,73
1750,515981,251,1,62,370,11,70
1751,909292,251,11,81,370,23,42
1752,385133,251,1,58,370,21,32
1753,778399,251,7,65,370,21,72
1754,778643,251,13,77,370,41,60
1755,385436,251,11,76,370,17,67
1756,647590,251,3,79,370,21,80
1757,778793,251,1,81,370,15,68
1758,909980,251,11,94,370,31,88
1759,910055,251,13,75,370,41,77
1760,385780,251,1,70,370,7,74
1761,254739,251,7,89,370,17,81
1762,910200,251,7,88,370,27,77
1763,779164,251,13,68,370,33,64
1764,517213,251,1,59,370,7,44
1765,517213,251,1,59,370,13,68
1766,255096,251,13,86,370,33,79
1767,517366,251,7,83,370,21,89
1768,386310,251,1,69,370,21,76
1769,648507,251,1,80,370,9,76
1770,386471,251,13,75,370,23,67
1771,648672,251,13,86,370,33,82
1772,779772,251,11,90,370,31,93
1773,910893,251,11,65,370,17,83
1774,124550,251,13,83,370,27,81
1775,255716,251,11,68,370,31,82
1776,386823,251,17,82,370,37,54
1777,911172,251,11,96,370,31,76
1778,255833,251,7,74,370,51,50
1779,518161,251,13,61,370,33,45
1780,518161,251,13,61,370,47,63
1781,518208,251,11,86,370,27,78
1782,256091,251,11,68,370,41,54
1783,387250,251,1,70,370,7,79
1784,649404,251,13,76,370,27,68
1785,387277,251,13,95,370,41,88
1786,125226,251,1,86,370,7,92
1787,780616,251,11,81,370,15,73
1788,125322,251,9,78,370,15,85
1789,911783,251,11,64,370,31,75
1790,911794,251,13,61,370,33,56
1791,518605,251,13,60,370,41,76
1792,911863,251,7,63,370,15,61
1793,387644,251,1,60,370,21,75
1794,256614,251,1,67,370,7,63
1795,387798,251,11,92,370,31,84
1796,781031,251,11,76,370,17,82
1797,387910,251,1,76,370,21,65
1798,387912,251,13,76,370,27,68
1799,519092,251,1,62,370,21,68
1800,912312,251,11,56,370,33,72
1801,781255,251,13,89,370,41,83
1802,256970,251,17,88,370,23,75
1803,650247,251,1,77,370,27,82
1804,912408,251,11,76,370,31,77
1805,650361,251,1,92,370,3,74
1806,650380,251,3,88,370,21,85
1807,126131,251,11,84,370,31,60
1808,126314,251,11,84,370,31,60
1809,781716,251,9,75,370,15,51
1810,519633,251,3,86,370,21,64
1811,388581,251,1,79,370,17,60
1812,257588,251,1,96,370,19,96
1813,126524,251,1,63,370,13,70
1814,388684,251,21,67,370,47,78
1815,126560,251,9,55,370,15,70
1816,781922,251,21,82,370,33,55
1817,126772,251,13,81,370,33,77
1818,520067,251,1,61,370,3,76
1819,258184,251,13,70,370,27,74
1820,258220,251,1,87,370,7,62
1821,520372,251,11,75,370,17,71
1822,651468,251,1,60,370,7,73
1823,127344,251,1,81,370,7,96
1824,914167,251,7,99,370,43,86
1825,127843,251,11,84,370,31,76
1826,783260,251,11,46,370,27,77
1827,783260,251,13,71,370,27,77
1828,652192,251,11,60,370,31,69
1829,390061,251,3,88,370,23,78
1830,259028,251,1,77,370,13,71
1831,127988,251,11,50,370,21,69
1832,390232,251,11,78,370,23,76
1833,652446,251,21,91,370,23,73
1834,390335,251,11,70,370,31,64
1835,783574,251,11,75,370,31,62
1836,783639,251,1,90,370,21,66
1837,914726,251,1,82,370,15,63
1838,521525,251,11,77,370,17,75
1839,783907,251,13,79,370,33,81
1840,259654,251,13,81,370,27,93
1841,915015,251,7,92,370,17,87
1842,390839,251,11,84,370,13,76
1843,521917,251,1,84,370,5,72
1844,784071,251,11,63,370,31,66
1845,390860,251,13,70,370,33,50
1846,915275,251,1,62,370,13,66
1847,653133,251,13,89,370,33,65
1848,391015,251,11,80,370,23,77
1849,522108,251,11,82,370,41,87
1850,915429,251,11,75,370,27,59
1851,915442,251,9,84,370,11,88
1852,653399,251,11,86,370,31,78
1853,784479,251,11,86,370,17,88
1854,915646,251,1,67,370,21,69
1855,915647,251,3,81,370,17,80
1856,260290,251,13,72,370,27,71
1857,784604,251,1,66,370,17,61
1858,784675,251,13,80,370,33,71
1859,391956,251,1,84,370,11,90
1860,391981,251,27,92,370,33,84
1861,916303,251,1,84,370,29,79
1862,260970,251,13,77,370,33,79
1863,261000,251,11,83,370,23,59
1864,785372,251,7,96,370,21,85
1865,654350,251,1,66,370,13,66
1866,523428,251,13,89,370,27,92
1867,654503,251,11,83,370,31,80
1868,785631,251,1,84,370,21,70
1869,654571,251,13,80,370,37,67
1870,130302,251,11,55,370,23,45
1871,130302,251,11,55,370,31,79
1872,523643,251,5,89,370,15,96
1873,785788,251,11,80,370,21,80
1874,261605,251,11,87,370,21,73
1875,392923,251,1,67,370,11,61
1876,130809,251,1,75,370,15,68
1877,130852,251,7,80,370,33,54
1878,917303,251,11,56,370,27,58
1880,393059,251,17,84,370,23,50
1881,917370,251,3,88,370,23,83
1882,393110,251,1,61,370,21,57
1883,131062,251,1,71,370,7,46
1884,131062,251,1,71,370,21,58
