,StudentID,CourseNumber_x,Term_x,Grade_x,CourseNumber_y,Term_y,Grade_y
0,918214,251,11,79,480,31,66
1,262913,251,1,77,480,33,83
2,525934,251,11,67,480,29,73
3,526165,251,11,96,480,23,85
4,133890,251,1,67,480,33,66
5,265140,251,15,52,480,31,52
6,658523,251,7,92,480,21,91
7,658701,251,1,63,480,31,80
8,266350,251,1,76,480,29,86
9,791160,251,1,87,480,31,71
10,398071,251,1,68,480,33,82
11,399422,251,1,84,480,29,81
12,530835,251,11,46,480,31,70
13,530835,251,15,73,480,31,70
14,138354,251,1,86,480,31,74
15,531706,251,13,76,480,41,90
16,925098,251,1,66,480,21,82
17,269954,251,13,57,480,33,78
18,663311,251,11,62,480,43,66
19,794432,251,1,77,480,31,69
20,401438,251,1,88,480,31,87
21,663821,251,9,74,480,31,79
22,795053,251,1,55,480,11,74
23,139739,251,11,88,480,31,79
24,795564,251,1,69,480,41,68
25,272064,251,13,73,480,41,84
26,403305,251,1,69,480,33,63
27,927632,251,11,69,480,21,74
28,403411,251,13,73,480,31,73
29,404241,251,9,54,480,29,78
30,666747,251,1,66,480,21,84
31,142701,251,11,64,480,33,70
32,667372,251,13,92,480,43,81
33,537387,251,13,79,480,43,79
34,537736,251,1,77,480,33,79
35,669024,251,11,80,480,43,81
36,800610,251,1,69,480,33,78
37,145284,251,11,63,480,33,81
38,407676,251,13,78,480,41,78
39,669968,251,11,61,480,43,78
40,146062,251,3,72,480,33,45
41,802148,251,11,63,480,43,83
42,671211,251,11,65,480,43,80
43,409288,251,1,70,480,23,75
44,671697,251,9,67,480,39,64
45,672188,251,13,62,480,41,75
46,803347,251,11,73,480,43,85
47,148002,251,13,70,480,33,76
48,803496,251,21,88,480,41,82
49,541730,251,13,84,480,43,79
50,672977,251,11,54,480,31,81
51,280349,251,1,54,480,39,87
52,542509,251,1,44,480,33,74
53,542509,251,3,81,480,33,74
54,149299,251,1,55,480,31,69
55,411831,251,13,73,480,43,72
56,542953,251,13,65,480,43,75
57,280945,251,1,70,480,23,71
58,151211,251,11,71,480,31,77
59,675947,251,1,82,480,23,82
60,152510,251,11,76,480,33,70
61,808173,251,21,56,480,23,75
62,939437,251,13,77,480,43,78
63,284222,251,1,63,480,33,82
64,415529,251,11,63,480,43,77
65,284731,251,1,78,480,29,73
66,284991,251,13,73,480,43,84
67,154672,251,13,83,480,43,83
68,810198,251,1,73,480,33,72
69,154962,251,1,60,480,29,68
70,810736,251,7,71,480,43,82
71,286551,251,13,74,480,43,67
72,942283,251,1,68,480,33,68
73,418078,251,9,69,480,31,87
74,811750,251,1,81,480,11,74
75,287990,251,11,71,480,41,79
76,943538,251,11,60,480,23,73
77,550330,251,11,94,480,31,71
78,681537,251,9,84,480,31,83
79,157391,251,3,57,480,33,75
80,157976,251,1,83,480,33,78
81,158683,251,7,77,480,33,82
82,945985,251,1,82,480,35,81
83,946160,251,11,50,480,43,79
84,684191,251,1,84,480,23,87
85,684225,251,11,64,480,43,76
86,160211,251,1,72,480,33,79
87,553777,251,11,75,480,31,87
88,553831,251,13,70,480,43,83
89,291758,251,13,72,480,33,68
90,685019,251,1,60,480,23,78
91,160927,251,3,74,480,23,59
92,947724,251,13,87,480,43,84
93,423722,251,11,56,480,27,63
94,423917,251,3,46,480,33,53
95,423917,251,11,68,480,33,53
96,423961,251,9,68,480,21,73
97,424473,251,13,84,480,41,80
98,686674,251,13,81,480,43,83
99,949298,251,13,69,480,33,61
100,162883,251,11,75,480,43,78
101,295038,251,11,71,480,33,71
102,164514,251,7,55,480,23,66
103,819879,251,1,80,480,31,82
104,165431,251,11,87,480,31,82
105,165577,251,21,89,480,43,83
106,689890,251,11,78,480,43,66
107,952494,251,1,73,480,33,72
108,691350,251,13,62,480,43,67
109,691359,251,1,64,480,33,80
110,429712,251,11,65,480,43,73
111,954700,251,1,77,480,29,84
112,168888,251,13,84,480,43,82
113,824996,251,13,82,480,41,83
114,170058,251,11,46,480,31,81
115,170058,251,13,79,480,31,81
116,694446,251,13,80,480,43,85
117,432556,251,1,64,480,33,77
118,694809,251,11,81,480,31,73
119,170677,251,13,83,480,43,75
120,828202,251,9,44,480,29,65
121,828202,251,15,81,480,29,65
122,567658,251,7,62,480,43,81
123,961343,251,1,74,480,29,83
124,306962,251,11,82,480,43,87
125,962421,251,1,72,480,29,85
126,831735,251,1,70,480,29,82
127,963029,251,1,87,480,31,89
128,832340,251,17,83,480,31,76
129,963412,251,1,53,480,33,74
130,571796,251,7,77,480,33,85
131,178609,251,15,69,480,31,77
132,309903,251,13,71,480,33,72
133,310162,251,1,70,480,21,87
134,703675,251,11,84,480,31,92
135,835449,251,17,80,480,43,75
136,966693,251,11,65,480,23,80
137,180559,251,11,71,480,33,74
138,967409,251,13,71,480,43,79
139,312164,251,11,64,480,43,76
140,313105,251,11,65,480,41,83
141,313567,251,1,81,480,33,84
142,838344,251,7,74,480,31,82
143,314806,251,1,64,480,11,75
144,315048,251,11,65,480,23,66
145,446423,251,13,74,480,33,80
146,316009,251,3,74,480,21,72
147,972460,251,11,71,480,31,80
148,841605,251,13,52,480,41,72
150,579612,251,3,82,480,23,84
151,448596,251,1,79,480,33,76
152,973110,251,3,87,480,21,80
153,973262,251,1,85,480,31,83
154,318668,251,11,59,480,33,78
155,712223,251,9,66,480,29,70
156,581163,251,33,76,480,41,83
157,712389,251,1,72,480,33,81
158,712756,251,13,77,480,41,79
159,712795,251,13,79,480,43,81
160,843983,251,3,83,480,21,75
161,845345,251,15,84,480,21,76
162,453383,251,11,82,480,33,74
163,191544,251,13,69,480,43,78
164,192645,251,1,51,480,31,75
165,192756,251,11,70,480,31,85
166,455139,251,1,75,480,23,84
167,586217,251,9,70,480,31,77
168,586296,251,7,66,480,33,67
169,586388,251,1,65,480,33,80
170,718511,251,1,83,480,33,83
171,194747,251,7,74,480,23,82
172,325900,251,7,61,480,23,80
173,850492,251,1,78,480,29,86
174,981625,251,11,82,480,31,84
175,326304,251,11,74,480,31,85
176,982135,251,11,76,480,23,86
177,196135,251,11,80,480,31,86
178,589943,251,13,83,480,33,77
179,327843,251,1,60,480,33,76
180,460210,251,9,45,480,29,67
181,460210,251,11,65,480,29,67
182,329175,251,13,72,480,43,86
183,199112,251,13,82,480,31,85
184,723806,251,13,80,480,43,71
185,330648,251,1,72,480,33,75
186,855390,251,1,79,480,33,80
187,462370,251,13,71,480,23,75
188,462530,251,1,74,480,23,73
189,200422,251,11,85,480,31,55
190,724718,251,1,84,480,21,77
191,200458,251,1,73,480,31,79
192,725315,251,13,76,480,43,84
193,332142,251,13,77,480,43,80
194,987777,251,11,63,480,31,83
195,988309,251,1,94,480,33,89
196,595112,251,1,74,480,23,88
197,464418,251,1,77,480,33,63
198,858225,251,1,69,480,31,77
199,858707,251,11,54,480,31,68
200,728256,251,1,72,480,31,75
201,728283,251,1,55,480,23,90
202,990822,251,9,50,480,31,58
203,336023,251,1,66,480,33,75
204,205043,251,11,62,480,43,83
205,991857,251,21,72,480,43,57
206,861190,251,1,56,480,33,85
207,206730,251,3,84,480,33,84
208,337892,251,9,74,480,31,83
209,862804,251,17,85,480,43,76
210,600719,251,1,79,480,33,81
211,863151,251,13,59,480,43,64
212,866120,251,1,61,480,33,80
213,342216,251,1,67,480,31,74
214,735525,251,13,75,480,41,72
215,867485,251,1,76,480,31,80
216,998861,251,5,68,480,31,72
217,867813,251,1,74,480,33,67
218,736761,251,13,70,480,43,83
219,999029,251,11,92,480,31,90
220,474754,251,13,86,480,41,79
221,212921,251,1,78,480,31,75
222,213192,251,11,67,480,43,72
223,475829,251,11,74,480,43,85
224,738198,251,13,83,480,43,77
225,738234,251,13,78,480,43,82
226,869491,251,1,75,480,13,75
227,476535,251,7,60,480,33,60
228,346194,251,17,75,480,43,79
229,739505,251,13,85,480,41,79
230,477636,251,11,55,480,43,69
231,346601,251,13,70,480,43,77
232,346876,251,11,69,480,43,82
233,478067,251,13,73,480,43,77
234,347905,251,11,59,480,33,74
235,217088,251,17,84,480,41,84
236,218335,251,1,77,480,33,79
237,612404,251,1,86,480,23,73
238,219457,251,11,66,480,31,83
239,743900,251,13,85,480,33,77
240,219758,251,7,61,480,21,76
241,351376,251,5,68,480,31,80
242,613828,251,11,44,480,43,79
243,613828,251,17,83,480,43,79
244,351790,251,1,60,480,13,74
245,613961,251,1,83,480,33,82
246,352096,251,1,72,480,33,80
247,876448,251,1,77,480,33,88
248,221274,251,1,87,480,29,76
249,616845,251,11,70,480,43,70
250,355015,251,1,84,480,33,78
251,879361,251,3,81,480,23,73
252,486892,251,11,59,480,43,65
253,224963,251,13,80,480,31,89
254,487109,251,1,57,480,39,70
255,881437,251,11,52,480,31,50
256,226648,251,3,72,480,31,62
257,228343,251,1,59,480,33,80
258,228896,251,11,66,480,43,72
259,229007,251,11,64,480,43,73
260,360509,251,7,61,480,33,72
261,360593,251,11,65,480,31,50
262,623395,251,1,61,480,29,74
263,230485,251,1,71,480,23,81
264,230640,251,1,85,480,23,86
265,493948,251,1,67,480,23,89
266,887441,251,13,72,480,33,81
267,494474,251,1,79,480,29,70
268,101324,251,11,66,480,33,66
269,757369,251,11,68,480,43,82
270,233392,251,9,83,480,31,84
271,233645,251,1,68,480,13,70
272,627180,251,15,87,480,39,87
273,365043,251,1,86,480,31,85
274,890548,251,13,83,480,41,76
275,104696,251,1,69,480,33,78
276,498116,251,7,81,480,33,57
277,630959,251,1,78,480,21,81
278,762273,251,11,62,480,33,71
280,631947,251,1,89,480,31,76
281,239055,251,13,67,480,43,60
282,894735,251,7,91,480,33,82
283,894965,251,3,69,480,23,64
284,632923,251,11,80,480,33,77
285,371297,251,13,80,480,23,81
286,502431,251,11,68,480,31,84
287,896507,251,1,57,480,33,81
288,634522,251,11,61,480,33,71
289,765681,251,1,82,480,23,86
290,896972,251,1,67,480,33,69
291,110614,251,1,72,480,33,83
292,242667,251,1,73,480,31,67
293,243016,251,13,68,480,43,76
294,243558,251,1,87,480,33,78
295,112786,251,13,66,480,41,76
296,506114,251,1,59,480,33,73
297,768313,251,1,71,480,33,74
298,768598,251,11,78,480,31,75
299,245431,251,1,58,480,33,81
300,639661,251,11,77,480,43,79
301,770951,251,1,67,480,33,69
302,771173,251,17,75,480,43,72
303,771921,251,7,85,480,33,76
304,772538,251,21,45,480,43,79
305,772538,251,33,76,480,43,79
306,248346,251,13,78,480,41,80
307,641842,251,1,74,480,31,76
308,773099,251,1,60,480,33,79
309,380167,251,1,73,480,33,72
310,118260,251,1,63,480,33,85
311,381432,251,13,63,480,41,75
312,119339,251,11,69,480,41,74
313,775007,251,3,80,480,23,80
314,513252,251,15,85,480,21,77
315,775424,251,1,64,480,23,84
316,513894,251,7,66,480,23,80
317,252314,251,1,69,480,31,82
318,121392,251,13,67,480,43,81
319,383571,251,1,75,480,31,73
320,645724,251,11,61,480,43,78
321,383689,251,13,77,480,33,70
322,908134,251,3,75,480,21,80
323,908161,251,21,58,480,33,66
324,122472,251,7,87,480,33,80
325,646922,251,1,76,480,31,85
326,515981,251,1,62,480,23,79
327,778399,251,7,65,480,33,70
328,517213,251,1,59,480,31,75
329,386436,251,13,79,480,33,78
330,255716,251,11,68,480,43,81
331,649404,251,13,76,480,43,73
332,125322,251,9,78,480,29,85
333,387644,251,1,60,480,33,75
334,519092,251,1,62,480,33,81
335,650247,251,1,77,480,23,80
336,781716,251,9,75,480,31,39
337,388581,251,1,79,480,33,75
338,126524,251,1,63,480,33,77
339,651468,251,1,60,480,23,73
340,783260,251,11,46,480,31,66
341,783260,251,13,71,480,31,66
342,652192,251,11,60,480,43,81
343,784071,251,11,63,480,31,67
344,653126,251,11,80,480,31,89
345,915275,251,1,62,480,33,66
346,653399,251,11,86,480,31,84
347,784604,251,1,66,480,33,64
348,654350,251,1,66,480,33,80
349,785631,251,1,84,480,31,80
350,130302,251,11,55,480,43,80
351,523643,251,5,89,480,19,79
352,392923,251,1,67,480,31,78
353,130809,251,1,75,480,31,70
