,StudentID,CourseNumber_x,Term_x,Grade_x,CourseNumber_y,Term_y,Grade_y
0,655430,251,13,78,341,33,72
1,131188,251,17,71,341,31,43
2,131188,251,17,71,341,33,67
3,131205,251,11,92,341,31,92
4,131252,251,13,84,341,23,67
5,917788,251,3,83,341,23,83
6,524634,251,13,86,341,33,62
7,262516,251,1,83,341,3,83
8,918214,251,11,79,341,23,62
9,262913,251,1,77,341,21,71
10,918323,251,1,74,341,21,50
11,787281,251,11,84,341,23,82
12,787296,251,3,84,341,13,53
13,918408,251,13,60,341,37,55
14,525401,251,1,73,341,21,78
15,656627,251,11,76,341,13,69
16,787766,251,3,74,341,13,80
17,656717,251,13,68,341,33,46
18,656717,251,13,68,341,41,71
19,263554,251,7,83,341,27,75
20,787843,251,1,69,341,21,60
21,394640,251,3,89,341,23,76
22,525934,251,11,67,341,21,73
23,394865,251,17,62,341,37,66
24,526102,251,11,75,341,23,63
25,263986,251,1,87,341,21,100
26,526165,251,11,96,341,23,99
28,788547,251,11,58,341,31,64
29,526476,251,11,71,341,21,58
30,919720,251,11,91,341,23,80
31,133520,251,13,69,341,33,50
32,395676,251,9,61,341,25,69
33,526806,251,13,77,341,27,69
34,264746,251,13,90,341,27,81
35,920196,251,13,56,341,33,60
36,527032,251,17,76,341,23,75
37,133890,251,1,67,341,21,61
38,264967,251,13,73,341,33,63
39,265106,251,1,92,341,21,97
40,265140,251,15,52,341,29,65
41,396242,251,7,69,341,31,91
42,134110,251,11,86,341,23,90
43,920646,251,11,93,341,23,100
44,658523,251,7,92,341,17,83
45,396481,251,11,59,341,23,68
46,658701,251,1,63,341,21,55
47,789824,251,11,80,341,21,59
48,265628,251,1,77,341,21,79
49,396798,251,17,93,341,27,78
50,396813,251,1,74,341,21,66
51,265752,251,1,67,341,21,62
52,265831,251,11,69,341,23,64
53,265956,251,7,85,341,23,68
54,134978,251,15,88,341,29,92
55,790412,251,11,62,341,19,74
56,528297,251,13,78,341,27,75
57,266156,251,11,79,341,31,72
58,921584,251,1,67,341,21,65
59,266249,251,11,81,341,23,80
60,266350,251,1,76,341,15,68
61,266465,251,13,78,341,31,69
62,790931,251,17,78,341,23,76
63,135634,251,1,68,341,11,96
64,135654,251,1,67,341,21,73
65,266750,251,21,72,341,33,78
66,528945,251,1,84,341,11,61
67,791160,251,1,87,341,21,78
69,398060,251,13,68,341,27,64
70,398071,251,1,68,341,27,83
71,660594,251,11,46,341,31,54
72,660594,251,13,67,341,31,54
73,267393,251,11,96,341,41,100
74,922902,251,5,64,341,21,75
75,136511,251,1,79,341,21,95
76,267721,251,11,78,341,31,85
77,398834,251,11,78,341,31,79
78,792065,251,11,59,341,31,72
79,136770,251,17,86,341,31,88
80,398948,251,3,82,341,13,78
81,530055,251,11,69,341,21,62
82,136858,251,11,94,341,21,83
83,923384,251,11,76,341,33,100
84,792349,251,1,72,341,21,72
85,399262,251,3,66,341,23,50
86,923674,251,5,78,341,15,87
87,399422,251,1,84,341,25,78
88,530559,251,7,65,341,17,81
89,792757,251,1,94,341,21,95
90,530702,251,11,65,341,27,65
91,399758,251,11,65,341,27,60
92,530835,251,11,46,341,25,68
93,530835,251,15,73,341,25,68
94,399788,251,7,74,341,21,74
95,924089,251,7,68,341,27,32
96,924089,251,7,68,341,47,64
97,530912,251,5,68,341,39,71
98,662040,251,3,94,341,21,100
99,530998,251,1,85,341,25,75
100,269007,251,17,87,341,37,71
101,137990,251,13,76,341,33,76
102,924461,251,11,61,341,31,75
103,924489,251,7,59,341,27,70
104,793475,251,1,54,341,21,50
105,793596,251,11,72,341,23,80
106,138275,251,13,80,341,47,54
107,793641,251,9,91,341,31,77
108,138354,251,1,86,341,21,63
109,400629,251,17,85,341,31,60
110,924921,251,11,62,341,23,67
111,531706,251,13,76,341,33,63
112,925098,251,1,66,341,19,77
113,531965,251,13,62,341,27,36
114,531965,251,13,62,341,33,57
115,925225,251,13,75,341,23,62
116,138796,251,1,79,341,21,83
117,794158,251,1,73,341,21,58
118,532023,251,9,67,341,19,64
119,400974,251,1,81,341,21,88
120,138858,251,13,60,341,41,67
121,269954,251,13,57,341,27,52
122,794306,251,11,80,341,23,71
123,663311,251,11,62,341,31,79
124,794432,251,1,77,341,21,70
125,401438,251,1,88,341,21,91
126,139307,251,13,57,341,31,63
127,925909,251,7,85,341,13,77
128,663821,251,9,74,341,29,75
129,532779,251,13,52,341,21,86
130,532789,251,1,81,341,29,71
131,795053,251,1,55,341,11,56
132,532935,251,11,52,341,17,68
133,795093,251,11,64,341,23,66
134,139739,251,11,88,341,23,70
135,139773,251,13,85,341,31,87
136,270850,251,1,72,341,11,67
137,401989,251,11,72,341,23,69
138,139927,251,13,65,341,33,59
139,664243,251,13,81,341,33,58
140,795318,251,1,66,341,21,69
141,664346,251,13,69,341,33,55
142,533296,251,13,88,341,41,76
143,795564,251,1,69,341,21,41
144,795564,251,1,69,341,39,67
145,533465,251,9,74,341,29,86
146,271379,251,13,81,341,33,81
147,271472,251,7,84,341,21,70
148,533628,251,11,80,341,31,66
149,533682,251,1,76,341,27,61
150,140592,251,1,78,341,13,70
151,795984,251,1,75,341,21,50
152,140636,251,11,51,341,37,88
153,271716,251,23,87,341,41,77
154,927188,251,3,5,341,41,74
155,927188,251,11,64,341,41,74
156,927348,251,11,96,341,27,60
157,796293,251,17,74,341,31,93
158,140941,251,1,80,341,15,70
159,796317,251,3,65,341,23,75
160,272064,251,13,73,341,27,75
161,403160,251,11,76,341,23,76
162,272139,251,1,64,341,21,52
163,534333,251,13,73,341,23,53
164,534339,251,1,81,341,21,60
165,403305,251,1,69,341,13,57
166,403316,251,11,85,341,31,67
167,927632,251,11,69,341,19,62
168,272299,251,15,71,341,21,60
169,403404,251,5,80,341,15,72
170,403411,251,13,73,341,27,71
171,927785,251,13,81,341,27,39
172,927785,251,13,81,341,33,50
173,665647,251,11,84,341,17,91
174,403527,251,5,81,341,19,86
175,534603,251,11,92,341,23,77
176,927823,251,13,65,341,33,61
177,534620,251,11,58,341,31,50
178,403610,251,1,82,341,21,67
179,403623,251,13,66,341,27,42
180,403623,251,13,66,341,33,22
181,403679,251,13,86,341,33,98
182,272678,251,7,81,341,27,53
183,403860,251,13,68,341,33,59
184,272814,251,17,83,341,31,96
185,928186,251,1,77,341,21,79
186,141833,251,1,83,341,21,86
187,404037,251,7,79,341,21,90
188,928379,251,7,76,341,27,78
189,273106,251,11,91,341,25,80
190,928493,251,7,64,341,27,61
191,404241,251,9,54,341,15,56
192,273177,251,13,61,341,27,72
193,797465,251,23,83,341,33,79
194,273411,251,11,88,341,21,71
195,797723,251,11,91,341,31,89
196,535638,251,7,72,341,21,80
197,666747,251,1,66,341,17,73
198,273575,251,3,88,341,23,77
199,666823,251,11,69,341,31,68
200,404743,251,11,78,341,31,95
201,142656,251,13,63,341,33,83
202,142701,251,11,64,341,33,59
203,536105,251,13,84,341,33,79
204,143030,251,21,73,341,41,58
205,667372,251,13,92,341,33,69
206,536307,251,3,93,341,17,90
207,143106,251,21,58,341,33,50
208,667437,251,1,79,341,21,88
209,143180,251,21,63,341,31,41
210,798583,251,11,73,341,23,58
211,405442,251,17,77,341,37,73
212,929778,251,11,94,341,31,58
213,143436,251,11,84,341,31,72
214,143461,251,1,71,341,21,58
215,929911,251,13,85,341,27,78
216,798862,251,13,85,341,21,57
217,143517,251,1,45,341,19,74
218,143517,251,9,84,341,19,74
219,930012,251,23,86,341,31,78
220,798966,251,11,68,341,23,73
221,274686,251,13,76,341,37,79
222,930059,251,13,82,341,27,54
223,667935,251,23,76,341,37,29
224,274882,251,13,66,341,33,83
225,799263,251,11,88,341,23,80
226,143989,251,11,59,341,43,66
227,144003,251,7,73,341,27,70
228,930463,251,3,84,341,11,79
229,930464,251,17,72,341,31,73
230,537387,251,13,79,341,27,58
231,799627,251,7,81,341,21,83
232,144275,251,7,71,341,21,85
233,799649,251,1,81,341,21,72
234,537542,251,11,90,341,23,78
235,275464,251,11,68,341,27,73
236,406619,251,13,94,341,33,67
237,537736,251,1,77,341,21,65
238,668864,251,11,81,341,27,66
239,800073,251,11,73,341,23,67
240,669024,251,11,80,341,23,77
241,931291,251,17,90,341,23,98
242,275968,251,11,79,341,21,78
243,275984,251,15,68,341,27,40
244,144975,251,11,75,341,23,61
245,538243,251,11,81,341,21,69
246,276104,251,1,84,341,21,58
247,145077,251,1,77,341,31,78
248,276171,251,3,78,341,21,56
249,538370,251,13,77,341,21,65
250,800535,251,13,91,341,27,83
251,276256,251,11,65,341,21,66
252,800560,251,9,77,341,19,56
253,407379,251,21,86,341,33,95
254,800610,251,1,69,341,21,58
255,669558,251,11,70,341,23,73
256,145284,251,11,63,341,23,70
257,931738,251,11,92,341,23,65
258,538625,251,7,78,341,13,74
259,669744,251,11,60,341,23,42
260,669744,251,11,60,341,33,51
261,407676,251,13,78,341,27,77
262,931980,251,1,89,341,11,75
263,932001,251,13,90,341,37,92
264,669968,251,11,61,341,31,50
265,932347,251,11,68,341,21,71
266,277011,251,13,70,341,27,80
267,932437,251,13,89,341,33,87
268,801399,251,1,86,341,21,71
269,146062,251,3,72,341,17,64
270,801457,251,3,73,341,13,44
271,801457,251,3,73,341,41,71
272,670549,251,1,86,341,19,95
273,539567,251,13,69,341,33,70
274,670702,251,7,83,341,27,86
275,932939,251,1,79,341,21,51
276,670826,251,13,57,341,33,43
277,670826,251,13,57,341,41,34
278,146581,251,1,86,341,21,100
279,146601,251,13,73,341,21,52
280,933068,251,11,79,341,45,86
281,539975,251,1,82,341,13,73
282,671191,251,13,86,341,33,83
283,933353,251,11,99,341,23,96
284,671211,251,11,65,341,23,66
285,278032,251,21,93,341,33,83
286,933410,251,11,85,341,31,76
287,802383,251,13,80,341,33,79
288,409288,251,1,70,341,11,83
289,802568,251,1,76,341,13,69
290,671542,251,11,72,341,31,90
291,802710,251,3,91,341,31,97
292,671697,251,9,67,341,29,64
293,409608,251,11,69,341,23,58
294,540811,251,11,46,341,23,59
295,540811,251,13,92,341,23,59
296,278894,251,7,80,341,23,91
297,672162,251,27,75,341,33,87
298,672188,251,13,62,341,27,66
299,279009,251,9,40,341,41,57
300,279009,251,11,71,341,41,57
301,803347,251,11,73,341,31,72
302,148002,251,13,70,341,27,73
303,410195,251,1,83,341,11,100
304,934488,251,11,85,341,23,79
305,279140,251,11,70,341,31,73
306,803496,251,21,88,341,41,69
307,541367,251,7,79,341,33,57
308,934598,251,9,53,341,29,33
309,148179,251,11,90,341,23,42
310,148179,251,11,90,341,27,59
311,803613,251,31,71,341,51,55
312,541536,251,1,80,341,21,65
313,410494,251,7,80,341,27,68
314,410514,251,11,72,341,23,89
315,148423,251,13,88,341,33,81
316,148488,251,13,76,341,27,72
317,541730,251,13,84,341,33,67
318,148647,251,1,73,341,21,77
319,804026,251,13,84,341,27,75
320,672977,251,11,54,341,23,54
321,673036,251,11,80,341,23,92
322,542140,251,19,64,341,31,65
323,673282,251,1,69,341,23,81
324,149016,251,11,73,341,25,59
325,935517,251,1,86,341,21,77
326,804514,251,23,60,341,37,65
327,280343,251,15,73,341,41,54
328,280349,251,1,54,341,35,64
329,542509,251,1,44,341,21,57
330,542509,251,3,81,341,21,57
331,149299,251,1,55,341,31,61
332,411554,251,3,67,341,31,79
333,935908,251,9,64,341,25,61
334,149559,251,1,60,341,21,84
335,149604,251,13,81,341,27,70
336,411831,251,13,73,341,33,62
337,542945,251,13,75,341,33,66
338,542953,251,13,65,341,33,56
339,280810,251,13,76,341,27,85
340,805149,251,7,68,341,27,62
341,280876,251,3,84,341,21,72
342,280945,251,1,70,341,23,57
343,805252,251,13,86,341,31,58
344,674212,251,7,78,341,17,72
345,936396,251,11,80,341,31,74
346,674288,251,13,76,341,23,56
347,674299,251,11,54,341,23,72
348,543267,251,11,69,341,31,84
349,150060,251,11,62,341,27,50
351,150281,251,11,55,341,27,54
352,936796,251,1,75,341,13,71
353,543740,251,1,90,341,13,91
354,805911,251,11,80,341,31,68
355,543870,251,11,87,341,23,66
356,937107,251,1,83,341,21,54
357,675007,251,11,74,341,23,73
358,675020,251,13,65,341,31,87
359,544112,251,11,75,341,23,69
360,150906,251,13,71,341,33,54
361,806285,251,11,64,341,23,64
362,544250,251,3,67,341,27,72
363,675371,251,9,57,341,21,72
364,282169,251,11,90,341,31,87
365,937616,251,21,61,341,37,40
366,937616,251,21,61,341,43,63
367,151211,251,11,71,341,23,69
368,282296,251,13,61,341,27,58
369,937729,251,1,86,341,23,91
370,675865,251,11,53,341,27,67
371,544800,251,11,97,341,21,100
372,544834,251,9,64,341,21,78
373,675947,251,1,82,341,23,71
374,544952,251,1,66,341,13,71
375,938326,251,13,90,341,27,80
376,545134,251,13,76,341,23,79
377,283011,251,1,79,341,13,65
378,938497,251,1,78,341,21,65
379,676457,251,13,78,341,21,75
380,283256,251,7,62,341,13,59
381,807636,251,21,74,341,33,65
382,283452,251,3,91,341,21,76
383,414539,251,9,94,341,29,97
384,283569,251,11,89,341,23,57
385,152510,251,11,76,341,23,56
386,283750,251,1,76,341,15,61
387,152740,251,15,69,341,29,72
388,283841,251,11,73,341,21,64
389,808153,251,7,86,341,23,44
390,808153,251,7,86,341,27,70
391,677095,251,5,72,341,15,59
392,808173,251,21,56,341,27,54
393,808177,251,11,69,341,23,67
394,939316,251,11,84,341,23,68
395,939437,251,13,77,341,27,80
396,939574,251,11,87,341,23,79
397,677437,251,11,81,341,21,79
398,284222,251,1,63,341,21,53
399,677618,251,11,86,341,23,81
400,546579,251,13,50,341,37,53
401,415529,251,11,63,341,31,65
402,284521,251,7,66,341,27,75
403,939882,251,11,85,341,31,72
404,153499,251,13,73,341,27,78
405,808900,251,7,85,341,21,83
407,284731,251,1,78,341,15,53
408,153736,251,11,83,341,23,79
409,415986,251,11,61,341,31,73
410,809226,251,13,44,341,33,62
411,809226,251,21,80,341,33,62
412,284991,251,13,73,341,27,70
413,285019,251,1,69,341,21,71
414,547192,251,13,83,341,33,81
415,154029,251,11,86,341,31,84
416,416222,251,11,87,341,23,50
417,809553,251,17,61,341,23,62
418,285269,251,21,67,341,41,56
419,154198,251,11,83,341,21,65
420,940774,251,1,56,341,13,71
421,416608,251,11,84,341,31,82
422,154672,251,13,83,341,33,68
423,679013,251,13,55,341,41,43
424,285873,251,3,84,341,21,78
425,941245,251,11,68,341,31,50
426,810198,251,1,73,341,21,61
427,154962,251,1,60,341,21,75
428,286285,251,13,71,341,27,68
429,810574,251,13,75,341,33,69
430,417409,251,13,91,341,33,56
431,810736,251,7,71,341,23,70
432,417524,251,13,68,341,27,52
433,286551,251,13,74,341,27,63
434,155496,251,13,74,341,33,71
435,286600,251,7,69,341,15,72
436,942002,251,3,96,341,31,85
437,679954,251,13,65,341,21,77
438,155674,251,7,88,341,17,86
439,417896,251,13,86,341,33,72
440,942196,251,3,95,341,23,100
441,942283,251,1,68,341,21,61
442,549082,251,3,89,341,23,84
443,418078,251,9,69,341,29,85
444,287048,251,11,82,341,23,64
445,942524,251,13,69,341,31,80
446,418293,251,11,67,341,31,28
447,811535,251,13,67,341,33,50
448,549481,251,13,85,341,27,75
449,942758,251,1,65,341,11,37
450,942758,251,1,65,341,17,58
451,418491,251,11,78,341,31,43
452,811750,251,1,81,341,7,67
453,811800,251,1,75,341,21,79
454,418643,251,11,74,341,33,95
455,680809,251,3,85,341,17,91
456,418755,251,13,58,341,33,65
457,943075,251,11,94,341,31,100
458,943077,251,1,85,341,21,89
459,549899,251,1,93,341,15,91
460,549939,251,11,80,341,23,50
461,287896,251,7,61,341,57,94
462,419004,251,11,71,341,31,68
463,287964,251,11,62,341,27,26
464,287964,251,11,62,341,33,38
465,287964,251,11,62,341,41,70
466,287987,251,13,91,341,33,89
467,287990,251,11,71,341,43,52
468,550182,251,27,70,341,41,65
469,943538,251,11,60,341,27,64
470,550330,251,11,94,341,23,52
471,419303,251,11,72,341,33,51
472,419311,251,3,74,341,11,51
473,681537,251,9,84,341,21,82
474,157271,251,3,67,341,23,78
475,288426,251,13,67,341,23,51
476,812729,251,1,93,341,17,100
477,157391,251,3,57,341,23,58
478,681731,251,27,88,341,57,62
479,681802,251,7,86,341,27,84
480,943989,251,13,63,341,27,54
481,943990,251,11,61,341,33,69
482,288636,251,21,99,341,27,100
483,944088,251,11,89,341,31,98
484,157683,251,11,54,341,31,65
485,550899,251,1,66,341,21,81
486,944116,251,11,86,341,23,50
487,419973,251,7,92,341,27,91
488,288910,251,11,70,341,25,59
489,157976,251,1,83,341,21,76
490,158040,251,7,89,341,21,69
491,158128,251,13,69,341,33,64
492,158133,251,7,70,341,33,74
493,813779,251,11,78,341,21,83
494,551747,251,1,67,341,21,84
495,551784,251,11,75,341,23,72
496,289655,251,11,68,341,21,67
497,551818,251,17,60,341,31,42
498,158683,251,7,77,341,21,80
499,158753,251,11,78,341,23,55
500,683125,251,7,64,341,21,50
501,289966,251,1,83,341,19,52
502,552151,251,11,80,341,31,50
503,159051,251,1,88,341,15,83
504,814702,251,3,81,341,17,76
505,421562,251,11,80,341,31,61
506,290499,251,11,69,341,41,80
507,945985,251,1,82,341,21,60
508,683941,251,11,82,341,31,68
509,946160,251,11,50,341,31,59
510,290808,251,11,80,341,23,70
511,684112,251,7,81,341,33,58
512,553068,251,13,88,341,33,64
513,684191,251,1,84,341,17,78
514,684225,251,11,64,341,23,57
515,159949,251,13,76,341,33,42
516,159949,251,13,76,341,37,53
517,422108,251,13,79,341,33,74
518,160205,251,11,54,341,23,50
519,160211,251,1,72,341,21,52
520,815657,251,1,93,341,21,79
521,684587,251,1,69,341,21,75
522,815672,251,3,72,341,23,30
523,815672,251,3,72,341,31,78
524,684720,251,11,71,341,23,51
525,553777,251,11,75,341,23,87
526,947036,251,1,65,341,19,67
527,553831,251,13,70,341,27,78
528,291758,251,13,72,341,33,68
529,947140,251,21,58,341,41,56
530,685019,251,1,60,341,17,58
531,685033,251,1,78,341,11,73
532,291891,251,27,80,341,41,76
533,422983,251,3,82,341,23,96
534,816273,251,11,80,341,21,62
535,160927,251,3,74,341,21,64
536,685254,251,11,78,341,23,61
537,947403,251,3,61,341,21,73
538,947423,251,23,84,341,37,95
539,685309,251,11,74,341,23,74
540,685338,251,3,70,341,23,85
541,816449,251,1,81,341,21,90
542,947543,251,7,79,341,21,86
543,947692,251,7,72,341,21,59
544,947724,251,13,87,341,33,74
545,685662,251,1,58,341,21,69
546,292516,251,11,56,341,31,57
547,554702,251,13,83,341,33,95
548,161520,251,11,85,341,23,67
549,423722,251,11,56,341,21,50
550,685995,251,1,85,341,21,85
551,423917,251,3,46,341,23,57
552,423917,251,11,68,341,23,57
553,423961,251,9,68,341,19,42
554,423961,251,9,68,341,25,64
555,292930,251,13,77,341,33,70
556,161887,251,11,98,341,31,85
557,424300,251,11,75,341,23,63
558,555508,251,7,82,341,21,75
559,424473,251,13,84,341,33,72
560,948783,251,11,90,341,21,63
561,424529,251,1,72,341,21,75
562,686674,251,13,81,341,27,83
563,293511,251,13,87,341,33,73
564,162450,251,11,84,341,31,89
565,162604,251,11,66,341,23,74
566,818143,251,11,81,341,23,80
567,818164,251,13,71,341,21,74
568,949298,251,13,69,341,27,55
569,162883,251,11,75,341,31,38
570,162883,251,11,75,341,37,50
571,163053,251,11,78,341,23,61
572,687361,251,11,73,341,31,50
573,294200,251,13,75,341,27,80
574,425297,251,7,58,341,21,67
575,818549,251,13,60,341,33,63
576,818566,251,11,82,341,21,84
577,425378,251,3,81,341,23,67
578,556786,251,17,99,341,23,73
579,950086,251,1,73,341,13,62
580,163687,251,11,75,341,31,52
581,819070,251,11,83,341,21,61
582,425896,251,1,73,341,27,50
583,425924,251,1,70,341,13,89
584,163852,251,9,65,341,41,63
585,426025,251,13,87,341,27,84
586,426055,251,11,82,341,23,96
587,295038,251,11,71,341,23,59
588,950474,251,11,66,341,23,76
589,295424,251,11,79,341,31,77
590,688654,251,3,67,341,21,58
591,164440,251,11,87,341,17,78
592,950922,251,11,84,341,31,95
593,164514,251,7,55,341,21,69
594,819879,251,1,80,341,15,67
595,950975,251,11,82,341,27,78
596,426693,251,11,74,341,43,66
597,820009,251,1,80,341,21,63
598,164711,251,13,68,341,23,46
599,164711,251,13,68,341,27,50
600,164726,251,21,68,341,33,52
601,689026,251,7,73,341,21,98
602,689050,251,11,93,341,31,100
603,951256,251,17,76,341,27,88
604,820372,251,3,70,341,17,57
605,427170,251,7,93,341,23,93
606,689339,251,1,61,341,15,50
607,427251,251,7,82,341,31,90
608,296334,251,11,79,341,31,57
609,165313,251,11,76,341,31,67
610,165373,251,1,85,341,21,58
611,951816,251,9,58,341,25,84
612,165391,251,7,81,341,23,66
613,689685,251,11,70,341,21,76
614,558618,251,13,88,341,27,77
615,165431,251,11,87,341,23,60
616,820800,251,1,79,341,25,60
617,165540,251,13,40,341,31,61
618,165540,251,21,59,341,31,61
619,820912,251,1,68,341,21,87
620,165577,251,21,89,341,43,71
621,689890,251,11,78,341,23,65
622,296695,251,11,79,341,23,67
623,821068,251,1,71,341,13,100
624,296865,251,21,87,341,29,91
625,427950,251,21,88,341,33,53
626,165826,251,15,90,341,27,64
627,428007,251,7,94,341,23,88
628,690183,251,7,76,341,21,67
629,952494,251,1,73,341,21,72
630,559393,251,11,98,341,31,100
631,952639,251,1,79,341,17,82
632,297285,251,11,77,341,31,59
633,821800,251,1,93,341,21,80
634,821809,251,1,79,341,7,72
635,821810,251,7,93,341,33,100
636,952972,251,3,88,341,13,60
637,297685,251,11,80,341,23,83
638,690974,251,13,50,341,31,68
639,822137,251,11,79,341,31,50
640,297917,251,7,95,341,27,99
641,429001,251,1,58,341,11,59
642,822260,251,11,74,341,23,69
643,691350,251,13,62,341,33,50
644,691350,251,13,62,341,41,59
645,691359,251,1,64,341,21,60
646,298316,251,11,56,341,25,69
648,691539,251,15,69,341,31,72
649,429401,251,1,62,341,13,57
650,822670,251,1,84,341,21,84
651,691665,251,11,84,341,23,68
652,429612,251,3,50,341,31,67
653,822875,251,7,77,341,23,77
654,298607,251,1,90,341,21,67
655,429712,251,11,65,341,31,61
656,954006,251,1,71,341,17,77
657,823053,251,13,75,341,33,61
658,954248,251,3,92,341,23,90
659,561100,251,9,54,341,31,67
660,823350,251,3,78,341,17,73
661,692319,251,7,80,341,11,73
662,692363,251,13,88,341,27,67
663,168125,251,11,92,341,23,94
664,954629,251,13,78,341,23,71
665,299287,251,13,66,341,27,63
666,430402,251,7,92,341,21,89
667,954700,251,1,77,341,21,65
668,692679,251,1,82,341,11,59
669,430643,251,7,84,341,27,86
670,168500,251,13,79,341,27,46
671,168500,251,13,79,341,33,69
672,823887,251,11,72,341,27,65
673,693007,251,11,68,341,23,55
674,168888,251,13,84,341,27,90
675,300174,251,1,92,341,11,65
676,169136,251,5,83,341,19,37
677,169136,251,5,83,341,21,50
678,169136,251,5,83,341,31,58
679,693452,251,13,83,341,27,80
680,169231,251,33,69,341,43,58
681,300369,251,7,83,341,21,54
682,562572,251,11,78,341,23,56
683,955808,251,7,63,341,27,75
684,169401,251,11,78,341,23,55
685,693742,251,1,79,341,13,78
686,824996,251,13,82,341,33,82
687,562886,251,13,94,341,33,89
688,694043,251,13,73,341,27,77
689,169772,251,13,83,341,27,80
690,956230,251,11,59,341,25,57
691,169987,251,13,60,341,41,62
692,563222,251,41,79,341,43,74
693,563252,251,3,88,341,23,66
694,170058,251,11,46,341,21,56
695,170058,251,13,79,341,21,56
696,432215,251,13,77,341,23,28
697,432215,251,13,77,341,57,29
698,432224,251,21,97,341,27,94
699,563305,251,11,63,341,31,72
700,432265,251,3,74,341,23,69
701,694446,251,13,80,341,33,73
702,170256,251,5,80,341,15,80
703,563507,251,11,72,341,23,70
704,694658,251,11,73,341,25,52
705,432556,251,1,64,341,21,73
706,694809,251,11,81,341,23,74
707,170527,251,13,86,341,21,82
708,825960,251,7,80,341,13,83
709,170677,251,13,83,341,27,74
710,432822,251,3,75,341,31,72
711,170690,251,1,93,341,13,95
712,170728,251,7,67,341,21,66
713,170904,251,13,70,341,33,62
714,433493,251,11,77,341,21,73
715,171363,251,3,98,341,21,100
716,564635,251,3,79,341,17,97
717,302788,251,1,72,341,17,71
718,564970,251,13,87,341,27,77
719,696053,251,1,58,341,21,66
720,958197,251,11,53,341,31,90
721,434052,251,11,79,341,23,68
722,958344,251,11,85,341,31,82
723,565332,251,1,58,341,21,57
724,172214,251,7,81,341,27,50
725,434487,251,11,79,341,23,68
726,827715,251,13,76,341,33,74
727,827970,251,13,95,341,31,95
728,959110,251,11,95,341,31,79
729,172708,251,7,86,341,21,78
730,828144,251,11,84,341,23,91
731,828202,251,9,44,341,19,63
732,828202,251,15,81,341,19,63
733,828267,251,11,75,341,23,51
734,959339,251,7,59,341,27,71
735,828405,251,11,84,341,31,71
736,304120,251,13,78,341,21,64
737,173087,251,21,71,341,31,68
738,697577,251,17,85,341,31,100
739,828649,251,1,82,341,11,77
740,173329,251,11,91,341,23,100
741,304558,251,13,85,341,27,57
742,566705,251,13,50,341,47,35
743,566705,251,13,50,341,51,43
744,566705,251,13,50,341,53,55
745,959934,251,13,78,341,27,74
746,304578,251,1,68,341,21,70
747,435670,251,11,89,341,27,96
748,959987,251,13,68,341,37,57
749,435703,251,11,89,341,23,93
750,697896,251,11,97,341,23,87
751,828971,251,13,86,341,33,68
752,566862,251,1,85,341,13,84
753,304800,251,33,82,341,41,70
754,173740,251,19,67,341,41,43
755,173740,251,19,67,341,55,43
756,304838,251,3,78,341,23,70
757,305072,251,7,98,341,27,98
758,305087,251,11,78,341,31,62
759,960530,251,13,71,341,27,74
761,829762,251,1,82,341,19,79
762,567658,251,7,62,341,31,80
763,567813,251,11,81,341,21,72
764,830000,251,1,71,341,21,85
765,436839,251,11,75,341,31,66
766,305770,251,11,55,341,43,61
767,961292,251,11,75,341,31,67
768,305970,251,11,84,341,23,95
769,961343,251,1,74,341,21,66
770,961399,251,11,95,341,21,86
771,699303,251,11,84,341,23,92
772,699310,251,13,81,341,33,80
773,175111,251,11,60,341,25,59
774,568353,251,13,42,341,41,63
775,568353,251,21,66,341,41,63
776,961568,251,11,76,341,31,54
777,830585,251,11,95,341,23,98
778,568477,251,13,71,341,27,78
779,961782,251,11,75,341,31,53
780,437503,251,11,68,341,25,71
781,699709,251,7,60,341,27,64
782,830783,251,13,50,341,33,68
783,568680,251,27,42,341,51,51
784,568680,251,33,79,341,51,51
785,437619,251,11,81,341,31,94
786,568698,251,5,75,341,31,100
787,961965,251,11,64,341,31,59
788,175584,251,1,84,341,21,80
789,306678,251,11,60,341,31,62
790,437764,251,13,79,341,33,81
791,175686,251,11,88,341,27,100
792,175724,251,3,46,341,17,52
793,175724,251,11,67,341,17,52
794,437907,251,27,58,341,33,61
795,306840,251,13,68,341,31,53
796,831219,251,11,28,341,25,64
798,306962,251,11,82,341,23,72
799,175970,251,1,74,341,17,74
800,962421,251,1,72,341,21,57
801,700327,251,13,76,341,27,67
802,831534,251,21,100,341,27,94
803,569396,251,17,72,341,27,68
804,438427,251,13,80,341,33,64
805,700582,251,3,65,341,23,69
806,831705,251,7,73,341,27,75
807,831735,251,1,70,341,21,71
808,569621,251,13,82,341,33,71
809,831941,251,7,80,341,27,90
810,963029,251,1,87,341,21,80
811,176665,251,11,69,341,31,58
812,569944,251,11,74,341,19,71
813,832180,251,11,77,341,21,63
814,307903,251,13,77,341,27,58
815,832304,251,13,86,341,27,74
816,701263,251,7,79,341,27,59
817,832340,251,17,83,341,23,70
818,963412,251,1,53,341,21,45
819,963412,251,1,53,341,27,71
820,439308,251,11,53,341,23,40
821,570398,251,11,88,341,31,84
822,177270,251,11,79,341,23,73
823,570491,251,11,77,341,31,80
824,177303,251,1,79,341,21,84
825,963760,251,13,75,341,33,70
826,177333,251,5,93,341,29,58
827,963785,251,11,90,341,31,86
828,177445,251,7,64,341,21,59
829,308855,251,13,92,341,33,86
830,439930,251,3,88,341,17,73
831,833210,251,1,71,341,21,77
832,702161,251,13,59,341,31,54
833,702201,251,1,79,341,21,66
834,309029,251,11,80,341,31,77
835,833590,251,17,73,341,47,43
836,702533,251,11,70,341,31,54
837,178264,251,7,73,341,33,56
838,440425,251,7,69,341,27,70
839,178415,251,13,89,341,33,81
840,964944,251,11,88,341,31,75
841,964997,251,11,63,341,17,67
842,702855,251,13,93,341,27,95
843,571796,251,7,77,341,27,64
844,178609,251,15,69,341,25,54
845,178728,251,1,80,341,7,76
846,571993,251,1,90,341,13,97
847,440941,251,1,80,341,11,86
848,309903,251,13,71,341,27,70
849,309996,251,1,82,341,21,72
850,572145,251,13,76,341,33,51
851,572231,251,1,94,341,15,87
852,310162,251,1,70,341,15,73
853,703675,251,11,84,341,21,70
854,965887,251,11,58,341,33,46
855,703751,251,13,83,341,33,69
856,310609,251,9,59,341,21,58
857,179629,251,11,78,341,23,73
858,441836,251,13,79,341,27,71
859,966157,251,11,59,341,41,60
860,180024,251,13,83,341,27,85
861,835449,251,17,80,341,31,71
862,311218,251,31,78,341,43,60
863,442320,251,9,75,341,31,78
864,442324,251,13,54,341,37,71
865,835564,251,13,76,341,33,66
866,966693,251,11,65,341,17,63
867,704802,251,11,83,341,31,40
868,966950,251,13,79,341,33,81
869,704831,251,13,70,341,33,79
870,180559,251,11,71,341,23,43
871,180559,251,11,71,341,33,70
872,573779,251,9,63,341,35,8
873,573779,251,9,63,341,39,75
874,180625,251,7,93,341,21,100
875,311798,251,3,82,341,21,98
876,311842,251,1,82,341,21,67
877,967238,251,1,59,341,27,74
878,574051,251,1,82,341,21,82
879,967409,251,13,71,341,33,46
880,967409,251,13,71,341,41,73
881,967500,251,17,51,341,51,60
882,967500,251,31,56,341,51,60
883,312164,251,11,64,341,23,75
884,967592,251,1,87,341,15,91
885,181332,251,13,79,341,27,65
886,574548,251,9,83,341,15,63
888,574721,251,9,66,341,19,40
889,443657,251,11,74,341,21,68
890,574772,251,3,73,341,21,69
891,443708,251,11,93,341,23,82
892,836955,251,13,82,341,33,72
893,181761,251,11,39,341,37,42
894,181761,251,11,39,341,41,57
895,181761,251,13,64,341,37,42
896,181761,251,13,64,341,41,57
897,837135,251,13,87,341,27,72
898,837314,251,11,59,341,31,64
899,837331,251,21,70,341,33,58
900,313105,251,11,65,341,31,58
901,313361,251,1,69,341,7,87
902,575590,251,9,75,341,21,90
903,575695,251,11,78,341,31,73
904,313567,251,1,81,341,21,72
905,706794,251,7,72,341,21,64
906,313726,251,1,81,341,21,62
907,313781,251,11,84,341,31,95
908,838142,251,11,91,341,31,94
909,576188,251,3,83,341,21,84
910,838344,251,7,74,341,31,71
911,969552,251,11,89,341,21,58
912,445348,251,11,87,341,31,74
913,445380,251,13,90,341,27,87
914,838602,251,11,60,341,31,59
915,445431,251,11,80,341,31,95
916,576550,251,11,76,341,19,69
917,707629,251,13,86,341,47,54
918,576712,251,13,61,341,27,54
919,314716,251,1,78,341,21,67
920,445790,251,11,67,341,31,67
921,445827,251,1,72,341,21,64
922,445831,251,1,71,341,21,68
923,314806,251,1,64,341,7,65
924,970283,251,11,63,341,23,68
925,315048,251,11,65,341,21,55
926,708323,251,11,80,341,21,73
927,577330,251,11,78,341,23,61
928,970589,251,1,75,341,21,76
929,446423,251,13,74,341,27,66
930,446440,251,11,94,341,23,77
931,970736,251,13,80,341,33,76
932,184336,251,13,81,341,33,80
933,577553,251,17,82,341,23,72
934,577555,251,13,96,341,27,100
935,577594,251,13,77,341,33,57
936,577618,251,9,63,341,29,64
937,315523,251,13,71,341,33,56
938,184522,251,11,90,341,23,88
939,708867,251,3,94,341,17,96
940,315787,251,11,75,341,31,68
941,315884,251,3,57,341,21,51
942,971247,251,13,87,341,33,86
943,184825,251,17,83,341,37,72
944,709140,251,13,73,341,27,50
945,316009,251,3,74,341,21,56
947,316033,251,13,64,341,23,67
948,447139,251,13,70,341,33,76
949,971438,251,13,75,341,21,41
950,971438,251,13,75,341,23,56
951,578277,251,13,66,341,41,74
952,185080,251,31,58,341,35,54
953,709403,251,11,77,341,21,61
954,971616,251,1,44,341,21,55
955,971616,251,7,66,341,21,55
956,709537,251,1,76,341,31,83
957,840768,251,11,66,341,19,56
958,447575,251,3,62,341,31,77
959,709876,251,3,100,341,21,100
960,316681,251,11,61,341,23,66
961,185693,251,11,85,341,23,54
962,316801,251,11,82,341,31,72
963,185885,251,9,59,341,15,58
964,841260,251,11,88,341,23,82
965,317022,251,1,71,341,21,68
966,317057,251,13,69,341,21,59
967,972460,251,11,71,341,31,66
968,186041,251,13,87,341,33,75
969,841534,251,13,69,341,33,87
970,841605,251,13,52,341,41,59
971,579481,251,11,62,341,23,63
972,186289,251,7,87,341,27,84
973,317376,251,3,74,341,13,72
974,972785,251,7,84,341,17,90
976,579612,251,3,82,341,13,64
977,448579,251,7,89,341,27,99
978,448596,251,1,79,341,21,90
979,973110,251,3,87,341,13,72
980,317770,251,11,91,341,23,74
981,448964,251,13,71,341,33,71
982,973262,251,1,85,341,19,68
983,186926,251,7,77,341,13,50
984,318056,251,11,67,341,31,68
985,711314,251,11,93,341,23,100
986,973582,251,11,64,341,21,53
987,973582,251,11,64,341,31,65
988,842542,251,9,67,341,35,69
989,318260,251,7,56,341,21,61
990,580428,251,13,81,341,27,79
991,580539,251,11,85,341,31,98
992,973827,251,13,67,341,33,72
993,449627,251,11,62,341,21,63
994,842889,251,11,78,341,31,52
996,318668,251,11,59,341,31,54
997,580819,251,11,77,341,23,79
998,449767,251,11,74,341,23,50
999,843003,251,13,74,341,23,72
1000,318789,251,19,57,341,31,65
1001,187751,251,3,80,341,23,94
1002,187777,251,1,88,341,21,88
1003,580993,251,17,75,341,31,81
1004,843205,251,11,82,341,23,67
1005,581104,251,11,79,341,53,83
1006,712223,251,9,66,341,15,63
1008,319082,251,11,69,341,23,57
1009,712311,251,13,44,341,43,53
1010,712311,251,21,64,341,43,53
1011,450211,251,13,72,341,33,38
1012,450211,251,13,72,341,41,65
1013,188091,251,13,65,341,33,79
1014,712389,251,1,72,341,13,76
1015,581318,251,1,80,341,21,91
1016,974586,251,21,77,341,41,60
1017,450405,251,13,79,341,33,88
1018,450477,251,11,81,341,31,58
1019,843737,251,9,35,341,31,80
1020,843737,251,11,60,341,31,80
1021,974848,251,1,95,341,21,84
1022,450561,251,7,60,341,31,60
1023,712756,251,13,77,341,27,75
1024,974916,251,11,83,341,21,61
1025,712795,251,13,79,341,33,42
1026,712795,251,13,79,341,43,61
1027,974948,251,1,66,341,21,60
1028,712859,251,1,73,341,21,75
1029,581795,251,21,88,341,27,70
1030,975011,251,7,95,341,23,87
1031,843983,251,3,83,341,17,67
1032,581912,251,9,69,341,15,70
1033,975145,251,13,76,341,27,63
1034,975230,251,13,84,341,27,93
1035,975355,251,3,54,341,23,65
1036,189009,251,13,85,341,27,76
1037,320136,251,1,86,341,21,100
1038,189073,251,11,85,341,23,71
1039,451429,251,9,27,341,21,62
1040,451429,251,15,83,341,21,62
1041,844796,251,13,81,341,27,66
1042,713858,251,11,68,341,41,50
1043,713905,251,3,87,341,17,75
1044,320713,251,1,92,341,21,100
1045,189719,251,11,80,341,23,64
1046,714011,251,11,84,341,31,62
1047,582947,251,11,86,341,27,86
1048,583065,251,13,68,341,27,60
1049,189867,251,21,64,341,43,58
1050,845250,251,11,91,341,31,67
1053,321069,251,13,71,341,37,61
1054,845404,251,11,80,341,21,87
1055,583552,251,11,64,341,31,74
1056,714635,251,1,86,341,21,81
1057,976874,251,1,77,341,23,86
1058,976944,251,3,71,341,21,57
1059,976970,251,13,53,341,43,52
1060,190900,251,11,83,341,21,78
1061,190969,251,11,60,341,31,63
1062,977405,251,11,68,341,23,58
1063,584199,251,3,83,341,23,70
1064,191006,251,17,75,341,47,74
1065,322092,251,7,62,341,27,46
1066,322092,251,7,62,341,33,68
1067,846387,251,11,81,341,21,83
1068,584309,251,3,72,341,17,68
1069,584313,251,7,62,341,33,61
1070,453280,251,13,70,341,27,70
1071,191192,251,1,89,341,13,70
1072,453383,251,11,82,341,21,79
1073,977723,251,3,56,341,17,78
1074,322383,251,11,66,341,21,66
1075,846692,251,3,74,341,23,50
1076,584571,251,13,89,341,33,61
1077,584625,251,13,69,341,41,58
1078,322491,251,11,73,341,23,46
1079,322491,251,11,73,341,31,55
1080,191544,251,13,69,341,33,73
1081,453691,251,3,79,341,17,76
1082,453710,251,13,80,341,33,83
1083,978148,251,11,79,341,31,66
1084,847173,251,11,76,341,23,50
1085,978306,251,1,65,341,21,63
1086,716203,251,13,83,341,27,79
1087,847409,251,13,72,341,27,69
1088,716353,251,13,68,341,33,70
1089,323152,251,3,100,341,11,91
1090,454225,251,13,82,341,41,63
1091,192215,251,11,84,341,31,64
1092,192242,251,7,92,341,27,94
1093,192279,251,1,81,341,21,65
1094,323398,251,9,62,341,29,58
1095,847754,251,13,91,341,27,87
1096,978848,251,1,89,341,19,84
1097,978876,251,13,86,341,27,82
1098,978948,251,11,82,341,37,64
1099,323602,251,7,68,341,31,50
1100,192645,251,1,51,341,15,71
1101,192756,251,11,70,341,23,60
1102,717056,251,1,93,341,13,68
1103,455006,251,13,46,341,21,62
1105,848348,251,13,76,341,27,96
1106,455139,251,1,75,341,21,63
1107,586217,251,9,70,341,21,68
1108,586296,251,7,66,341,27,68
1109,848494,251,1,80,341,13,50
1110,586388,251,1,65,341,21,59
1111,979691,251,3,80,341,17,85
1112,717587,251,11,72,341,23,52
1113,848930,251,21,81,341,33,65
1115,980169,251,1,74,341,21,68
1116,324824,251,21,74,341,33,76
1117,586994,251,3,83,341,21,81
1118,324856,251,11,76,341,23,43
1119,324856,251,11,76,341,31,70
1120,324920,251,11,64,341,31,52
1121,849449,251,21,60,341,27,57
1122,456259,251,1,61,341,21,58
1123,456290,251,1,82,341,13,51
1124,194153,251,13,89,341,27,95
1125,718511,251,1,83,341,21,78
1126,325448,251,11,91,341,31,90
1127,980878,251,1,66,341,17,64
1129,587720,251,23,57,341,31,67
1130,587764,251,11,59,341,31,72
1131,981072,251,11,65,341,25,65
1132,587957,251,11,38,341,31,58
1133,587957,251,17,84,341,31,58
1134,194747,251,7,74,341,21,82
1135,194810,251,23,86,341,31,99
1136,456955,251,13,59,341,33,68
1137,325900,251,7,61,341,21,64
1138,456977,251,7,81,341,27,68
1139,456981,251,11,86,341,23,71
1140,719166,251,7,93,341,27,85
1141,719326,251,3,74,341,23,65
1142,850492,251,1,78,341,21,81
1143,457322,251,11,88,341,31,93
1144,981625,251,11,82,341,23,75
1145,326304,251,11,74,341,21,37
1146,326304,251,11,74,341,31,76
1147,457784,251,1,80,341,21,70
1148,719980,251,11,75,341,31,67
1149,982135,251,11,76,341,13,68
1150,982159,251,11,53,341,23,70
1151,851119,251,1,78,341,21,73
1152,851141,251,13,69,341,27,50
1153,195878,251,13,90,341,33,92
1154,327083,251,11,71,341,31,70
1155,589263,251,13,82,341,27,70
1156,851409,251,1,88,341,9,79
1157,196125,251,13,55,341,43,50
1158,196135,251,11,80,341,23,84
1159,196170,251,13,70,341,27,43
1160,196170,251,13,70,341,33,63
1161,458364,251,13,93,341,43,59
1162,327443,251,11,82,341,23,74
1163,458552,251,1,84,341,21,53
1164,983146,251,13,84,341,27,78
1165,589943,251,13,83,341,33,72
1166,589976,251,11,80,341,31,87
1167,327843,251,1,60,341,21,51
1168,721141,251,13,75,341,33,86
1169,983330,251,15,77,341,31,64
1170,327978,251,11,71,341,23,68
1171,328033,251,53,77,341,61,65
1172,328052,251,1,73,341,11,58
1173,721302,251,3,75,341,31,64
1174,328123,251,11,72,341,23,75
1175,590285,251,13,62,341,27,63
1176,852494,251,1,92,341,11,100
1177,983567,251,11,98,341,23,86
1178,197205,251,11,79,341,21,65
1179,459420,251,1,71,341,21,69
1180,721569,251,11,78,341,31,73
1181,852690,251,13,76,341,27,69
1182,459539,251,7,76,341,27,67
1183,983879,251,11,74,341,23,50
1184,197566,251,7,78,341,21,71
1185,591043,251,7,73,341,17,75
1186,197881,251,11,55,341,23,73
1187,853309,251,1,77,341,19,50
1188,460134,251,1,57,341,21,74
1189,460185,251,13,80,341,33,86
1190,460210,251,9,45,341,21,65
1191,460210,251,11,65,341,21,65
1192,329175,251,13,72,341,33,66
1193,460307,251,13,78,341,23,72
1194,329242,251,7,81,341,17,16
1195,984759,251,13,85,341,33,83
1196,853796,251,11,88,341,23,79
1197,198444,251,7,95,341,27,100
1198,854095,251,13,70,341,27,59
1199,198769,251,11,62,341,25,63
1200,460960,251,13,88,341,27,56
1201,461072,251,7,85,341,31,82
1202,330040,251,11,75,341,23,77
1203,330046,251,13,75,341,33,78
1204,723294,251,1,88,341,21,77
1205,592238,251,17,75,341,23,78
1206,199112,251,13,82,341,23,73
1207,854705,251,3,82,341,23,69
1208,723806,251,13,80,341,33,50
1209,461704,251,11,83,341,31,92
1210,330648,251,1,72,341,21,86
1211,592822,251,1,58,341,27,66
1212,854990,251,1,87,341,15,79
1213,986152,251,7,79,341,27,86
1214,986211,251,11,70,341,31,85
1215,986213,251,1,87,341,13,77
1216,724257,251,21,71,341,41,62
1217,855333,251,11,62,341,21,55
1218,986434,251,1,69,341,17,83
1219,462158,251,1,83,341,21,64
1220,855390,251,1,79,341,21,94
1221,724341,251,7,81,341,33,57
1222,200101,251,11,55,341,31,75
1223,462370,251,13,71,341,21,69
1224,986672,251,13,78,341,33,91
1225,200326,251,11,81,341,23,88
1226,462530,251,1,74,341,13,63
1227,986829,251,9,76,341,21,69
1228,200422,251,11,85,341,21,89
1229,724718,251,1,84,341,13,57
1230,855793,251,11,82,341,31,80
1231,200458,251,1,73,341,21,55
1232,331557,251,11,68,341,17,69
1233,986951,251,11,64,341,25,53
1234,855932,251,11,76,341,21,86
1235,331770,251,13,77,341,33,59
1236,594032,251,11,38,341,31,58
1237,594032,251,17,81,341,31,58
1238,331919,251,3,83,341,17,75
1239,725315,251,13,76,341,33,76
1240,201045,251,3,83,341,21,83
1241,987479,251,13,66,341,23,80
1242,332142,251,13,77,341,33,67
1243,463242,251,13,81,341,33,68
1244,725474,251,7,82,341,27,78
1245,463388,251,13,90,341,37,81
1246,725587,251,1,75,341,13,70
1247,332385,251,13,78,341,37,95
1248,332396,251,3,63,341,17,66
1249,987777,251,11,63,341,23,60
1250,725641,251,1,81,341,21,75
1251,594720,251,13,79,341,33,72
1252,463651,251,11,65,341,23,87
1253,463773,251,9,73,341,21,84
1254,857058,251,13,63,341,21,62
1255,463990,251,11,71,341,21,57
1256,988309,251,1,94,341,21,85
1257,857379,251,11,68,341,23,68
1258,726322,251,1,80,341,21,70
1259,988567,251,13,80,341,23,72
1260,202136,251,13,72,341,21,67
1261,595358,251,3,70,341,21,64
1262,595424,251,7,68,341,21,54
1263,464418,251,1,77,341,21,60
1264,464421,251,3,96,341,17,97
1265,988805,251,11,63,341,37,52
1266,464520,251,11,90,341,31,73
1267,595834,251,11,87,341,23,64
1268,726915,251,15,63,341,25,62
1269,858006,251,13,79,341,31,86
1270,595921,251,7,71,341,21,51
1271,989166,251,13,69,341,33,68
1272,595955,251,13,72,341,41,63
1273,333837,251,11,57,341,31,60
1274,333878,251,11,82,341,21,67
1275,727097,251,11,75,341,23,89
1276,464961,251,11,50,341,31,56
1277,464999,251,1,73,341,21,70
1278,858225,251,1,69,341,19,88
1280,858284,251,13,78,341,27,66
1281,596203,251,11,89,341,31,70
1282,334070,251,11,77,341,31,56
1283,465152,251,1,56,341,21,57
1284,465175,251,7,83,341,17,74
1285,596380,251,1,84,341,21,65
1286,858664,251,7,55,341,33,33
1287,858664,251,7,55,341,41,37
1288,858664,251,7,55,341,43,50
1289,858664,251,13,88,341,33,33
1290,858664,251,13,88,341,41,37
1291,858664,251,13,88,341,43,50
1292,858707,251,11,54,341,21,62
1293,465896,251,3,69,341,11,56
1294,990194,251,1,72,341,11,94
1295,990337,251,13,82,341,33,74
1296,859304,251,11,82,341,31,75
1297,728256,251,1,72,341,21,75
1298,728283,251,1,55,341,17,64
1299,204078,251,3,58,341,23,85
1300,204094,251,17,72,341,23,50
1301,859548,251,13,64,341,33,50
1302,335262,251,11,77,341,23,68
1303,859678,251,11,80,341,23,68
1304,859699,251,9,44,341,21,56
1305,859699,251,15,90,341,21,56
1306,990822,251,9,50,341,25,60
1307,204476,251,11,73,341,23,66
1308,859930,251,1,70,341,21,76
1309,728898,251,11,75,341,23,80
1310,991087,251,1,80,341,21,69
1311,204674,251,13,46,341,31,63
1312,204674,251,21,56,341,31,63
1313,991243,251,11,85,341,21,85
1314,336023,251,1,66,341,27,62
1315,205043,251,11,62,341,31,52
1316,860468,251,13,91,341,27,94
1317,991696,251,11,83,341,37,81
1318,598481,251,13,91,341,33,61
1319,598574,251,27,81,341,33,89
1320,729651,251,13,60,341,33,51
1321,860920,251,11,59,341,31,58
1322,598805,251,13,73,341,23,42
1323,467787,251,11,89,341,31,99
1324,205764,251,13,67,341,41,63
1325,730056,251,7,78,341,27,80
1326,861177,251,1,71,341,27,78
1327,861190,251,1,56,341,21,64
1328,337130,251,11,81,341,21,87
1329,599298,251,13,80,341,33,74
1330,992622,251,21,73,341,41,64
1331,992766,251,13,68,341,27,51
1332,206379,251,3,62,341,23,75
1333,337524,251,1,72,341,21,65
1334,468600,251,5,80,341,11,75
1335,206528,251,3,70,341,17,85
1336,599796,251,1,84,341,21,72
1337,468781,251,13,89,341,33,88
1338,731009,251,1,93,341,21,83
1339,206730,251,3,84,341,21,69
1340,993216,251,13,81,341,27,74
1341,206799,251,13,68,341,31,51
1342,468945,251,11,84,341,23,66
1343,337892,251,9,74,341,29,92
1344,731136,251,13,56,341,33,58
1345,337955,251,1,75,341,13,87
1346,206906,251,11,80,341,21,87
1347,731229,251,13,69,341,33,62
1348,862319,251,1,85,341,21,77
1349,206966,251,3,77,341,23,58
1350,206978,251,7,96,341,21,79
1351,600205,251,7,46,341,25,59
1352,600205,251,11,69,341,25,59
1353,862353,251,3,87,341,17,74
1354,206996,251,1,73,341,21,88
1355,338114,251,17,90,341,43,83
1356,469242,251,11,76,341,31,70
1357,338314,251,11,74,341,31,62
1358,731538,251,1,66,341,11,52
1359,469473,251,9,89,341,19,85
1360,862759,251,11,95,341,23,88
1361,862804,251,17,85,341,31,74
1362,469609,251,1,87,341,21,91
1363,600719,251,1,79,341,21,80
1364,993946,251,11,89,341,23,90
1365,600744,251,3,78,341,31,64
1366,731918,251,11,62,341,21,67
1367,994105,251,13,86,341,33,69
1368,207735,251,13,100,341,27,83
1369,469921,251,1,79,341,13,70
1370,863151,251,13,59,341,27,70
1371,207804,251,11,75,341,31,81
1372,732162,251,1,88,341,21,73
1373,207934,251,3,92,341,13,93
1374,994504,251,11,97,341,23,100
1375,601356,251,17,71,341,33,82
1376,470315,251,21,51,341,33,70
1377,732693,251,13,76,341,27,83
1378,863783,251,11,76,341,21,67
1379,994897,251,13,84,341,27,80
1380,470742,251,7,87,341,21,57
1381,601961,251,1,80,341,21,76
1382,208770,251,1,88,341,21,98
1383,471017,251,11,64,341,17,45
1384,471017,251,11,64,341,23,63
1385,471025,251,11,57,341,29,77
1386,995406,251,11,77,341,31,72
1387,602193,251,13,71,341,27,86
1388,471336,251,21,67,341,33,59
1389,864581,251,13,67,341,31,59
1390,995654,251,11,84,341,31,87
1391,864692,251,1,71,341,21,80
1392,995797,251,3,81,341,23,70
1393,209462,251,11,89,341,31,80
1394,733831,251,11,66,341,31,77
1395,602838,251,1,54,341,27,70
1396,209764,251,15,79,341,21,65
1397,209846,251,3,74,341,21,55
1398,865304,251,1,79,341,17,81
1399,472265,251,11,81,341,23,78
1400,996570,251,1,73,341,25,78
1401,603374,251,3,70,341,27,51
1402,341241,251,11,79,341,17,80
1403,734472,251,13,65,341,31,57
1404,472339,251,13,69,341,33,62
1405,603463,251,11,66,341,53,58
1406,865618,251,17,79,341,21,73
1407,603550,251,21,91,341,33,71
1408,341410,251,11,84,341,23,80
1409,210526,251,13,87,341,33,57
1410,996959,251,3,100,341,11,100
1411,210543,251,11,72,341,31,60
1412,603786,251,11,68,341,27,55
1413,210593,251,11,76,341,23,72
1414,603848,251,1,77,341,21,83
1415,210747,251,13,87,341,33,92
1416,866120,251,1,61,341,21,64
1417,472989,251,1,87,341,13,90
1418,997298,251,11,98,341,21,95
1419,604300,251,11,84,341,31,67
1420,604348,251,1,90,341,21,93
1421,342216,251,1,67,341,21,68
1422,604412,251,11,68,341,21,55
1423,735525,251,13,75,341,27,78
1424,473457,251,11,60,341,31,71
1425,604538,251,13,67,341,57,58
1426,604831,251,1,71,341,31,75
1427,342857,251,11,91,341,31,100
1428,605062,251,3,82,341,21,70
1429,342945,251,1,74,341,13,93
1430,998433,251,7,72,341,21,60
1431,212027,251,13,76,341,33,64
1432,343120,251,1,66,341,21,57
1433,867485,251,1,76,341,15,84
1434,605447,251,17,75,341,27,60
1435,343377,251,7,79,341,33,68
1436,212338,251,11,53,341,23,64
1437,605558,251,7,99,341,27,100
1438,998861,251,5,68,341,19,38
1439,998861,251,5,68,341,39,52
1440,867813,251,1,74,341,21,55
1441,998904,251,1,64,341,21,84
1442,736761,251,13,70,341,27,71
1443,998981,251,7,57,341,27,58
1444,999029,251,11,92,341,23,96
1445,212602,251,11,84,341,21,71
1446,605820,251,1,91,341,11,98
1447,736895,251,11,63,341,37,65
1448,474754,251,13,86,341,27,71
1449,736900,251,13,66,341,33,69
1450,605864,251,11,82,341,31,61
1451,736998,251,11,90,341,31,88
1452,343799,251,13,63,341,33,55
1453,343902,251,33,55,341,47,50
1454,212921,251,1,78,341,25,74
1455,475101,251,21,77,341,41,64
1456,344060,251,11,64,341,43,67
1457,213015,251,1,78,341,13,66
1458,475198,251,7,53,341,23,70
1459,475199,251,11,58,341,25,78
1460,475271,251,3,93,341,17,95
1461,475295,251,11,80,341,23,64
1462,737440,251,11,61,341,37,62
1463,213192,251,11,67,341,31,66
1464,868628,251,1,89,341,7,81
1465,868666,251,23,72,341,33,50
1466,868699,251,11,76,341,17,67
1467,737879,251,11,84,341,23,92
1468,475829,251,11,74,341,31,78
1469,738051,251,21,85,341,33,63
1470,475963,251,13,96,341,33,100
1471,738198,251,13,83,341,27,83
1472,738234,251,13,78,341,27,73
1473,738241,251,11,80,341,31,77
1474,476255,251,11,78,341,21,80
1475,738415,251,7,72,341,21,98
1476,869491,251,1,75,341,13,69
1477,214155,251,13,84,341,27,68
1478,476353,251,13,83,341,33,87
1479,214339,251,1,82,341,21,53
1480,607575,251,7,74,341,17,71
1481,476535,251,7,60,341,27,72
1482,476552,251,3,82,341,23,90
1483,476637,251,11,63,341,27,53
1484,345603,251,17,81,341,37,61
1485,607778,251,1,86,341,13,87
1486,345811,251,11,75,341,23,43
1487,345811,251,11,75,341,37,85
1488,870223,251,13,91,341,33,82
1489,345971,251,17,90,341,23,79
1490,214974,251,13,59,341,41,70
1491,739278,251,1,87,341,13,67
1492,215026,251,11,50,341,31,60
1493,346194,251,17,75,341,31,60
1494,215186,251,21,98,341,27,76
1495,739497,251,11,59,341,31,51
1496,739505,251,13,85,341,33,62
1497,215233,251,11,82,341,23,77
1498,477636,251,11,55,341,27,81
1499,346601,251,13,70,341,27,70
1500,871139,251,1,78,341,21,73
1501,346876,251,11,69,341,31,65
1502,215857,251,1,81,341,21,62
1503,478067,251,13,73,341,33,68
1504,216073,251,13,85,341,27,69
1505,609338,251,13,94,341,23,97
1506,347233,251,7,64,341,21,60
1507,871591,251,11,76,341,31,86
1508,871671,251,9,62,341,29,38
1509,347473,251,13,90,341,33,72
1510,609737,251,3,71,341,23,50
1511,609843,251,11,59,341,21,65
1512,741084,251,11,32,341,23,55
1513,741084,251,17,78,341,23,55
1514,347905,251,11,59,341,27,73
1515,872245,251,1,86,341,7,83
1516,741351,251,11,82,341,23,81
1517,217088,251,17,84,341,33,67
1518,348184,251,11,72,341,31,58
1519,479549,251,11,68,341,21,64
1520,479916,251,11,79,341,37,83
1521,479959,251,13,69,341,27,71
1522,348993,251,11,81,341,31,91
1523,348995,251,23,82,341,31,75
1524,611330,251,11,84,341,31,86
1525,218335,251,1,77,341,21,78
1526,349591,251,1,84,341,13,68
1527,742868,251,11,73,341,23,53
1528,873948,251,1,65,341,13,54
1529,349725,251,5,69,341,15,61
1530,742951,251,9,56,341,25,50
1531,742965,251,21,70,341,33,86
1532,743057,251,11,73,341,31,74
1533,743295,251,21,86,341,33,67
1534,481224,251,1,81,341,21,59
1535,612404,251,1,86,341,7,83
1536,219195,251,1,75,341,21,76
1537,350328,251,13,64,341,33,78
1538,874681,251,3,91,341,27,97
1539,219457,251,11,66,341,31,65
1540,743900,251,13,85,341,31,69
1541,874976,251,13,68,341,41,5
1542,874976,251,13,68,341,43,32
1543,874976,251,13,68,341,47,57
1544,612889,251,11,79,341,31,61
1545,744019,251,7,79,341,33,90
1546,481876,251,13,88,341,27,70
1547,219758,251,7,61,341,17,67
1548,481904,251,21,62,341,23,44
1549,481904,251,21,62,341,31,70
1550,219874,251,3,81,341,21,75
1551,219884,251,7,82,341,27,70
1552,350973,251,1,66,341,21,69
1553,613199,251,11,86,341,33,74
1554,744326,251,11,50,341,43,39
1555,744326,251,11,50,341,51,40
1556,744326,251,11,50,341,53,46
1557,744326,251,11,50,341,57,61
1558,744326,251,23,71,341,43,39
1559,744326,251,23,71,341,51,40
1560,744326,251,23,71,341,53,46
1561,744326,251,23,71,341,57,61
1562,613418,251,11,80,341,37,64
1563,875633,251,31,64,341,37,74
1564,351376,251,5,68,341,19,41
1565,351376,251,5,68,341,25,64
1566,351450,251,13,65,341,41,50
1567,613828,251,11,44,341,37,65
1568,613828,251,17,83,341,37,65
1569,351725,251,17,94,341,27,88
1570,220703,251,1,74,341,11,79
1571,351790,251,1,60,341,21,56
1572,220720,251,21,98,341,33,100
1573,745016,251,11,54,341,21,75
1574,613958,251,3,80,341,17,78
1575,613961,251,1,83,341,21,88
1576,482890,251,3,58,341,21,75
1577,351962,251,11,94,341,31,91
1578,351971,251,1,94,341,15,83
1579,352096,251,1,72,341,21,74
1580,483181,251,13,70,341,33,68
1581,352137,251,1,72,341,21,73
1582,483216,251,11,51,341,23,76
1583,876448,251,1,77,341,21,88
1584,483239,251,11,67,341,23,52
1585,876498,251,13,62,341,27,78
1586,614383,251,11,89,341,31,81
1587,483364,251,11,69,341,21,61
1588,221274,251,1,87,341,25,75
1589,352470,251,1,71,341,21,67
1590,877331,251,1,77,341,13,64
1591,746323,251,9,79,341,29,62
1592,484317,251,11,70,341,23,81
1593,615617,251,11,65,341,23,66
1594,484692,251,1,92,341,15,78
1595,746859,251,3,66,341,13,65
1596,222612,251,3,58,341,27,73
1597,353699,251,11,80,341,23,83
1598,353817,251,11,63,341,21,72
1599,222861,251,11,92,341,23,73
1600,878423,251,7,85,341,23,60
1601,616318,251,3,78,341,23,65
1602,878579,251,13,62,341,27,74
1603,223242,251,13,70,341,27,74
1604,354374,251,13,68,341,33,51
1605,747635,251,1,94,341,21,88
1606,747686,251,11,50,341,33,63
1607,485739,251,11,78,341,23,64
1608,616836,251,13,80,341,33,63
1609,616845,251,11,70,341,31,76
1610,616953,251,13,73,341,33,66
1611,879176,251,1,81,341,13,80
1612,223825,251,11,77,341,23,86
1614,748196,251,7,73,341,23,80
1615,879301,251,7,87,341,21,79
1616,355015,251,1,84,341,13,60
1617,486118,251,17,88,341,31,72
1618,879361,251,3,81,341,17,61
1619,355306,251,11,61,341,23,62
1620,224284,251,13,87,341,27,50
1621,486498,251,1,69,341,13,57
1622,224408,251,13,77,341,27,57
1623,355480,251,13,83,341,27,81
1624,879791,251,1,77,341,13,71
1625,224540,251,11,73,341,23,64
1626,355687,251,13,75,341,27,52
1627,486792,251,11,82,341,23,68
1628,486892,251,11,59,341,31,51
1629,224802,251,7,63,341,23,50
1630,880321,251,7,78,341,33,77
1631,224963,251,13,80,341,41,66
1632,487109,251,1,57,341,25,70
1633,749303,251,11,79,341,23,59
1634,749370,251,11,56,341,23,71
1635,618350,251,13,80,341,33,56
1636,487313,251,13,76,341,31,76
1637,618429,251,11,79,341,23,33
1638,618429,251,11,79,341,43,50
1639,749621,251,1,78,341,13,74
1640,225543,251,15,60,341,29,71
1641,487698,251,13,46,341,33,55
1643,880921,251,1,84,341,21,82
1644,618936,251,7,84,341,13,73
1645,619201,251,13,71,341,21,66
1646,619241,251,13,75,341,21,79
1647,357098,251,1,73,341,13,65
1648,881437,251,11,52,341,17,85
1649,488245,251,7,85,341,27,34
1650,488245,251,7,85,341,43,61
1651,488286,251,11,69,341,31,83
1652,226187,251,21,70,341,41,59
1653,881730,251,3,92,341,17,74
1654,881818,251,21,75,341,43,80
1655,881832,251,23,59,341,43,52
1656,488753,251,11,74,341,31,55
1657,226648,251,3,72,341,21,63
1658,488815,251,23,74,341,41,54
1659,619897,251,13,67,341,43,69
1660,882074,251,11,84,341,27,73
1661,751003,251,17,94,341,27,87
1662,488886,251,11,78,341,35,72
1663,489094,251,1,81,341,13,84
1664,882555,251,11,69,341,31,86
1665,620429,251,1,96,341,21,100
1666,620507,251,13,72,341,27,72
1667,358392,251,11,87,341,21,62
1668,751616,251,3,85,341,21,74
1669,358439,251,13,86,341,33,86
1670,358597,251,13,86,341,27,96
1671,489837,251,13,82,341,27,71
1672,227710,251,1,89,341,17,50
1673,227834,251,7,92,341,21,69
1674,227964,251,11,68,341,23,50
1675,621205,251,1,60,341,21,42
1676,228065,251,11,74,341,23,70
1677,359156,251,17,86,341,23,81
1678,883450,251,15,54,341,31,65
1679,490250,251,21,55,341,41,53
1680,490343,251,11,77,341,23,67
1681,490343,251,11,77,341,31,86
1682,490394,251,13,78,341,27,75
1683,228343,251,1,59,341,21,67
1684,752642,251,13,57,341,33,62
1685,359475,251,11,69,341,23,45
1686,359475,251,11,69,341,31,71
1687,621636,251,7,77,341,23,93
1688,883885,251,11,64,341,21,51
1689,228641,251,13,84,341,31,30
1690,753021,251,15,69,341,25,72
1691,228896,251,11,66,341,31,62
1692,491142,251,11,68,341,23,29
1693,229007,251,11,64,341,31,37
1694,229007,251,11,64,341,37,44
1695,229007,251,11,64,341,43,72
1696,360153,251,11,86,341,31,70
1697,491236,251,11,50,341,31,55
1698,884453,251,1,81,341,21,76
1699,229128,251,1,88,341,21,79
1700,491431,251,13,76,341,31,65
1701,229325,251,13,82,341,27,68
1702,229365,251,13,57,341,33,67
1703,360509,251,7,61,341,21,52
1704,884848,251,1,73,341,21,68
1705,491648,251,7,72,341,27,35
1706,491648,251,7,72,341,41,65
1707,360593,251,11,65,341,21,67
1708,622740,251,13,77,341,21,71
1709,885022,251,11,61,341,31,65
1710,491868,251,13,66,341,33,74
1711,622976,251,21,58,341,43,52
1712,360949,251,11,75,341,31,61
1713,623146,251,9,54,341,35,57
1715,754307,251,11,45,341,25,67
1716,754307,251,17,60,341,25,67
1717,623395,251,1,61,341,21,52
1718,361253,251,17,71,341,23,44
1719,361253,251,17,71,341,37,50
1720,885592,251,11,55,341,23,63
1721,230295,251,11,89,341,17,85
1722,885705,251,7,73,341,17,63
1723,361513,251,7,91,341,13,90
1724,230455,251,7,54,341,21,69
1725,230485,251,1,71,341,21,72
1726,492695,251,11,81,341,37,66
1727,492712,251,11,59,341,31,53
1728,230640,251,1,85,341,21,66
1729,230760,251,17,75,341,31,73
1730,624168,251,1,86,341,17,78
1731,493125,251,17,76,341,23,74
1732,231018,251,15,71,341,25,58
1733,493191,251,13,83,341,27,63
1734,755336,251,7,77,341,21,84
1735,362142,251,11,66,341,31,59
1737,100134,251,13,81,341,33,61
1738,755603,251,13,68,341,33,75
1739,755625,251,1,72,341,21,43
1740,755625,251,1,72,341,25,63
1741,886834,251,11,90,341,23,36
1742,886834,251,11,90,341,31,72
1743,362557,251,11,61,341,23,62
1744,755798,251,1,78,341,21,83
1745,231534,251,13,78,341,33,80
1746,362607,251,1,86,341,21,86
1747,100485,251,7,77,341,21,64
1748,886957,251,11,63,341,31,61
1749,362682,251,21,74,341,33,44
1750,362682,251,21,74,341,41,55
1751,362726,251,1,68,341,21,61
1752,100728,251,11,76,341,21,76
1753,493948,251,1,67,341,13,65
1754,362948,251,13,90,341,33,100
1755,494021,251,13,68,341,27,69
1756,756232,251,3,80,341,17,93
1757,232022,251,13,87,341,21,74
1758,887441,251,13,72,341,27,81
1759,887666,251,11,89,341,23,76
1760,494474,251,1,79,341,35,70
1761,363423,251,11,46,341,23,77
1762,363423,251,17,92,341,23,77
1763,101324,251,11,66,341,23,65
1764,494550,251,1,83,341,23,71
1765,363490,251,1,95,341,21,86
1766,887798,251,11,84,341,31,77
1767,887826,251,13,80,341,33,66
1768,494623,251,11,68,341,23,84
1769,101474,251,7,78,341,17,59
1770,363625,251,13,64,341,33,54
1771,756932,251,3,73,341,17,88
1772,364059,251,1,62,341,19,67
1773,364132,251,13,62,341,33,50
1774,757369,251,11,68,341,31,69
1775,626370,251,11,79,341,21,81
1776,233392,251,9,83,341,29,100
1777,626789,251,11,72,341,21,81
1778,888934,251,7,64,341,51,60
1779,757882,251,11,71,341,31,74
1780,233645,251,1,68,341,17,67
1781,889016,251,1,76,341,13,72
1782,364752,251,21,83,341,31,61
1783,102745,251,3,56,341,23,68
1784,495977,251,3,73,341,23,44
1785,495977,251,3,73,341,31,64
1786,102763,251,17,52,341,37,66
1787,102763,251,23,78,341,37,66
1788,627073,251,11,69,341,31,87
1789,496069,251,11,50,341,17,60
1790,627180,251,15,87,341,35,77
1791,365043,251,1,86,341,21,91
1792,365228,251,1,84,341,21,79
1793,365271,251,3,99,341,31,95
1794,234236,251,11,34,341,17,72
1796,365349,251,11,52,341,21,53
1797,103216,251,11,77,341,23,73
1799,758715,251,1,73,341,13,85
1800,628068,251,11,84,341,23,70
1801,366018,251,13,62,341,33,63
1802,890356,251,1,66,341,21,91
1803,628260,251,11,75,341,23,58
1804,890406,251,13,85,341,21,66
1805,104016,251,3,100,341,13,100
1806,890499,251,7,63,341,17,54
1807,890548,251,13,83,341,27,64
1808,366278,251,3,82,341,13,89
1809,497362,251,13,84,341,33,70
1810,628449,251,1,75,341,13,69
1811,628510,251,13,87,341,27,55
1812,890687,251,3,84,341,21,42
1813,890687,251,3,84,341,27,63
1814,366501,251,1,86,341,21,96
1815,235559,251,1,75,341,29,69
1816,628781,251,11,79,341,31,84
1817,628806,251,13,89,341,33,92
1818,104655,251,11,94,341,23,94
1819,628979,251,11,69,341,21,67
1820,104696,251,1,69,341,21,60
1821,498116,251,7,81,341,17,74
1822,891420,251,7,85,341,21,71
1823,629282,251,11,69,341,23,62
1824,105233,251,13,67,341,33,81
1825,629566,251,11,85,341,31,68
1826,891794,251,11,87,341,23,78
1827,498686,251,17,50,341,43,78
1828,367687,251,11,79,341,23,37
1829,367687,251,11,79,341,31,71
1830,498827,251,11,70,341,23,65
1831,367763,251,13,83,341,33,63
1832,892060,251,13,88,341,33,84
1833,367784,251,13,79,341,41,59
1834,498863,251,11,91,341,23,50
1835,630010,251,7,71,341,13,67
1836,761126,251,11,46,341,23,50
1838,236858,251,11,90,341,21,85
1839,499055,251,13,87,341,33,61
1840,236947,251,3,65,341,23,84
1841,368144,251,21,93,341,27,82
1842,237098,251,1,79,341,13,81
1843,368181,251,11,76,341,25,61
1844,499277,251,11,78,341,37,78
1845,499434,251,13,96,341,27,91
1846,499573,251,1,79,341,21,43
1847,499573,251,1,79,341,29,61
1848,630751,251,11,65,341,23,66
1849,892934,251,13,69,341,27,70
1850,761890,251,23,86,341,37,63
1851,237627,251,17,67,341,33,37
1852,237627,251,17,67,341,37,79
1853,630959,251,1,78,341,15,69
1854,500063,251,11,71,341,23,67
1855,762273,251,11,62,341,21,66
1856,106994,251,13,78,341,33,62
1857,631333,251,13,79,341,23,43
1858,631333,251,13,79,341,27,67
1860,369321,251,7,56,341,23,60
1861,631476,251,11,59,341,23,63
1862,369336,251,11,70,341,23,75
1863,500489,251,1,79,341,21,67
1864,762732,251,11,67,341,21,52
1865,893883,251,3,67,341,37,56
1866,893883,251,11,46,341,37,56
1867,631757,251,41,72,341,43,56
1868,893984,251,13,65,341,21,59
1869,107606,251,13,72,341,27,80
1870,500918,251,13,68,341,33,73
1871,894171,251,11,75,341,21,50
1872,238895,251,11,72,341,25,72
1873,239055,251,13,67,341,27,60
1874,763357,251,11,90,341,31,78
1875,894432,251,9,72,341,21,64
1876,632304,251,7,82,341,27,54
1877,370189,251,13,57,341,41,63
1878,108104,251,11,83,341,23,88
1879,370369,251,3,88,341,17,91
1880,370401,251,13,77,341,33,31
1881,894735,251,7,91,341,27,63
1882,894931,251,11,88,341,21,88
1883,763886,251,13,89,341,23,91
1884,894965,251,3,69,341,21,67
1885,632879,251,11,85,341,23,35
1886,632879,251,11,85,341,37,51
1887,632883,251,21,70,341,27,77
1888,239685,251,11,85,341,21,70
1889,632916,251,13,76,341,33,85
1890,632923,251,11,80,341,23,65
1891,501869,251,11,65,341,19,59
1892,239764,251,13,84,341,27,82
1893,501979,251,1,85,341,15,72
1894,895235,251,11,75,341,23,85
1895,633101,251,9,64,341,15,62
1896,240013,251,13,58,341,33,83
1897,633284,251,13,80,341,27,70
1898,633362,251,11,90,341,31,88
1899,371297,251,13,80,341,21,53
1900,109191,251,13,62,341,31,55
1901,502431,251,11,68,341,31,67
1902,502458,251,13,86,341,33,70
1903,764612,251,1,50,341,21,98
1904,895725,251,21,78,341,33,68
1905,633702,251,1,79,341,21,85
1906,371597,251,11,57,341,31,75
1907,109583,251,7,92,341,13,72
1908,633871,251,7,75,341,27,72
1909,633975,251,11,79,341,23,44
1910,633975,251,11,79,341,31,65
1911,765222,251,13,77,341,27,70
1912,503116,251,1,81,341,21,73
1913,896338,251,13,74,341,33,60
1914,896353,251,1,87,341,21,63
1915,896416,251,7,62,341,13,75
1916,896507,251,1,57,341,21,66
1917,241229,251,11,78,341,23,44
1918,241229,251,11,78,341,31,58
1919,634522,251,11,61,341,27,45
1920,634522,251,11,61,341,33,64
1921,634570,251,11,76,341,33,54
1922,372433,251,13,81,341,33,54
1923,372449,251,11,82,341,31,75
1924,765681,251,1,82,341,21,71
1925,765735,251,11,77,341,37,69
1926,372549,251,11,76,341,31,60
1927,896972,251,1,67,341,21,55
1928,241630,251,11,72,341,31,72
1929,503789,251,1,84,341,21,81
1930,110586,251,1,82,341,21,79
1931,110614,251,1,72,341,21,72
1932,766018,251,11,75,341,17,73
1933,110707,251,1,50,341,11,62
1934,503951,251,1,77,341,21,57
1935,372931,251,13,60,341,33,44
1936,372931,251,13,60,341,37,53
1937,504135,251,7,62,341,21,80
1938,373117,251,13,77,341,33,65
1939,504622,251,13,86,341,33,62
1940,635702,251,7,88,341,41,100
1941,897918,251,13,70,341,27,56
1942,504735,251,11,79,341,23,62
1943,766899,251,3,60,341,17,56
1944,766939,251,11,63,341,31,65
1945,242667,251,1,73,341,21,62
1946,111725,251,11,75,341,31,71
1947,636160,251,13,87,341,33,96
1948,898306,251,1,69,341,21,62
1949,767256,251,19,50,341,41,55
1950,767256,251,31,83,341,41,55
1951,898333,251,7,72,341,23,51
1952,374049,251,11,70,341,23,62
1953,505132,251,13,67,341,27,70
1954,243016,251,13,68,341,27,67
1955,112075,251,13,80,341,27,70
1956,898630,251,13,79,341,27,82
1957,767576,251,1,76,341,15,64
1958,112291,251,1,83,341,21,67
1959,374460,251,1,87,341,15,98
1960,243558,251,1,87,341,21,76
1961,767989,251,11,89,341,23,68
1962,505852,251,11,72,341,31,77
1963,243733,251,1,89,341,21,92
1964,768096,251,23,88,341,27,70
1965,899194,251,17,66,341,33,69
1966,112786,251,13,66,341,37,61
1967,637088,251,11,60,341,37,71
1968,506114,251,1,59,341,21,60
1969,768313,251,1,71,341,21,54
1970,375276,251,13,60,341,33,56
1971,244302,251,11,69,341,17,77
1972,768598,251,11,78,341,23,66
1973,637540,251,11,83,341,23,82
1974,375409,251,11,97,341,27,100
1975,768803,251,11,76,341,21,90
1976,637740,251,1,86,341,21,77
1977,375647,251,7,96,341,23,100
1978,375657,251,3,94,341,23,77
1979,506740,251,1,70,341,21,59
1980,244825,251,13,83,341,33,61
1981,769467,251,11,69,341,31,74
1982,638432,251,11,65,341,31,72
1983,376323,251,11,77,341,33,76
1984,114251,251,11,68,341,27,54
1985,245431,251,1,58,341,21,61
1986,900951,251,3,65,341,17,61
1987,770022,251,3,100,341,23,99
1988,770031,251,13,62,341,31,66
1989,376844,251,11,84,341,31,100
1990,377037,251,9,89,341,29,75
1991,639227,251,11,60,341,31,71
1992,246072,251,21,82,341,37,59
1993,115091,251,7,71,341,37,65
1994,115142,251,1,75,341,17,85
1995,770570,251,11,92,341,27,57
1996,770591,251,1,84,341,13,74
1997,377435,251,11,80,341,31,46
1998,639661,251,11,77,341,37,60
1999,115390,251,11,59,341,31,56
2000,377569,251,3,74,341,31,80
2001,901942,251,23,84,341,37,90
2002,246595,251,11,65,341,31,63
2003,508799,251,13,81,341,33,58
2004,770951,251,1,67,341,21,59
2005,115745,251,13,62,341,41,68
2006,246818,251,1,78,341,21,68
2007,115779,251,11,62,341,33,68
2008,115792,251,17,70,341,31,62
2009,771173,251,17,75,341,31,50
2010,640108,251,11,78,341,31,75
2011,115860,251,21,94,341,27,92
2012,115908,251,13,78,341,27,78
2013,640287,251,11,61,341,23,58
2014,378369,251,11,70,341,31,61
2015,509483,251,11,80,341,23,62
2016,771921,251,7,85,341,21,71
2017,509806,251,7,54,341,33,66
2018,509806,251,13,78,341,33,66
2019,116897,251,11,70,341,37,82
2020,772295,251,17,82,341,31,64
2021,379213,251,13,90,341,27,76
2022,641362,251,13,55,341,33,63
2023,510310,251,1,68,341,19,66
2024,641436,251,39,82,341,45,78
2025,248227,251,21,61,341,33,68
2026,772538,251,21,45,341,41,67
2027,772538,251,33,76,341,41,67
2028,903640,251,13,97,341,27,94
2029,248346,251,13,78,341,33,63
2030,772654,251,11,91,341,27,70
2031,641628,251,1,92,341,21,90
2032,248422,251,7,90,341,27,51
2033,772868,251,11,84,341,31,86
2034,248613,251,13,90,341,33,89
2035,641842,251,1,74,341,29,76
2036,773099,251,1,60,341,31,84
2037,117800,251,13,87,341,33,77
2038,117876,251,11,72,341,31,57
2039,380167,251,1,73,341,23,76
2040,773420,251,3,75,341,31,74
2041,380235,251,17,66,341,47,66
2042,118092,251,3,33,341,23,71
2043,118092,251,11,67,341,23,71
2044,773507,251,13,66,341,23,67
2045,249230,251,1,78,341,21,80
2046,118260,251,1,63,341,21,67
2047,642550,251,21,75,341,33,76
2048,118287,251,13,73,341,23,63
2049,249431,251,11,78,341,31,83
2050,904805,251,9,53,341,25,38
2051,904836,251,11,60,341,25,70
2052,380573,251,13,94,341,33,81
2053,380611,251,11,82,341,23,83
2054,249547,251,1,55,341,21,52
2055,511846,251,13,75,341,27,62
2056,642974,251,11,89,341,41,82
2057,249857,251,11,82,341,23,60
2058,905254,251,11,77,341,23,75
2060,905311,251,9,58,341,21,46
2061,905311,251,9,58,341,35,68
2062,512112,251,1,86,341,21,83
2063,381111,251,11,85,341,23,60
2064,381127,251,13,81,341,27,70
2065,512223,251,11,94,341,21,88
2066,250100,251,13,87,341,33,69
2067,643421,251,11,82,341,31,83
2068,381387,251,11,64,341,29,68
2069,381432,251,13,63,341,41,63
2070,119339,251,11,69,341,33,41
2071,119339,251,11,69,341,41,62
2072,774771,251,11,86,341,31,82
2073,774811,251,11,67,341,33,64
2074,119515,251,9,66,341,29,41
2075,905955,251,13,96,341,27,93
2076,512823,251,13,67,341,33,45
2077,512823,251,13,67,341,41,42
2078,775007,251,3,80,341,13,77
2079,644059,251,3,87,341,11,96
2080,644105,251,21,71,341,33,76
2081,382062,251,7,67,341,13,71
2082,775286,251,7,76,341,21,66
2085,120050,251,3,89,341,23,76
2086,775424,251,1,64,341,13,60
2087,906566,251,11,87,341,23,100
2088,120215,251,11,96,341,23,93
2089,644626,251,1,88,341,21,84
2090,120364,251,11,81,341,21,58
2091,120378,251,11,84,341,27,83
2092,775823,251,13,79,341,33,85
2093,251596,251,7,80,341,21,65
2094,382748,251,13,76,341,33,66
2095,513894,251,7,66,341,23,65
2096,776061,251,13,89,341,27,65
2097,645183,251,13,72,341,33,65
2098,251978,251,11,46,341,31,72
2099,251978,251,17,74,341,31,72
2100,120936,251,11,74,341,31,88
2101,776335,251,13,89,341,37,81
2102,514205,251,17,68,341,37,50
2103,776404,251,13,81,341,27,72
2104,121217,251,1,83,341,21,80
2105,252296,251,15,65,341,25,67
2106,252314,251,1,69,341,29,64
2107,645552,251,11,67,341,21,68
2108,645642,251,13,80,341,23,67
2109,121392,251,13,67,341,27,60
2110,383570,251,9,70,341,21,67
2111,383571,251,1,75,341,15,53
2112,645724,251,11,61,341,31,61
2113,645741,251,15,80,341,21,59
2114,776878,251,11,70,341,31,58
2115,383689,251,13,77,341,27,70
2116,383763,251,13,85,341,33,78
2117,121661,251,31,89,341,41,99
2118,908120,251,27,80,341,43,43
2119,908120,251,27,80,341,51,69
2120,908134,251,3,75,341,17,70
2121,908161,251,21,58,341,33,59
2122,646218,251,7,43,341,21,57
2123,646218,251,11,78,341,21,57
2124,646346,251,7,90,341,13,81
2125,908561,251,7,52,341,13,76
2126,646445,251,15,85,341,19,95
2127,384348,251,13,70,341,27,55
2128,384386,251,5,88,341,19,81
2129,646601,251,13,70,341,27,62
2130,384462,251,1,67,341,21,55
2131,122472,251,7,87,341,27,86
2132,646820,251,11,66,341,37,87
2133,909032,251,11,74,341,21,50
2134,646922,251,1,76,341,21,86
2135,122665,251,11,79,341,21,73
2136,778032,251,9,56,341,21,64
2137,515981,251,1,62,341,31,70
2138,909292,251,11,81,341,23,62
2139,385133,251,1,58,341,13,30
2140,385133,251,1,58,341,21,50
2141,778399,251,7,65,341,31,57
2143,123187,251,11,77,341,31,63
2144,909623,251,13,50,341,33,40
2145,909623,251,13,50,341,41,79
2146,778643,251,13,77,341,37,58
2147,385436,251,11,76,341,23,73
2148,647590,251,3,79,341,21,53
2149,909823,251,11,92,341,23,76
2150,778793,251,1,81,341,21,76
2151,778841,251,13,50,341,31,68
2152,909980,251,11,94,341,31,80
2153,910055,251,13,75,341,33,50
2154,385780,251,1,70,341,13,71
2155,254739,251,7,89,341,13,50
2156,516981,251,13,67,341,31,62
2157,910200,251,7,88,341,33,60
2158,779164,251,13,68,341,27,59
2159,517213,251,1,59,341,21,65
2160,255096,251,13,86,341,33,90
2161,779462,251,11,83,341,31,83
2162,517366,251,7,83,341,17,71
2163,386310,251,1,69,341,21,67
2164,648507,251,1,80,341,21,71
2165,386436,251,13,79,341,27,78
2166,386471,251,13,75,341,31,68
2168,648672,251,13,86,341,27,85
2169,779772,251,11,90,341,23,93
2170,910893,251,11,65,341,23,64
2171,255542,251,3,63,341,23,44
2172,255542,251,3,63,341,31,50
2173,124550,251,13,83,341,33,75
2174,255716,251,11,68,341,31,73
2175,386823,251,17,82,341,37,54
2176,911172,251,11,96,341,31,95
2177,255833,251,7,74,341,27,60
2178,911260,251,11,46,341,21,50
2179,911260,251,17,76,341,21,50
2180,518161,251,13,61,341,33,37
2181,518161,251,13,61,341,47,55
2182,518208,251,11,86,341,23,81
2183,256091,251,11,68,341,23,55
2184,387250,251,1,70,341,13,74
2185,649404,251,13,76,341,33,62
2186,387277,251,13,95,341,33,100
2187,649454,251,17,85,341,31,65
2188,125226,251,1,86,341,13,85
2189,780616,251,11,81,341,19,56
2190,125322,251,9,78,341,21,88
2191,911783,251,11,64,341,23,67
2192,911794,251,13,61,341,33,64
2193,518605,251,13,60,341,27,64
2194,911863,251,7,63,341,21,57
2195,387644,251,1,60,341,21,62
2196,256614,251,1,67,341,13,50
2197,387798,251,11,92,341,31,94
2198,781031,251,11,76,341,17,68
2199,387910,251,1,76,341,21,90
2200,387912,251,13,76,341,27,77
2201,125780,251,13,71,341,33,57
2202,519092,251,1,62,341,21,44
2203,519092,251,1,62,341,27,73
2204,912312,251,11,56,341,21,63
2205,781255,251,13,89,341,33,84
2206,256970,251,17,88,341,23,92
2207,650247,251,1,77,341,21,61
2208,912408,251,11,76,341,23,76
2209,781353,251,13,82,341,33,46
2210,781353,251,13,82,341,37,66
2211,650361,251,1,92,341,13,58
2212,650380,251,3,88,341,21,77
2213,126131,251,11,84,341,21,69
2214,126314,251,11,84,341,31,71
2215,781716,251,9,75,341,21,60
2216,519633,251,3,86,341,27,66
2217,388581,251,1,79,341,23,77
2218,257588,251,1,96,341,11,96
2219,126524,251,1,63,341,21,66
2220,388684,251,21,67,341,27,64
2221,126560,251,9,55,341,19,51
2222,781922,251,21,82,341,27,59
2223,126772,251,13,81,341,27,70
2224,520067,251,1,61,341,17,72
2225,651171,251,13,64,341,33,60
2226,389176,251,11,90,341,21,85
2227,258184,251,13,70,341,33,58
2228,258220,251,1,87,341,21,62
2229,520372,251,11,75,341,23,52
2230,651468,251,1,60,341,17,61
2231,127292,251,11,59,341,33,59
2232,127344,251,1,81,341,17,91
2233,651702,251,7,93,341,23,97
2234,914167,251,7,99,341,23,99
2235,127843,251,11,84,341,31,76
2236,783260,251,11,46,341,27,50
2237,783260,251,13,71,341,27,50
2238,652192,251,11,60,341,31,68
2239,390061,251,3,88,341,23,94
2240,259028,251,1,77,341,13,82
2241,127988,251,11,50,341,29,65
2242,390232,251,11,78,341,43,89
2243,652446,251,21,91,341,33,59
2244,390335,251,11,70,341,39,56
2245,521410,251,13,55,341,33,52
2246,783574,251,11,75,341,41,60
2247,783605,251,13,77,341,21,76
2248,783639,251,1,90,341,21,72
2249,914726,251,1,82,341,21,52
2250,521525,251,11,77,341,23,80
2251,783907,251,13,79,341,33,57
2252,259654,251,13,81,341,33,86
2253,915015,251,7,92,341,17,72
2254,390839,251,11,84,341,17,71
2255,521917,251,1,84,341,9,69
2256,784071,251,11,63,341,23,80
2257,390860,251,13,70,341,33,46
2258,390860,251,13,70,341,37,73
2259,915208,251,11,88,341,31,79
2260,653126,251,11,80,341,23,70
2261,915275,251,1,62,341,21,53
2262,653133,251,13,89,341,27,91
2263,391015,251,11,80,341,23,70
2264,522108,251,11,82,341,37,83
2265,915429,251,11,75,341,33,50
2266,915442,251,9,84,341,15,80
2267,653399,251,11,86,341,23,71
2268,784479,251,11,86,341,23,76
2269,915646,251,1,67,341,21,67
2270,915647,251,3,81,341,31,75
2271,260290,251,13,72,341,27,56
2272,260290,251,13,72,341,33,52
2273,784604,251,1,66,341,21,64
2274,391425,251,13,69,341,27,83
2275,784675,251,13,80,341,27,81
2276,785014,251,13,82,341,27,71
2277,391956,251,1,84,341,13,68
2279,916303,251,1,84,341,21,68
2280,260970,251,13,77,341,27,82
2281,261000,251,11,83,341,31,71
2282,785372,251,7,96,341,21,91
2283,654350,251,1,66,341,21,63
2284,523428,251,13,89,341,33,90
2285,654503,251,11,83,341,23,73
2286,130217,251,13,64,341,27,55
2287,785631,251,1,84,341,21,79
2288,654571,251,13,80,341,27,56
2289,130302,251,11,55,341,31,69
2290,523643,251,5,89,341,15,96
2291,785788,251,11,80,341,17,57
2292,523731,251,15,70,341,25,69
2293,261605,251,11,87,341,21,87
2294,654883,251,17,69,341,31,62
2295,261820,251,13,83,341,27,99
2296,392923,251,1,67,341,19,54
2297,130809,251,1,75,341,21,59
2298,130852,251,7,80,341,27,71
2299,917303,251,11,56,341,23,43
2300,917303,251,11,56,341,27,66
2303,393040,251,11,56,341,41,38
2304,393040,251,11,56,341,43,51
2305,393059,251,17,84,341,31,32
2306,917370,251,3,88,341,17,87
2307,393110,251,1,61,341,29,29
2308,393110,251,1,61,341,45,74
2309,131062,251,1,71,341,21,62
