,StudentID,CourseNumber_x,Term_x,Grade_x,CourseNumber_y,Term_y,Grade_y
0,131188,341,31,43,456,43,53
1,131188,341,33,67,456,43,53
2,787023,341,13,74,456,21,94
3,262913,341,21,71,456,33,87
4,918323,341,21,50,456,35,71
5,787296,341,13,53,456,27,51
6,918408,341,37,55,456,47,78
7,525401,341,21,78,456,29,82
8,394640,341,23,76,456,33,78
9,525934,341,21,73,456,31,73
10,394865,341,37,66,456,47,73
11,526102,341,23,63,456,43,76
12,263986,341,21,100,456,33,96
13,657306,341,7,61,456,17,50
15,526476,341,21,58,456,61,99
16,919720,341,23,80,456,31,86
17,133520,341,33,50,456,51,70
18,395676,341,25,69,456,29,71
19,526806,341,27,69,456,41,57
20,264746,341,27,81,456,43,93
21,264967,341,33,63,456,47,85
22,265140,341,29,65,456,35,50
23,134110,341,23,90,456,31,70
24,789711,341,15,72,456,21,90
25,658701,341,21,55,456,31,74
26,789824,341,21,59,456,31,78
27,527861,341,7,83,456,13,90
28,396813,341,21,66,456,37,60
29,265831,341,23,64,456,27,54
30,528297,341,27,75,456,43,72
31,266156,341,31,72,456,43,82
32,266249,341,23,80,456,43,81
33,266465,341,31,69,456,53,79
34,135634,341,11,96,456,19,83
35,528945,341,11,61,456,21,73
36,266931,341,17,90,456,37,95
37,660594,341,31,54,456,33,79
38,660673,341,21,81,456,31,77
39,922902,341,21,75,456,25,64
40,136511,341,21,95,456,33,86
41,398834,341,31,79,456,47,96
42,136770,341,31,88,456,43,80
43,398948,341,13,78,456,21,77
44,792349,341,21,72,456,33,84
45,530272,341,21,87,456,31,79
46,399262,341,23,50,456,31,55
47,530559,341,17,81,456,21,68
49,399758,341,27,60,456,31,63
50,924089,341,27,32,456,51,50
51,924089,341,47,64,456,51,50
52,530998,341,25,75,456,31,72
53,268895,341,11,83,456,23,73
54,269007,341,37,71,456,47,82
55,793596,341,23,80,456,37,89
57,793641,341,31,77,456,39,85
58,531595,341,13,50,456,23,65
59,924921,341,23,67,456,43,83
60,925225,341,23,62,456,37,50
61,138796,341,21,83,456,27,84
62,794158,341,21,58,456,33,66
63,532023,341,19,64,456,25,75
64,400974,341,21,88,456,27,80
65,138858,341,41,67,456,43,85
66,794306,341,23,71,456,37,61
67,401438,341,21,91,456,31,84
68,401612,341,33,61,456,41,75
69,925909,341,13,77,456,17,82
70,925983,341,9,75,456,21,72
71,532779,341,21,86,456,27,58
72,270650,341,27,75,456,33,88
74,532935,341,17,68,456,31,50
75,795093,341,23,66,456,43,76
76,401989,341,23,69,456,37,84
77,664243,341,33,58,456,41,84
78,795318,341,21,69,456,33,75
79,664346,341,33,55,456,41,73
80,533296,341,41,76,456,53,79
82,926819,341,7,74,456,13,71
83,533628,341,31,66,456,47,61
84,140592,341,13,70,456,33,62
85,795984,341,21,50,456,33,73
86,927348,341,27,60,456,33,77
88,140941,341,15,70,456,31,92
89,272139,341,21,52,456,27,54
90,534333,341,23,53,456,33,59
91,534339,341,21,60,456,31,63
92,927632,341,19,62,456,25,57
93,272299,341,21,60,456,39,57
94,403404,341,15,72,456,21,89
95,534603,341,23,77,456,43,89
96,534620,341,31,50,456,43,72
97,403623,341,27,42,456,43,34
98,403623,341,33,22,456,43,34
99,141575,341,11,45,456,25,71
100,141575,341,19,75,456,25,71
101,272814,341,31,96,456,37,95
102,928186,341,21,79,456,27,79
104,928493,341,27,61,456,33,64
105,404241,341,15,56,456,49,57
106,273177,341,27,72,456,41,65
107,273411,341,21,71,456,25,61
108,797723,341,31,89,456,43,98
109,535722,341,13,50,456,31,50
110,142656,341,33,83,456,41,81
111,798141,341,13,62,456,23,78
112,273977,341,27,92,456,33,87
113,142952,341,27,67,456,33,75
114,536307,341,17,90,456,31,45
115,536307,341,17,90,456,37,50
116,143106,341,33,50,456,43,52
117,667437,341,21,88,456,33,87
119,929778,341,31,58,456,43,92
120,143461,341,21,58,456,35,62
121,798862,341,21,57,456,33,78
122,143989,341,43,66,456,51,54
123,406172,341,1,71,456,11,77
124,930463,341,11,79,456,13,79
125,144275,341,21,85,456,33,64
126,275464,341,27,73,456,43,68
127,800073,341,23,67,456,41,83
128,669024,341,23,77,456,37,72
129,275913,341,7,67,456,13,62
130,275968,341,21,78,456,31,75
131,144975,341,23,61,456,37,79
132,538191,341,33,82,456,41,79
133,538243,341,21,69,456,27,52
135,538370,341,21,65,456,23,78
136,800535,341,27,83,456,41,91
137,800560,341,19,56,456,25,60
138,538625,341,13,74,456,17,74
139,669744,341,23,42,456,33,60
141,931980,341,11,75,456,27,72
142,932001,341,37,92,456,41,92
143,669968,341,31,50,456,37,65
144,932437,341,33,87,456,43,86
145,801399,341,21,71,456,31,78
146,146062,341,17,64,456,37,45
147,146062,341,17,64,456,41,62
148,801457,341,13,44,456,53,77
149,801457,341,41,71,456,53,77
150,670640,341,13,52,456,23,63
152,670826,341,33,43,456,41,37
154,146601,341,21,52,456,31,70
156,670998,341,11,64,456,23,88
157,671211,341,23,66,456,37,77
158,278032,341,33,83,456,41,86
160,409288,341,11,83,456,23,83
161,671697,341,29,64,456,35,50
162,409608,341,23,58,456,33,83
163,540811,341,23,59,456,47,81
164,278894,341,23,91,456,31,76
165,148002,341,27,73,456,33,63
166,934488,341,23,79,456,31,71
167,410216,341,13,59,456,21,66
168,803496,341,41,69,456,43,64
169,148179,341,23,42,456,33,59
170,148179,341,27,59,456,33,59
171,803542,341,21,69,456,31,70
173,541536,341,21,65,456,27,86
174,410494,341,27,68,456,33,83
175,410514,341,23,89,456,27,78
176,541730,341,33,67,456,43,68
177,148585,341,3,46,456,13,74
179,148647,341,21,77,456,33,86
180,804026,341,27,75,456,31,81
181,672977,341,23,54,456,37,80
182,542140,341,31,65,456,39,78
183,149299,341,31,61,456,35,56
184,411554,341,31,79,456,37,72
185,935908,341,25,61,456,29,67
186,149559,341,21,84,456,27,79
187,805149,341,27,62,456,53,81
188,280876,341,21,72,456,23,82
189,280945,341,23,57,456,27,60
190,805252,341,31,58,456,43,85
191,674212,341,17,72,456,23,64
192,674288,341,23,56,456,31,63
193,674299,341,23,72,456,37,80
194,543267,341,31,84,456,37,95
195,150060,341,27,50,456,35,51
196,936566,341,7,73,456,23,77
197,150281,341,27,54,456,33,82
198,936796,341,13,71,456,23,75
199,543740,341,13,91,456,23,95
200,805906,341,3,46,456,13,71
202,543870,341,23,66,456,37,82
203,937107,341,21,54,456,33,77
204,675007,341,23,73,456,31,97
205,675020,341,31,87,456,43,88
206,544112,341,23,69,456,43,84
207,806285,341,23,64,456,37,64
208,544250,341,27,72,456,37,69
209,675371,341,21,72,456,25,67
211,937616,341,37,40,456,47,64
212,937616,341,43,63,456,47,64
213,282296,341,27,58,456,47,66
214,544465,341,19,63,456,29,82
215,675826,341,17,84,456,23,84
216,675865,341,27,67,456,33,76
217,675993,341,3,79,456,13,74
218,544952,341,13,71,456,27,52
219,938326,341,27,80,456,41,83
220,283011,341,13,65,456,27,76
222,283238,341,15,72,456,35,67
223,283256,341,13,59,456,21,62
224,283452,341,21,76,456,33,85
225,283569,341,23,57,456,27,50
226,152510,341,23,56,456,31,52
227,152740,341,29,72,456,35,66
228,283841,341,21,64,456,31,82
229,808153,341,23,44,456,43,81
230,808153,341,27,70,456,43,81
231,677095,341,15,59,456,31,69
233,808177,341,23,67,456,31,64
234,939437,341,27,80,456,33,77
235,677437,341,21,79,456,23,70
236,284222,341,21,53,456,33,88
237,284233,341,7,66,456,23,67
238,677584,341,11,64,456,27,50
239,677618,341,23,81,456,31,80
241,284521,341,27,75,456,33,80
242,939882,341,31,72,456,43,81
243,808900,341,21,83,456,43,94
244,940068,341,27,82,456,33,75
245,284731,341,15,53,456,31,70
246,415986,341,31,73,456,49,72
247,416069,341,21,67,456,27,60
248,285019,341,21,71,456,33,75
249,547192,341,33,81,456,43,87
250,154029,341,31,84,456,37,89
251,809553,341,23,62,456,41,68
252,285269,341,41,56,456,43,64
253,154198,341,21,65,456,25,59
254,940774,341,13,71,456,33,72
255,809759,341,13,45,456,21,74
257,416608,341,31,82,456,43,90
258,285873,341,21,78,456,27,75
259,810198,341,21,61,456,33,67
260,286285,341,27,68,456,33,74
261,810574,341,33,69,456,41,73
262,417409,341,33,56,456,51,70
263,286600,341,15,72,456,17,54
264,155674,341,17,86,456,21,73
265,417900,341,13,72,456,21,87
266,942196,341,23,100,456,37,95
267,549082,341,23,84,456,31,81
269,287048,341,23,64,456,37,94
270,549442,341,3,46,456,23,64
271,549442,341,7,68,456,23,64
272,942758,341,11,37,456,21,62
273,942758,341,17,58,456,21,62
274,811750,341,7,67,456,13,53
275,811800,341,21,79,456,29,81
276,418643,341,33,95,456,41,85
277,418755,341,33,65,456,37,51
278,943077,341,21,89,456,33,80
279,419004,341,31,68,456,37,80
280,287964,341,27,26,456,31,56
283,550330,341,23,52,456,31,67
284,419303,341,33,51,456,37,79
285,943619,341,13,78,456,23,82
286,288426,341,23,51,456,33,77
287,157391,341,23,58,456,31,70
288,943989,341,27,54,456,33,74
289,288636,341,27,100,456,41,87
290,944116,341,23,50,456,31,24
291,288910,341,25,59,456,39,50
292,157976,341,21,76,456,27,71
293,158040,341,21,69,456,41,58
294,158133,341,33,74,456,43,82
295,551784,341,23,72,456,41,62
296,289655,341,21,67,456,33,85
297,158683,341,21,80,456,33,74
298,158753,341,23,55,456,41,50
300,289966,341,19,52,456,31,64
301,552151,341,31,50,456,47,61
302,421562,341,31,61,456,37,86
303,290499,341,41,80,456,47,80
304,945985,341,21,60,456,27,72
305,159646,341,7,74,456,23,80
306,683941,341,31,68,456,43,62
307,946112,341,21,81,456,29,77
308,553068,341,33,64,456,43,73
309,684191,341,17,78,456,23,74
310,684587,341,21,75,456,33,68
311,947036,341,19,67,456,31,52
312,947140,341,41,56,456,47,68
313,685019,341,17,58,456,23,50
314,685033,341,11,73,456,17,72
315,291891,341,41,76,456,43,89
316,816273,341,21,62,456,31,73
317,160927,341,21,64,456,31,59
318,685309,341,23,74,456,31,58
319,816449,341,21,90,456,31,72
320,947692,341,21,59,456,33,79
321,947724,341,33,74,456,41,78
322,292516,341,31,57,456,37,41
323,292516,341,31,57,456,47,67
324,554702,341,33,95,456,43,94
325,161520,341,23,67,456,27,88
326,423722,341,21,50,456,31,55
327,423961,341,19,42,456,25,57
329,292930,341,33,70,456,43,77
330,161887,341,31,85,456,43,88
331,293215,341,7,75,456,13,73
332,424300,341,23,63,456,31,71
333,948648,341,21,75,456,31,62
335,424473,341,33,72,456,43,90
337,817852,341,15,67,456,21,64
338,555782,341,9,66,456,21,85
339,162604,341,23,74,456,37,87
340,555885,341,23,66,456,27,73
341,818164,341,21,74,456,27,78
342,949298,341,27,55,456,33,58
343,162883,341,31,38,456,37,61
345,687361,341,31,50,456,37,50
346,556331,341,19,80,456,21,71
347,425297,341,21,67,456,31,50
348,818549,341,33,63,456,43,74
349,294591,341,25,52,456,41,73
350,950086,341,13,62,456,33,82
351,425924,341,13,89,456,23,83
353,426025,341,27,84,456,33,82
354,426055,341,23,96,456,31,77
355,950563,341,27,76,456,43,83
356,557475,341,13,45,456,23,65
357,557475,341,17,63,456,23,65
358,688654,341,21,58,456,27,55
359,164440,341,17,78,456,33,84
361,164711,341,23,46,456,43,52
362,164711,341,27,50,456,43,52
363,164726,341,33,52,456,51,43
364,689026,341,21,98,456,23,81
365,689285,341,11,87,456,21,87
366,427170,341,23,93,456,31,90
367,689328,341,13,73,456,23,85
368,427251,341,31,90,456,33,84
369,296334,341,31,57,456,43,70
370,165313,341,31,67,456,43,72
371,951816,341,25,84,456,35,53
372,165391,341,23,66,456,43,77
373,689890,341,23,65,456,37,77
374,296695,341,23,67,456,37,72
375,821068,341,13,100,456,21,81
376,428007,341,23,88,456,31,82
377,690183,341,21,67,456,27,69
378,297285,341,31,59,456,41,70
379,821809,341,7,72,456,21,82
380,952972,341,13,60,456,21,73
381,297685,341,23,83,456,37,64
382,429001,341,11,59,456,21,77
383,822260,341,23,69,456,37,61
384,691350,341,33,50,456,43,56
385,691350,341,41,59,456,43,56
386,298316,341,25,69,456,31,90
387,691665,341,23,68,456,43,80
388,822820,341,9,67,456,21,67
389,298607,341,21,67,456,31,86
390,429712,341,31,61,456,37,73
391,823053,341,33,61,456,47,75
392,430084,341,27,86,456,41,83
393,823350,341,17,73,456,31,75
394,692319,341,11,73,456,21,87
395,692363,341,27,67,456,41,74
396,430402,341,21,89,456,33,76
397,954700,341,21,65,456,29,73
398,692679,341,11,59,456,23,69
399,299531,341,27,98,456,41,84
401,693007,341,23,55,456,31,61
402,168888,341,27,90,456,33,77
403,169136,341,19,37,456,35,55
404,169136,341,21,50,456,35,55
405,169136,341,31,58,456,35,55
406,693452,341,27,80,456,33,68
407,300369,341,21,54,456,41,68
408,562572,341,23,56,456,31,65
409,169401,341,23,55,456,37,88
410,693742,341,13,78,456,21,80
411,824996,341,33,82,456,43,57
412,431816,341,9,65,456,21,79
413,694043,341,27,77,456,47,82
414,169987,341,41,62,456,43,58
415,563222,341,43,74,456,47,84
416,170058,341,21,56,456,27,91
417,432215,341,23,28,456,37,38
418,432215,341,23,28,456,47,66
422,432265,341,23,69,456,43,66
423,170256,341,15,80,456,31,79
424,170258,341,7,74,456,13,82
425,563507,341,23,70,456,37,95
426,694658,341,25,52,456,39,62
427,432556,341,21,73,456,27,63
428,694809,341,23,74,456,27,63
429,170677,341,27,74,456,33,55
430,432822,341,31,72,456,37,80
431,170690,341,13,95,456,21,89
432,170728,341,21,66,456,47,67
433,170904,341,33,62,456,43,74
434,695597,341,3,79,456,17,93
435,433484,341,3,89,456,21,70
436,302473,341,9,80,456,21,82
437,302482,341,11,73,456,23,86
438,564635,341,17,97,456,21,83
439,302788,341,17,71,456,27,85
442,565332,341,21,57,456,35,50
443,172214,341,27,50,456,33,88
444,434487,341,23,68,456,43,87
445,303880,341,13,88,456,27,78
446,828202,341,19,63,456,25,66
448,304120,341,21,64,456,31,53
449,173087,341,31,68,456,35,71
450,304558,341,27,57,456,43,68
451,959934,341,27,74,456,33,72
452,959987,341,37,57,456,43,50
453,828971,341,33,68,456,41,78
454,173740,341,41,43,456,59,32
455,173740,341,41,43,456,69,50
456,173740,341,55,43,456,59,32
457,173740,341,55,43,456,69,50
459,305087,341,31,62,456,37,64
460,305232,341,7,83,456,23,86
461,829762,341,19,79,456,29,57
462,567658,341,31,80,456,37,70
463,567813,341,21,72,456,27,90
464,305770,341,43,61,456,51,57
465,961343,341,21,66,456,31,81
466,830321,341,3,75,456,13,75
467,306113,341,33,83,456,41,76
468,175111,341,25,59,456,27,26
469,175111,341,25,59,456,35,86
470,568353,341,41,63,456,43,52
471,568477,341,27,78,456,33,89
472,961782,341,31,53,456,47,52
473,699709,341,27,64,456,35,75
474,568680,341,51,51,456,57,61
475,175584,341,21,80,456,37,83
476,437764,341,33,81,456,43,94
477,437785,341,27,86,456,43,90
478,175724,341,17,52,456,23,50
479,831219,341,25,64,456,35,72
480,175970,341,17,74,456,27,76
481,569396,341,27,68,456,33,73
482,700539,341,7,70,456,11,66
483,700582,341,23,69,456,37,80
484,831705,341,27,75,456,57,83
485,831735,341,21,71,456,35,77
487,569944,341,19,71,456,25,52
488,832180,341,21,63,456,31,80
489,832304,341,27,74,456,41,65
490,832340,341,23,70,456,33,81
491,177270,341,23,73,456,37,73
492,570491,341,31,80,456,51,65
493,177333,341,29,58,456,31,72
494,177445,341,21,59,456,27,51
495,439930,341,17,73,456,23,83
496,702161,341,31,54,456,37,67
497,702201,341,21,66,456,33,71
498,833590,341,47,43,456,51,71
499,702533,341,31,54,456,43,87
500,178415,341,33,81,456,41,92
501,178609,341,25,54,456,35,67
502,440941,341,11,86,456,21,70
503,309903,341,27,70,456,33,58
504,309996,341,21,72,456,31,81
505,572231,341,15,87,456,31,86
506,703675,341,21,70,456,31,81
507,310609,341,21,58,456,45,75
508,179629,341,23,73,456,37,89
509,441836,341,27,71,456,41,80
511,835449,341,31,71,456,37,58
512,311218,341,43,60,456,53,85
513,442320,341,31,78,456,41,64
514,442324,341,37,71,456,43,77
515,704831,341,33,79,456,43,76
516,573779,341,35,8,456,41,59
517,573779,341,39,75,456,41,59
518,836084,341,7,67,456,17,79
519,311798,341,21,98,456,37,79
520,311842,341,21,67,456,27,64
521,442954,341,9,60,456,31,80
522,574051,341,21,82,456,31,78
523,181332,341,27,65,456,41,75
524,574548,341,15,63,456,19,83
525,574663,341,21,70,456,29,81
526,705758,341,23,93,456,51,81
527,574772,341,21,69,456,23,62
529,837135,341,27,72,456,47,89
530,968270,341,13,75,456,21,85
531,313006,341,33,69,456,43,85
532,837331,341,33,58,456,51,77
533,706794,341,21,64,456,37,66
534,313781,341,31,95,456,43,94
535,838142,341,31,94,456,43,94
536,838344,341,31,71,456,33,69
537,969552,341,21,58,456,31,91
538,445348,341,31,74,456,37,78
539,445380,341,27,87,456,61,96
540,707629,341,47,54,456,57,63
541,576712,341,27,54,456,33,79
542,314716,341,21,67,456,33,68
543,445831,341,21,68,456,33,59
544,315048,341,21,55,456,27,43
545,970589,341,21,76,456,33,74
546,446440,341,23,77,456,37,76
547,577594,341,33,57,456,41,29
549,315523,341,33,56,456,37,65
550,184522,341,23,88,456,37,89
551,708879,341,9,46,456,21,78
552,708879,341,15,73,456,21,78
553,315884,341,21,51,456,31,53
554,971247,341,33,86,456,41,90
555,316009,341,21,56,456,23,74
556,447082,341,7,60,456,13,68
557,447139,341,33,76,456,41,75
558,185080,341,35,54,456,39,50
559,709403,341,21,61,456,31,67
560,971616,341,21,55,456,33,65
561,709537,341,31,83,456,37,71
562,840768,341,19,56,456,25,67
563,447575,341,31,77,456,43,63
564,185885,341,15,58,456,25,76
565,317022,341,21,68,456,27,73
566,317057,341,21,59,456,33,61
567,972460,341,31,66,456,37,73
568,841534,341,33,87,456,43,94
569,972664,341,3,79,456,13,54
570,186283,341,15,90,456,21,81
571,186289,341,27,84,456,41,87
572,972785,341,17,90,456,23,75
573,448504,341,11,60,456,15,58
574,579612,341,13,64,456,23,80
575,317560,341,33,85,456,47,86
576,973110,341,13,72,456,23,68
577,448964,341,33,71,456,37,66
578,973262,341,19,68,456,31,76
579,318056,341,31,68,456,37,84
580,711314,341,23,100,456,31,94
581,449201,341,21,72,456,43,89
583,842542,341,35,69,456,41,78
584,318260,341,21,61,456,25,64
585,842640,341,17,52,456,23,80
586,449627,341,21,63,456,23,70
587,318668,341,31,54,456,33,62
588,580819,341,23,79,456,37,51
589,449767,341,23,50,456,37,53
590,318789,341,31,65,456,39,53
591,187777,341,21,88,456,27,84
592,712086,341,13,78,456,21,66
593,581104,341,53,83,456,63,89
594,712223,341,15,63,456,21,78
595,581163,341,27,64,456,33,65
596,712295,341,15,63,456,35,79
597,712311,341,43,53,456,51,64
598,843737,341,31,80,456,45,61
599,450561,341,31,60,456,41,70
600,712756,341,27,75,456,33,57
601,974987,341,13,62,456,23,72
602,581795,341,27,70,456,33,79
603,975011,341,23,87,456,41,80
604,975230,341,27,93,456,41,88
605,189073,341,23,71,456,31,72
606,451429,341,21,62,456,25,71
607,189292,341,7,65,456,27,72
608,320366,341,9,74,456,21,87
609,975729,341,9,62,456,31,71
610,844796,341,27,66,456,33,56
611,713858,341,41,50,456,53,83
612,845250,341,31,67,456,37,79
613,714194,341,41,77,456,53,83
614,845404,341,21,87,456,23,84
615,583552,341,31,74,456,37,89
616,976944,341,21,57,456,23,74
617,190900,341,21,78,456,37,82
618,977405,341,23,58,456,27,77
619,584199,341,23,70,456,33,85
621,584313,341,33,61,456,41,83
622,715465,341,29,96,456,39,100
623,977723,341,17,78,456,23,68
624,322383,341,21,66,456,23,76
625,846692,341,23,50,456,37,75
626,584625,341,41,58,456,47,79
627,191544,341,33,73,456,43,76
628,453691,341,17,76,456,21,76
629,453710,341,33,83,456,41,92
630,847173,341,23,50,456,37,79
631,716110,341,13,59,456,21,81
632,978306,341,21,63,456,33,75
633,978326,341,13,97,456,23,92
634,847409,341,27,69,456,41,77
636,454225,341,41,63,456,43,78
637,192215,341,31,64,456,43,87
638,192279,341,21,65,456,35,72
639,847754,341,27,87,456,41,92
640,978848,341,19,84,456,25,83
641,323602,341,31,50,456,35,71
642,192570,341,13,66,456,23,81
643,192645,341,15,71,456,29,82
644,192756,341,23,60,456,37,63
645,455006,341,21,62,456,31,50
646,848348,341,27,96,456,41,94
647,455139,341,21,63,456,23,77
648,586217,341,21,68,456,31,63
649,586296,341,27,68,456,33,55
650,979691,341,17,85,456,23,79
651,586709,341,27,96,456,41,84
652,455753,341,9,81,456,11,83
653,586994,341,21,81,456,31,76
654,324856,341,23,43,456,37,65
655,324856,341,31,70,456,37,65
656,849449,341,27,57,456,37,45
657,456259,341,21,58,456,33,52
658,456290,341,13,51,456,33,75
659,587536,341,13,74,456,23,71
660,456597,341,13,50,456,21,81
661,587720,341,23,45,456,41,64
662,587720,341,31,67,456,41,64
663,981072,341,25,65,456,39,59
664,587957,341,31,58,456,47,75
665,194747,341,21,82,456,27,87
666,456955,341,33,68,456,43,87
667,325900,341,21,64,456,23,67
668,456981,341,23,71,456,43,90
670,981517,341,9,56,456,21,69
671,195103,341,9,81,456,21,88
672,850492,341,21,81,456,29,75
673,981625,341,23,75,456,37,89
674,326304,341,21,37,456,31,59
676,850684,341,11,97,456,13,85
677,457784,341,21,70,456,29,81
678,588881,341,21,95,456,29,90
679,719980,341,31,67,456,41,91
680,982135,341,13,68,456,23,76
681,982173,341,21,76,456,29,87
682,851119,341,21,73,456,29,64
683,982373,341,13,74,456,23,80
684,327083,341,31,70,456,33,87
685,589263,341,27,70,456,41,75
686,458552,341,21,53,456,31,67
687,983146,341,27,78,456,33,76
688,589976,341,31,87,456,37,96
689,327843,341,21,51,456,33,64
690,721141,341,33,86,456,41,77
691,983330,341,31,64,456,35,69
692,983391,341,7,72,456,23,52
693,328033,341,61,65,456,71,77
694,721302,341,31,64,456,43,85
695,590285,341,27,63,456,33,73
696,983567,341,23,86,456,33,81
697,459420,341,21,69,456,23,77
698,459539,341,27,67,456,41,69
699,591043,341,17,75,456,23,65
700,460134,341,21,74,456,33,72
701,460210,341,21,65,456,25,54
702,329175,341,33,66,456,41,74
703,853796,341,23,79,456,33,78
704,854095,341,27,59,456,43,81
705,198769,341,25,63,456,35,75
706,854157,341,23,79,456,31,88
707,460960,341,27,56,456,41,96
708,461072,341,31,82,456,41,91
709,330040,341,23,77,456,43,88
710,199112,341,23,73,456,33,89
711,854705,341,23,69,456,43,84
712,330648,341,21,86,456,27,71
713,592822,341,27,66,456,37,52
714,854990,341,15,79,456,39,77
715,199636,341,15,85,456,21,82
716,986152,341,27,86,456,41,65
717,986211,341,31,85,456,37,93
718,855212,341,13,61,456,23,80
719,855333,341,21,55,456,25,71
720,986434,341,17,83,456,23,72
721,724341,341,33,57,456,41,81
722,200101,341,31,75,456,37,70
723,462370,341,21,69,456,27,67
724,986672,341,33,91,456,37,82
725,200326,341,23,88,456,37,88
726,986829,341,21,69,456,39,65
727,724718,341,13,57,456,23,71
728,855793,341,31,80,456,37,67
730,855932,341,21,86,456,31,71
731,462790,341,13,87,456,23,80
732,331810,341,27,82,456,33,83
733,594032,341,31,58,456,37,74
734,331919,341,17,75,456,41,50
735,594248,341,21,66,456,23,57
736,201045,341,21,83,456,31,63
737,725343,341,13,77,456,21,85
738,332142,341,33,67,456,41,81
739,725474,341,27,78,456,33,86
740,987777,341,23,60,456,31,62
741,332541,341,13,76,456,21,86
742,463624,341,33,79,456,41,78
743,594720,341,33,72,456,41,72
744,463773,341,21,84,456,31,88
745,201667,341,7,70,456,23,85
746,725975,341,15,93,456,29,86
747,857058,341,21,62,456,37,68
748,463990,341,21,57,456,41,72
749,988309,341,21,85,456,33,93
750,988567,341,23,72,456,31,74
751,202136,341,21,67,456,27,62
752,595358,341,21,64,456,23,69
753,595424,341,21,54,456,33,50
754,464418,341,21,60,456,27,60
755,202284,341,15,70,456,21,80
756,988805,341,37,52,456,43,70
758,464627,341,13,87,456,21,91
759,595834,341,23,64,456,41,87
760,858006,341,31,86,456,37,91
761,595921,341,21,51,456,23,45
762,595921,341,21,51,456,27,73
763,989166,341,33,68,456,41,79
764,333878,341,21,67,456,33,71
765,727097,341,23,89,456,37,86
766,596137,341,7,80,456,35,78
767,858284,341,27,66,456,33,61
768,465152,341,21,57,456,31,59
769,465175,341,17,74,456,31,78
770,858664,341,33,33,456,47,32
771,858664,341,41,37,456,47,32
772,858664,341,43,50,456,47,32
773,858707,341,21,62,456,27,72
774,465896,341,11,56,456,23,63
775,990194,341,11,94,456,27,73
776,859304,341,31,75,456,37,86
777,728283,341,17,64,456,23,66
778,204094,341,23,50,456,37,89
779,335262,341,23,68,456,33,86
780,859678,341,23,68,456,31,90
781,859699,341,21,56,456,45,37
782,859699,341,21,56,456,49,57
783,990822,341,25,60,456,35,55
784,204476,341,23,66,456,37,97
785,859930,341,21,76,456,33,69
786,991087,341,21,69,456,29,55
787,204674,341,31,63,456,37,55
789,991303,341,7,68,456,13,64
790,860468,341,27,94,456,43,82
791,860920,341,31,58,456,43,75
792,205764,341,41,63,456,43,71
793,861177,341,27,78,456,33,88
794,730151,341,27,67,456,33,82
795,336963,341,21,73,456,31,69
796,336966,341,7,61,456,13,61
797,337130,341,21,87,456,31,80
798,861511,341,7,90,456,27,87
799,337524,341,21,65,456,31,71
800,468600,341,11,75,456,21,66
801,599796,341,21,72,456,31,69
802,468781,341,33,88,456,41,85
803,993216,341,27,74,456,43,60
804,468945,341,23,66,456,47,75
805,337892,341,29,92,456,31,88
806,731136,341,33,58,456,41,66
807,337955,341,13,87,456,21,80
808,206966,341,23,58,456,37,73
809,206978,341,21,79,456,43,86
810,206996,341,21,88,456,31,73
811,338114,341,43,83,456,53,81
812,469242,341,31,70,456,37,80
813,731472,341,13,69,456,23,83
814,862804,341,31,74,456,37,75
815,469609,341,21,91,456,33,86
816,993946,341,23,90,456,31,80
817,600744,341,31,64,456,37,59
818,731918,341,21,67,456,31,72
819,207804,341,31,81,456,37,92
820,732162,341,21,73,456,37,73
821,207934,341,13,93,456,21,86
822,601356,341,33,82,456,37,80
823,863783,341,21,67,456,31,81
824,994897,341,27,80,456,43,73
825,470742,341,21,57,456,43,54
826,470978,341,13,76,456,17,76
827,471025,341,29,77,456,39,75
828,995406,341,31,72,456,37,90
829,864581,341,31,59,456,51,81
830,995797,341,23,70,456,37,56
832,602838,341,27,70,456,33,92
833,209846,341,21,55,456,33,74
834,472265,341,23,78,456,47,95
835,603357,341,9,40,456,11,67
837,603374,341,27,51,456,47,67
838,734472,341,31,57,456,37,67
839,472339,341,33,62,456,43,68
840,603463,341,53,58,456,61,59
841,603550,341,33,71,456,41,82
842,210526,341,33,57,456,41,51
843,210543,341,31,60,456,37,69
844,210593,341,23,72,456,43,80
845,472869,341,15,93,456,29,94
846,472989,341,13,90,456,23,75
847,997298,341,21,95,456,31,89
848,604300,341,31,67,456,43,84
849,604412,341,21,55,456,27,87
850,735525,341,27,78,456,43,52
851,473457,341,31,71,456,37,73
852,604831,341,31,75,456,37,76
855,998433,341,21,60,456,25,58
856,343076,341,27,64,456,41,68
857,212027,341,33,64,456,43,78
858,343120,341,21,57,456,27,68
859,605447,341,27,60,456,35,51
860,343377,341,33,68,456,41,73
861,998861,341,19,38,456,31,57
864,474754,341,27,71,456,41,82
865,736998,341,31,88,456,37,93
867,212921,341,25,74,456,31,83
868,475198,341,23,70,456,33,62
869,475199,341,25,78,456,27,78
870,737440,341,37,62,456,43,54
871,868523,341,9,63,456,21,88
872,868628,341,7,81,456,17,78
873,868666,341,33,50,456,41,55
874,868699,341,17,67,456,21,68
875,868790,341,13,83,456,23,71
876,737879,341,23,92,456,37,88
877,475829,341,31,78,456,43,75
878,738198,341,27,83,456,41,82
879,738234,341,27,73,456,43,60
880,738415,341,21,98,456,31,73
881,869491,341,13,69,456,21,79
882,214155,341,27,68,456,41,61
883,476353,341,33,87,456,41,79
884,607575,341,17,71,456,23,81
885,476535,341,27,72,456,33,64
886,476552,341,23,90,456,27,63
887,476637,341,27,53,456,43,51
888,345603,341,37,61,456,51,70
889,345811,341,23,43,456,37,84
891,870223,341,33,82,456,41,92
892,214974,341,41,70,456,47,76
893,739278,341,13,67,456,23,86
894,739373,341,9,78,456,21,81
895,346194,341,31,60,456,37,71
896,215168,341,33,87,456,41,91
897,215186,341,27,76,456,33,51
898,739497,341,31,51,456,53,85
899,477636,341,27,81,456,33,43
900,477636,341,27,81,456,43,58
901,346601,341,27,70,456,41,65
902,871139,341,21,73,456,27,74
903,347233,341,21,60,456,31,50
904,609737,341,23,50,456,37,61
905,478731,341,11,78,456,23,89
906,609843,341,21,65,456,31,54
907,741313,341,21,67,456,31,79
908,348184,341,31,58,456,43,75
909,479549,341,21,64,456,29,90
911,479959,341,27,71,456,41,61
912,217879,341,5,80,456,21,86
913,348993,341,31,91,456,37,96
914,611330,341,31,86,456,43,84
915,218335,341,21,78,456,33,79
916,349591,341,13,68,456,33,82
917,873948,341,13,54,456,31,59
918,349725,341,15,61,456,17,40
919,349725,341,15,61,456,21,29
920,742951,341,25,50,456,35,53
921,743057,341,31,74,456,43,84
922,349966,341,3,67,456,23,63
923,481096,341,27,72,456,33,77
924,481224,341,21,59,456,37,55
925,219195,341,21,76,456,33,72
926,874681,341,27,97,456,43,85
927,743900,341,31,69,456,33,79
928,874976,341,41,5,456,43,55
931,612889,341,31,61,456,37,75
932,481876,341,27,70,456,47,85
933,219758,341,17,67,456,21,59
934,481904,341,23,44,456,47,53
935,481904,341,31,70,456,47,53
936,219874,341,21,75,456,31,64
937,744326,341,43,39,456,51,54
941,613418,341,37,64,456,43,74
942,351376,341,19,41,456,31,62
943,351376,341,25,64,456,31,62
944,351450,341,41,50,456,43,59
945,220703,341,11,79,456,23,75
946,613961,341,21,88,456,27,78
947,351971,341,15,83,456,31,68
948,876322,341,9,80,456,25,62
949,483181,341,33,68,456,41,73
950,483216,341,23,76,456,37,88
951,876448,341,21,88,456,27,81
953,483364,341,21,61,456,37,50
954,221274,341,25,75,456,31,69
955,352470,341,21,67,456,33,73
956,876928,341,11,69,456,17,64
957,877331,341,13,64,456,37,65
958,746323,341,29,62,456,35,88
959,484317,341,23,81,456,27,74
960,616033,341,15,77,456,21,71
961,878423,341,23,60,456,31,90
963,878579,341,27,74,456,33,70
964,747686,341,33,63,456,41,72
966,748196,341,23,80,456,31,58
967,223923,341,11,33,456,31,66
968,223923,341,25,66,456,31,66
969,355015,341,13,60,456,33,87
970,879361,341,17,61,456,21,63
971,355269,341,5,84,456,21,92
972,224233,341,13,78,456,23,86
973,355306,341,23,62,456,41,51
974,224284,341,27,50,456,33,77
975,224540,341,23,64,456,31,75
976,355687,341,27,52,456,33,74
977,486792,341,23,68,456,37,77
978,224802,341,23,50,456,31,65
981,749303,341,23,59,456,43,41
982,749370,341,23,71,456,37,72
983,618350,341,33,56,456,43,57
984,618429,341,23,33,456,37,46
985,618429,341,23,33,456,47,53
987,618429,341,43,50,456,47,53
988,225543,341,29,71,456,35,50
989,487698,341,33,55,456,51,79
990,619241,341,21,79,456,33,58
991,357098,341,13,65,456,27,67
992,881437,341,17,85,456,31,50
995,488286,341,31,83,456,43,82
996,226187,341,41,59,456,43,67
998,488646,341,21,76,456,29,79
999,226648,341,21,63,456,31,55
1001,619897,341,43,69,456,51,68
1002,882074,341,27,73,456,33,67
1003,489068,341,27,87,456,41,71
1004,489094,341,13,84,456,27,69
1005,882555,341,31,86,456,37,85
1006,882563,341,7,69,456,13,80
1007,620429,341,21,100,456,31,89
1008,358392,341,21,62,456,39,73
1009,751616,341,21,74,456,31,63
1010,227710,341,17,50,456,31,69
1011,359163,341,27,58,456,41,58
1012,490394,341,27,75,456,41,73
1013,228343,341,21,67,456,37,73
1014,359475,341,23,45,456,37,60
1015,359475,341,31,71,456,37,60
1017,883885,341,21,51,456,31,29
1018,883885,341,21,51,456,41,70
1019,753021,341,25,72,456,35,60
1020,884110,341,7,67,456,23,78
1021,228896,341,31,62,456,43,71
1022,360153,341,31,70,456,43,85
1023,491431,341,31,65,456,33,59
1024,229325,341,27,68,456,41,72
1025,229365,341,33,67,456,41,67
1026,360509,341,21,52,456,33,76
1027,360593,341,21,67,456,33,54
1028,885022,341,31,65,456,37,72
1029,491868,341,33,74,456,41,75
1030,622976,341,43,52,456,51,68
1031,360949,341,31,61,456,39,50
1032,754281,341,11,85,456,29,76
1033,754307,341,25,67,456,31,55
1034,361253,341,23,44,456,37,50
1036,885592,341,23,63,456,37,79
1037,230295,341,17,85,456,21,75
1038,885705,341,17,63,456,23,76
1039,361513,341,13,90,456,17,93
1040,230455,341,21,69,456,31,56
1041,230760,341,31,73,456,43,57
1042,624191,341,39,80,456,45,95
1043,493125,341,23,74,456,37,86
1044,231018,341,25,58,456,29,64
1045,493191,341,27,63,456,43,67
1046,362218,341,23,58,456,37,81
1047,100134,341,33,61,456,43,84
1048,362557,341,23,62,456,31,50
1049,231534,341,33,80,456,43,87
1050,362607,341,21,86,456,31,81
1051,100485,341,21,64,456,31,68
1052,886957,341,31,61,456,37,57
1053,362726,341,21,61,456,33,58
1054,100728,341,21,76,456,33,82
1055,493948,341,13,65,456,23,69
1056,494021,341,27,69,456,43,85
1057,100816,341,13,54,456,31,55
1058,232022,341,21,74,456,31,76
1059,101324,341,23,65,456,33,59
1060,494550,341,23,71,456,37,79
1061,363490,341,21,86,456,27,84
1062,887798,341,31,77,456,43,86
1063,887826,341,33,66,456,47,74
1064,494623,341,23,84,456,31,65
1065,101474,341,17,59,456,21,33
1066,232575,341,13,70,456,23,82
1067,756947,341,9,62,456,11,83
1068,626309,341,13,79,456,23,81
1069,626789,341,21,81,456,33,90
1070,757882,341,31,74,456,37,71
1072,102745,341,23,68,456,31,79
1073,495977,341,23,44,456,37,69
1074,495977,341,31,64,456,37,69
1075,102763,341,37,66,456,47,73
1076,496069,341,17,60,456,33,75
1077,627180,341,35,77,456,41,77
1078,103216,341,23,73,456,37,65
1079,366018,341,33,63,456,43,63
1081,628260,341,23,58,456,37,75
1082,890406,341,21,66,456,23,68
1083,104016,341,13,100,456,21,100
1084,890499,341,17,54,456,23,60
1085,890548,341,27,64,456,41,80
1086,366278,341,13,89,456,21,83
1087,104345,341,23,84,456,31,88
1088,497575,341,7,76,456,21,75
1089,890797,341,9,46,456,19,73
1090,890797,341,11,79,456,19,73
1091,628781,341,31,84,456,37,79
1092,628806,341,33,92,456,41,89
1093,104696,341,21,60,456,33,77
1094,366964,341,25,76,456,29,82
1095,498116,341,17,74,456,23,55
1096,629282,341,23,62,456,33,81
1097,629566,341,31,68,456,33,78
1098,760680,341,17,76,456,21,70
1099,760788,341,13,56,456,23,70
1100,629817,341,11,37,456,23,64
1101,367687,341,23,37,456,37,67
1102,367687,341,31,71,456,37,67
1103,367784,341,41,59,456,47,41
1104,367784,341,41,59,456,57,75
1105,498863,341,23,50,456,31,33
1106,498863,341,23,50,456,43,56
1107,630010,341,13,67,456,21,75
1108,499055,341,33,61,456,41,83
1109,105980,341,9,59,456,21,81
1110,368144,341,27,82,456,41,86
1111,106320,341,9,55,456,21,84
1112,499573,341,21,43,456,35,63
1113,499573,341,29,61,456,35,63
1114,630751,341,23,66,456,37,82
1115,237627,341,33,37,456,41,81
1116,237627,341,37,79,456,41,81
1117,500063,341,23,67,456,33,69
1118,762273,341,21,66,456,33,64
1119,631333,341,23,43,456,27,77
1121,500330,341,13,64,456,23,70
1122,369321,341,23,60,456,27,77
1123,631476,341,23,63,456,43,83
1124,762732,341,21,52,456,31,69
1125,893883,341,37,56,456,43,76
1126,893984,341,21,59,456,27,58
1127,238895,341,25,72,456,31,80
1128,894432,341,21,64,456,25,88
1129,108115,341,21,75,456,27,70
1130,894735,341,27,63,456,41,53
1131,894931,341,21,88,456,31,76
1132,763886,341,23,91,456,43,92
1133,894965,341,21,67,456,37,67
1134,632879,341,23,35,456,41,83
1135,632879,341,37,51,456,41,83
1136,239685,341,21,70,456,31,82
1137,632923,341,23,65,456,27,79
1138,501869,341,19,59,456,35,74
1139,239764,341,27,82,456,41,71
1140,501979,341,15,72,456,29,91
1141,895235,341,23,85,456,37,71
1142,633101,341,15,62,456,25,64
1143,108897,341,13,76,456,23,86
1144,240013,341,33,83,456,37,75
1145,633284,341,27,70,456,43,44
1146,633377,341,7,76,456,23,85
1147,502458,341,33,70,456,41,88
1148,109583,341,13,72,456,23,79
1149,633975,341,23,44,456,37,78
1150,633975,341,31,65,456,37,78
1151,240915,341,7,93,456,21,92
1152,765222,341,27,70,456,33,85
1153,896338,341,33,60,456,43,75
1154,896507,341,21,66,456,27,69
1155,634570,341,33,54,456,37,55
1156,372433,341,33,54,456,43,39
1157,372449,341,31,75,456,37,85
1158,765681,341,21,71,456,23,81
1159,896873,341,5,54,456,21,80
1160,896972,341,21,55,456,33,67
1161,241630,341,31,72,456,43,85
1162,503789,341,21,81,456,33,79
1163,503951,341,21,57,456,33,69
1164,242213,341,27,92,456,33,87
1165,766651,341,13,40,456,27,66
1166,766651,341,21,62,456,27,66
1167,635702,341,41,100,456,53,60
1168,897918,341,27,56,456,41,50
1169,766899,341,17,56,456,23,77
1170,766939,341,31,65,456,45,76
1171,898306,341,21,62,456,33,74
1172,767256,341,41,55,456,49,70
1173,898333,341,23,51,456,27,76
1174,505132,341,27,70,456,41,61
1175,243016,341,27,67,456,41,71
1176,898420,341,27,85,456,33,83
1177,767576,341,15,64,456,31,63
1178,243558,341,21,76,456,33,77
1179,636834,341,15,85,456,21,87
1180,505852,341,31,77,456,43,73
1181,243733,341,21,92,456,33,83
1182,899194,341,33,69,456,43,68
1183,112786,341,37,61,456,43,50
1184,637088,341,37,71,456,51,56
1185,244302,341,17,77,456,23,68
1186,637540,341,23,82,456,31,86
1187,637703,341,9,37,456,29,91
1188,637703,341,15,68,456,29,91
1189,375657,341,23,77,456,31,77
1190,506740,341,21,59,456,27,63
1191,244825,341,33,61,456,41,85
1192,900444,341,21,83,456,23,81
1193,769467,341,31,74,456,43,76
1195,376323,341,33,76,456,37,74
1196,114251,341,27,54,456,37,56
1197,376578,341,21,89,456,29,90
1198,900951,341,17,61,456,23,67
1199,770022,341,23,99,456,31,97
1200,770031,341,31,66,456,33,38
1201,770031,341,31,66,456,51,55
1202,639227,341,31,71,456,33,82
1205,901605,341,21,61,456,23,76
1206,770570,341,27,57,456,31,73
1207,115390,341,31,56,456,37,79
1209,246532,341,1,76,456,13,79
1210,901942,341,37,90,456,43,68
1211,246595,341,31,63,456,37,74
1212,246794,341,7,100,456,13,82
1213,115745,341,41,68,456,43,75
1214,640108,341,31,75,456,43,80
1215,115860,341,27,92,456,31,80
1216,509483,341,23,62,456,31,73
1219,641362,341,33,63,456,43,53
1220,641628,341,21,90,456,27,86
1221,772868,341,31,86,456,37,66
1222,248613,341,33,89,456,41,86
1223,641842,341,29,76,456,31,62
1224,117876,341,31,57,456,43,77
1225,511103,341,15,66,456,31,70
1226,773343,341,27,87,456,41,91
1227,380167,341,23,76,456,31,84
1228,118092,341,23,71,456,37,89
1229,773507,341,23,67,456,33,79
1230,249230,341,21,80,456,27,73
1231,642459,341,13,81,456,21,85
1232,118260,341,21,67,456,33,76
1233,118287,341,23,63,456,31,72
1234,904836,341,25,70,456,29,36
1235,773798,341,1,55,456,19,86
1236,511846,341,27,62,456,43,63
1237,642974,341,41,82,456,47,89
1238,249857,341,23,60,456,33,80
1239,905311,341,21,46,456,41,72
1240,905311,341,35,68,456,41,72
1241,512112,341,21,83,456,31,84
1242,381111,341,23,60,456,37,95
1243,381127,341,27,70,456,41,66
1244,512223,341,21,88,456,27,82
1245,643421,341,31,83,456,37,87
1246,381387,341,29,68,456,35,78
1247,119339,341,33,41,456,43,64
1248,119339,341,41,62,456,43,64
1249,774771,341,31,82,456,37,85
1250,774811,341,33,64,456,41,83
1252,905955,341,27,93,456,33,83
1253,775007,341,13,77,456,23,73
1254,119688,341,27,89,456,41,72
1255,382062,341,13,71,456,23,67
1256,775286,341,21,66,456,33,65
1257,120050,341,23,76,456,37,93
1258,513537,341,9,53,456,21,82
1259,120364,341,21,58,456,29,75
1260,120378,341,27,83,456,33,89
1261,775823,341,33,85,456,41,90
1262,251599,341,9,57,456,29,70
1263,645183,341,33,65,456,41,86
1264,120936,341,31,88,456,43,80
1265,776335,341,37,81,456,47,90
1266,514205,341,37,50,456,47,46
1267,514205,341,37,50,456,51,60
1268,776404,341,27,72,456,33,57
1269,121072,341,11,84,456,13,88
1270,121217,341,21,80,456,33,94
1271,252296,341,25,67,456,29,60
1272,645642,341,23,67,456,27,71
1273,121392,341,27,60,456,33,59
1274,121414,341,3,46,456,13,85
1275,121414,341,7,82,456,13,85
1276,645741,341,21,59,456,25,79
1277,776878,341,31,58,456,37,69
1278,383689,341,27,70,456,47,58
1279,383763,341,33,78,456,43,80
1280,908120,341,43,43,456,47,59
1282,646346,341,13,81,456,17,65
1283,908561,341,13,76,456,21,55
1284,384348,341,27,55,456,41,61
1285,908655,341,3,46,456,13,70
1286,908655,341,7,72,456,13,70
1287,646601,341,27,62,456,43,57
1288,384462,341,21,55,456,33,75
1289,122472,341,27,86,456,33,84
1290,646820,341,37,87,456,47,78
1291,909032,341,21,50,456,33,59
1292,122665,341,21,73,456,33,87
1293,384815,341,27,80,456,37,70
1294,516037,341,33,62,456,41,87
1295,516257,341,3,98,456,13,100
1296,516303,341,3,98,456,13,95
1297,123181,341,21,78,456,27,82
1298,385436,341,23,73,456,37,89
1299,647590,341,21,53,456,31,71
1300,909823,341,23,76,456,43,92
1301,778793,341,21,76,456,31,74
1302,910055,341,33,50,456,47,63
1303,254730,341,9,88,456,21,89
1304,254739,341,13,50,456,23,82
1305,910137,341,5,84,456,21,68
1306,516981,341,31,62,456,37,85
1307,910200,341,33,60,456,41,78
1308,779164,341,27,59,456,41,57
1309,255096,341,33,90,456,41,83
1310,517366,341,17,71,456,27,75
1311,648507,341,21,71,456,29,87
1312,386436,341,27,78,456,33,86
1313,124369,341,35,73,456,41,64
1314,779772,341,23,93,456,31,92
1315,124550,341,33,75,456,43,91
1316,517874,341,9,72,456,21,78
1317,386823,341,37,54,456,43,77
1318,255833,341,27,60,456,53,79
1319,124973,341,11,84,456,15,87
1320,518208,341,23,81,456,37,81
1321,387250,341,13,74,456,27,85
1322,649404,341,33,62,456,41,65
1323,649454,341,31,65,456,43,85
1324,125226,341,13,85,456,23,89
1325,780616,341,19,56,456,29,55
1326,911863,341,21,57,456,25,61
1327,256614,341,13,50,456,23,69
1328,781031,341,17,68,456,23,68
1329,387910,341,21,90,456,27,81
1330,387912,341,27,77,456,41,70
1331,912312,341,21,63,456,37,76
1332,256970,341,23,92,456,37,95
1333,912408,341,23,76,456,37,76
1334,650361,341,13,58,456,23,26
1335,650361,341,13,58,456,37,80
1336,650380,341,21,77,456,23,58
1337,126314,341,31,71,456,37,80
1338,388581,341,23,77,456,33,74
1339,519672,341,9,63,456,21,88
1340,388684,341,27,64,456,57,80
1341,126560,341,19,51,456,25,71
1342,781922,341,27,59,456,37,81
1343,519911,341,11,60,456,21,76
1344,126772,341,27,70,456,33,74
1346,258184,341,33,58,456,41,55
1348,520372,341,23,52,456,31,57
1349,127292,341,33,59,456,47,79
1350,127344,341,17,91,456,21,87
1351,914167,341,23,99,456,31,96
1352,127843,341,31,76,456,43,81
1353,390061,341,23,94,456,51,96
1354,127988,341,29,65,456,31,66
1355,390335,341,39,56,456,49,54
1356,521410,341,33,52,456,41,61
1357,783605,341,21,76,456,23,61
1358,783639,341,21,72,456,33,58
1359,259654,341,33,86,456,43,80
1360,915015,341,17,72,456,27,73
1361,652957,341,13,77,456,21,85
1362,390839,341,17,71,456,27,72
1363,521917,341,9,69,456,21,71
1364,390860,341,33,46,456,37,65
1367,653126,341,23,70,456,37,82
1368,915275,341,21,53,456,33,59
1369,653133,341,27,91,456,53,79
1370,522108,341,37,83,456,47,76
1371,784479,341,23,76,456,43,88
1372,915647,341,31,75,456,43,91
1373,260290,341,27,56,456,41,77
1374,260290,341,33,52,456,41,77
1375,784675,341,27,81,456,37,85
1376,261000,341,31,71,456,51,80
1377,785372,341,21,91,456,27,95
1378,916636,341,21,67,456,31,81
1379,523428,341,33,90,456,43,89
1380,654503,341,23,73,456,43,94
1381,130217,341,27,55,456,31,60
1382,654571,341,27,56,456,37,75
1383,130302,341,31,69,456,43,68
1384,392543,341,1,68,456,13,71
1385,261605,341,21,87,456,41,78
1386,654883,341,31,62,456,37,87
1387,392923,341,19,54,456,31,64
1388,130809,341,21,59,456,29,75
1389,130852,341,27,71,456,41,84
1390,917303,341,23,43,456,41,45
1391,917303,341,23,43,456,47,65
1392,917303,341,27,66,456,41,45
1393,917303,341,27,66,456,47,65
1394,393040,341,41,38,456,43,44
1395,393040,341,41,38,456,47,59
1397,393040,341,43,51,456,47,59
1398,917370,341,17,87,456,27,82
1399,393110,341,29,29,456,55,63
1400,393110,341,45,74,456,55,63
