,StudentID,CourseNumber_x,Term_x,Grade_x,CourseNumber_y,Term_y,Grade_y
0,918323,360,15,68,445,21,63
1,787843,360,13,57,445,21,80
2,525934,360,19,69,445,29,73
5,264569,360,1,78,445,9,77
7,133890,360,13,72,445,33,62
8,265106,360,13,92,445,21,100
9,920693,360,1,72,445,13,84
10,789711,360,1,81,445,9,85
11,265752,360,13,62,445,21,81
13,921584,360,13,74,445,21,70
15,135654,360,13,72,445,21,74
16,528945,360,7,66,445,11,81
17,923674,360,11,87,445,15,78
18,399626,360,9,67,445,21,77
19,268895,360,3,82,445,11,85
20,925098,360,11,75,445,21,71
21,269954,360,27,66,445,33,73
22,401314,360,1,71,445,21,75
23,925983,360,1,76,445,9,81
25,271155,360,9,61,445,11,80
29,140472,360,7,70,445,31,77
30,140592,360,7,66,445,21,79
31,534339,360,15,64,445,19,74
32,141833,360,13,84,445,21,86
33,928379,360,21,72,445,33,78
34,404241,360,9,53,445,41,44
35,666747,360,13,72,445,33,74
36,143033,360,1,76,445,9,86
37,667372,360,27,84,445,41,79
38,667437,360,13,74,445,21,84
39,143517,360,15,87,445,19,88
40,406619,360,27,69,445,41,77
42,669024,360,23,66,445,31,84
44,146062,360,27,74,445,33,64
45,670640,360,7,54,445,13,84
46,932939,360,13,65,445,21,88
47,670998,360,3,83,445,11,80
48,671320,360,7,63,445,13,82
49,802531,360,1,90,445,9,78
51,148179,360,21,68,445,41,85
52,673282,360,7,69,445,23,78
53,280349,360,21,69,445,39,72
54,935908,360,25,78,445,29,61
55,150060,360,31,64,445,35,56
56,543740,360,11,95,445,13,91
57,544465,360,15,68,445,21,79
58,675826,360,3,89,445,11,81
59,675993,360,1,75,445,3,83
60,545134,360,23,84,445,31,70
61,545362,360,21,89,445,29,74
62,283256,360,17,72,445,21,54
63,283750,360,15,57,445,21,74
64,677095,360,15,56,445,19,45
65,677437,360,17,69,445,21,68
67,154198,360,19,46,445,21,70
68,809759,360,7,55,445,21,66
69,285602,360,7,63,445,13,90
71,549442,360,3,60,445,11,56
72,942758,360,7,59,445,11,80
74,287990,360,33,80,445,43,73
76,943619,360,7,71,445,13,84
78,681731,360,51,55,445,53,69
79,943990,360,27,62,445,33,82
80,157683,360,23,68,445,33,77
81,288910,360,29,59,445,31,60
82,289966,360,15,67,445,19,82
83,290499,360,31,55,445,43,79
84,159646,360,7,65,445,13,87
85,946112,360,15,90,445,21,84
86,290808,360,23,75,445,31,64
87,159949,360,27,51,445,33,65
88,160211,360,13,73,445,21,73
89,684587,360,13,82,445,21,79
90,947036,360,15,57,445,19,76
91,816273,360,21,60,445,29,46
92,685309,360,23,89,445,31,80
93,685662,360,13,64,445,21,83
94,292516,360,47,65,445,61,79
95,423961,360,15,72,445,21,62
97,424294,360,1,72,445,9,77
98,424473,360,27,78,445,41,80
99,424529,360,15,73,445,21,65
101,555782,360,1,70,445,9,78
102,687361,360,23,65,445,31,62
103,294200,360,27,65,445,33,76
104,688019,360,1,89,445,3,87
105,425924,360,11,83,445,13,87
106,557475,360,7,53,445,23,66
107,820009,360,13,79,445,21,83
108,689050,360,23,92,445,31,90
109,689339,360,15,73,445,21,72
110,165373,360,7,66,445,31,84
112,820912,360,15,76,445,21,67
113,821068,360,11,81,445,13,83
114,558977,360,9,73,445,21,78
115,166012,360,7,76,445,13,81
116,429001,360,13,77,445,21,83
117,298316,360,21,60,445,25,83
118,298607,360,15,55,445,21,73
119,692679,360,11,73,445,13,85
120,169231,360,47,68,445,51,83
121,431816,360,1,78,445,9,78
122,169763,360,9,57,445,19,72
123,170258,360,3,72,445,11,84
124,170904,360,27,62,445,33,82
125,302473,360,1,90,445,11,92
126,304774,360,1,76,445,9,79
127,304812,360,1,77,445,11,57
129,830000,360,13,68,445,21,78
130,567992,360,1,92,445,13,81
131,569396,360,27,61,445,31,64
132,832340,360,27,58,445,31,66
133,439173,360,1,71,445,13,82
134,963543,360,7,75,445,13,89
135,439308,360,21,55,445,23,53
136,177303,360,13,85,445,21,84
138,308503,360,7,66,445,13,77
139,177847,360,9,63,445,19,75
140,833210,360,13,71,445,21,83
141,702201,360,13,73,445,21,75
142,440275,360,7,67,445,13,90
143,440425,360,21,76,445,33,79
144,572231,360,15,93,445,21,84
145,965461,360,1,76,445,3,73
146,311502,360,9,71,445,21,74
147,967238,360,13,69,445,21,86
148,574051,360,15,82,445,19,82
149,967409,360,27,60,445,43,73
150,181527,360,3,73,445,11,80
151,181758,360,9,52,445,21,66
152,313361,360,7,84,445,13,84
153,313567,360,13,81,445,33,81
154,444764,360,1,73,445,3,85
155,313726,360,13,66,445,21,85
156,313781,360,23,93,445,31,82
158,445327,360,7,65,445,21,87
159,445827,360,13,77,445,21,77
161,708879,360,1,81,445,9,83
162,316033,360,21,64,445,31,58
164,579481,360,21,77,445,23,72
165,973110,360,13,67,445,21,76
166,317770,360,27,90,445,31,82
167,448964,360,27,58,445,43,78
168,973262,360,11,82,445,19,84
170,842640,360,7,41,445,21,69
171,842640,360,11,65,445,21,69
172,580539,360,23,90,445,31,89
173,187777,360,13,91,445,21,89
174,581318,360,15,85,445,21,81
175,712795,360,27,46,445,51,50
176,581981,360,7,79,445,13,89
177,320366,360,1,87,445,9,90
178,189561,360,9,72,445,21,68
179,321069,360,27,50,445,41,42
180,321069,360,27,50,445,43,70
181,976944,360,21,66,445,23,72
182,846387,360,17,80,445,23,74
183,453847,360,1,82,445,9,85
184,847173,360,31,51,445,41,75
185,978306,360,13,64,445,21,77
186,192215,360,23,61,445,31,82
187,454387,360,7,88,445,13,89
188,192279,360,15,67,445,21,75
189,586217,360,21,59,445,29,79
190,586388,360,13,77,445,21,81
191,717587,360,23,52,445,31,77
192,980169,360,13,80,445,21,66
194,456597,360,7,53,445,21,89
196,981517,360,1,76,445,9,76
197,982135,360,7,56,445,23,74
198,982373,360,7,74,445,21,94
199,327083,360,21,59,445,23,73
200,327978,360,21,85,445,23,81
201,721302,360,17,57,445,31,63
202,459420,360,13,92,445,21,91
204,460960,360,27,62,445,41,88
205,592238,360,27,54,445,31,73
206,461704,360,23,87,445,31,91
207,330648,360,13,85,445,21,81
208,986213,360,11,86,445,13,87
209,855212,360,7,67,445,13,77
210,855390,360,13,91,445,33,87
211,200458,360,13,66,445,31,74
212,331557,360,21,83,445,31,76
214,331770,360,27,67,445,33,79
215,594389,360,9,67,445,21,71
216,332396,360,13,67,445,23,71
218,201667,360,1,75,445,13,88
219,202284,360,9,80,445,21,78
220,988805,360,37,57,445,43,68
221,464999,360,15,78,445,21,79
222,465175,360,17,72,445,27,83
223,989682,360,1,80,445,9,89
224,859678,360,23,81,445,31,84
225,335416,360,7,68,445,21,81
226,337524,360,13,74,445,21,67
227,468600,360,11,64,445,29,68
230,206996,360,15,89,445,21,76
231,731538,360,7,58,445,23,76
232,469921,360,11,80,445,13,88
233,340124,360,1,84,445,9,77
234,864692,360,13,81,445,21,83
236,866120,360,13,74,445,33,79
237,736900,360,27,51,445,41,80
238,475198,360,21,78,445,23,64
239,868523,360,1,74,445,9,80
241,214339,360,15,62,445,21,76
242,607575,360,13,72,445,23,78
243,607778,360,7,84,445,23,82
245,739278,360,11,84,445,13,90
246,739373,360,1,86,445,21,79
247,739497,360,31,68,445,51,75
248,739505,360,27,70,445,41,67
249,346601,360,33,73,445,43,61
250,871139,360,13,89,445,21,84
251,215857,360,13,85,445,21,82
252,478731,360,7,69,445,13,89
253,217879,360,1,87,445,9,84
254,349591,360,13,87,445,21,85
255,349966,360,1,72,445,11,71
256,220703,360,11,77,445,13,83
257,351790,360,7,46,445,21,76
258,351790,360,13,81,445,21,76
259,876322,360,1,70,445,9,80
260,352470,360,13,84,445,21,82
261,353699,360,23,80,445,31,75
262,354939,360,7,46,445,13,80
266,355269,360,1,93,445,9,92
268,224540,360,17,77,445,23,78
269,880321,360,17,66,445,23,76
270,618936,360,13,82,445,21,66
271,881437,360,13,64,445,51,76
272,358154,360,19,58,445,71,80
274,621205,360,13,53,445,23,63
275,228527,360,1,75,445,9,81
276,228896,360,23,58,445,31,72
277,622603,360,7,68,445,13,79
278,491811,360,7,57,445,23,67
279,491898,360,7,66,445,13,85
280,229990,360,1,73,445,9,76
282,230760,360,23,66,445,31,46
283,231120,360,21,57,445,31,72
284,362726,360,13,68,445,21,82
285,494381,360,13,63,445,21,65
287,101324,360,23,57,445,33,65
288,494550,360,7,75,445,23,76
289,363490,360,13,91,445,21,86
290,232575,360,7,63,445,13,80
291,626047,360,1,75,445,9,80
292,364059,360,11,69,445,19,78
293,626789,360,21,75,445,23,77
295,235559,360,15,81,445,21,64
296,628781,360,23,80,445,31,71
297,760026,360,7,53,445,21,70
298,629817,360,3,73,445,11,67
299,498827,360,23,76,445,31,66
300,105980,360,1,74,445,9,83
301,106320,360,1,78,445,9,74
302,762732,360,23,40,445,31,70
304,107763,360,1,87,445,9,73
305,501137,360,1,83,445,9,84
306,108115,360,7,83,445,13,88
307,239685,360,21,77,445,29,73
308,895235,360,17,73,445,31,72
309,633702,360,13,77,445,33,80
310,633871,360,21,66,445,33,74
311,896353,360,15,72,445,21,81
312,372449,360,23,69,445,31,80
313,896873,360,1,68,445,9,72
314,110707,360,7,56,445,13,79
315,503951,360,13,67,445,21,69
316,373117,360,27,58,445,33,84
319,636834,360,1,97,445,9,91
320,243733,360,13,91,445,21,96
321,244825,360,27,86,445,43,90
322,114251,360,23,80,445,31,80
323,115091,360,27,47,445,43,61
324,115091,360,33,62,445,43,61
325,770591,360,13,81,445,21,98
326,639660,360,9,69,445,21,77
327,246532,360,1,78,445,3,79
328,770951,360,13,71,445,21,76
329,246818,360,13,77,445,21,82
330,510310,360,11,60,445,19,81
331,641436,360,25,54,445,59,75
332,641842,360,15,46,445,29,68
333,641842,360,21,83,445,29,68
334,773798,360,1,77,445,9,81
335,250100,360,27,71,445,33,76
337,775007,360,13,70,445,23,84
338,119989,360,1,78,445,7,88
339,513252,360,1,71,445,11,80
340,775424,360,13,77,445,21,88
341,513537,360,1,69,445,9,71
342,251599,360,1,69,445,9,81
343,121072,360,3,92,445,11,89
344,252314,360,15,60,445,29,70
345,645642,360,21,56,445,23,74
346,121392,360,33,54,445,43,65
347,384462,360,13,78,445,21,93
348,122665,360,23,67,445,31,67
349,778399,360,23,59,445,31,68
350,385436,360,17,70,445,31,71
351,385780,360,13,70,445,21,84
352,254730,360,1,91,445,9,91
353,910137,360,1,93,445,9,87
354,517874,360,1,90,445,9,77
355,256614,360,7,50,445,11,74
356,519092,360,13,67,445,33,73
357,781716,360,15,51,445,39,45
358,519672,360,1,85,445,9,77
361,519911,360,1,87,445,11,77
362,258220,360,13,60,445,21,84
363,520372,360,23,71,445,31,81
364,652446,360,31,65,445,33,75
365,914726,360,15,63,445,21,74
366,128433,360,7,81,445,13,87
367,390860,360,27,46,445,43,70
368,390860,360,33,54,445,43,70
369,128748,360,1,70,445,21,76
370,522108,360,23,56,445,41,83
371,391956,360,11,76,445,13,88
372,261000,360,31,74,445,43,84
373,654350,360,13,63,445,33,72
374,393110,360,15,72,445,51,88
