,StudentID,CourseNumber_x,Term_x,Grade_x,CourseNumber_y,Term_y,Grade_y
1,131252,486,27,66,454,31,69
2,524634,486,41,82,454,43,87
8,394865,486,41,68,454,47,59
11,526476,486,23,43,454,31,54
15,265140,486,31,46,454,35,59
18,135634,486,15,91,454,19,72
21,266931,486,37,84,454,43,91
24,399262,486,31,55,454,33,77
29,924461,486,37,54,454,43,73
30,793596,486,31,92,454,37,81
31,138354,486,29,75,454,31,83
33,925225,486,31,79,454,37,72
49,664915,486,7,87,454,17,79
51,140941,486,29,83,454,31,83
52,403160,486,31,77,454,41,50
56,403610,486,27,60,454,33,65
58,404241,486,29,57,454,31,57
59,535638,486,27,79,454,33,67
68,144275,486,27,71,454,33,63
70,406619,486,41,78,454,47,64
73,669558,486,37,80,454,43,76
75,801399,486,29,69,454,35,83
76,801457,486,51,70,454,67,73
77,932939,486,27,75,454,33,50
78,277600,486,21,79,454,27,84
79,146581,486,27,87,454,33,91
80,539975,486,23,71,454,27,85
81,802148,486,37,56,454,43,77
82,409288,486,17,81,454,23,86
83,409608,486,31,64,454,33,61
89,148951,486,7,89,454,11,83
94,674288,486,27,75,454,37,77
95,674299,486,31,84,454,37,74
97,936571,486,29,64,454,31,63
100,675020,486,37,90,454,43,88
101,675371,486,25,73,454,31,62
104,938497,486,27,67,454,33,62
107,939316,486,41,71,454,43,61
110,939762,486,11,80,454,19,68
115,809553,486,41,70,454,43,78
126,549899,486,29,91,454,31,92
131,157391,486,31,82,454,33,65
133,157976,486,27,75,454,33,79
134,813779,486,31,68,454,37,84
136,551747,486,27,92,454,33,67
138,158683,486,27,88,454,33,64
139,158753,486,31,66,454,41,67
144,159949,486,41,83,454,43,72
147,553777,486,31,95,454,33,87
152,161887,486,37,83,454,43,75
155,948783,486,23,72,454,33,52
159,294200,486,41,82,454,43,72
161,818566,486,23,83,454,31,83
164,295038,486,31,78,454,33,55
168,164440,486,33,69,454,37,68
169,950975,486,31,77,454,33,86
171,689026,486,27,89,454,31,91
185,167249,486,37,87,454,43,78
189,823053,486,41,51,454,43,64
197,562572,486,31,64,454,37,60
199,693742,486,21,84,454,23,81
202,563507,486,31,71,454,37,92
205,695597,486,17,90,454,21,66
206,434052,486,31,87,454,37,61
212,304558,486,41,76,454,43,72
213,435703,486,31,88,454,37,86
214,697896,486,31,83,454,37,86
217,829762,486,21,46,454,31,55
223,961965,486,33,73,454,37,66
224,962421,486,25,74,454,29,70
228,569944,486,29,70,454,49,67
229,832180,486,31,60,454,33,74
231,832304,486,41,76,454,43,72
232,963543,486,21,67,454,23,64
235,440275,486,21,71,454,23,70
240,179629,486,31,80,454,37,88
242,311290,486,13,82,454,23,87
245,312164,486,31,67,454,37,65
246,181332,486,41,56,454,43,71
250,181758,486,21,50,454,25,78
255,706794,486,27,82,454,33,65
256,313726,486,27,74,454,33,75
257,576188,486,31,73,454,33,70
258,445831,486,27,64,454,33,37
262,446440,486,31,76,454,43,84
263,577553,486,31,74,454,43,75
264,577594,486,41,70,454,43,50
265,184522,486,31,80,454,37,81
266,315884,486,27,81,454,37,51
273,580116,486,21,82,454,23,78
274,711314,486,31,88,454,43,97
276,973582,486,33,55,454,41,74
277,842542,486,35,65,454,41,60
284,712086,486,21,78,454,23,87
285,712223,486,19,79,454,29,80
287,712389,486,27,82,454,33,77
288,450477,486,37,71,454,47,66
289,843737,486,45,52,454,49,64
292,975355,486,43,63,454,51,73
299,845250,486,37,78,454,43,71
301,976874,486,27,86,454,31,81
303,976944,486,27,69,454,31,66
305,191192,486,27,68,454,33,82
311,192279,486,31,74,454,35,74
312,323398,486,31,59,454,39,64
317,848930,486,41,69,454,43,85
320,456290,486,27,73,454,33,63
321,587957,486,43,57,454,47,69
323,456981,486,37,89,454,43,81
324,719326,486,31,64,454,43,60
327,719980,486,39,86,454,41,83
334,328123,486,31,83,454,37,86
338,197881,486,31,81,454,43,79
339,853309,486,25,55,454,31,50
344,330040,486,31,64,454,37,76
346,330648,486,27,77,454,33,89
348,854990,486,31,72,454,39,62
351,200101,486,37,80,454,41,85
354,986829,486,29,69,454,35,68
356,331770,486,41,79,454,43,75
357,594032,486,37,72,454,43,78
361,725474,486,33,91,454,51,70
362,725587,486,27,74,454,33,71
363,595358,486,27,75,454,31,78
364,464418,486,27,72,454,33,50
366,595834,486,31,65,454,43,80
370,333878,486,31,71,454,41,83
371,464999,486,29,73,454,31,82
374,465896,486,23,66,454,27,66
376,204747,486,31,50,454,41,74
379,467327,486,27,54,454,31,64
380,860920,486,33,71,454,41,87
383,336966,486,17,78,454,21,72
384,861511,486,21,87,454,27,86
386,861718,486,15,80,454,21,77
389,337955,486,27,75,454,33,75
390,862353,486,21,86,454,31,68
393,207735,486,41,87,454,43,85
394,732162,486,27,85,454,41,77
395,994504,486,31,87,454,37,100
396,602193,486,33,89,454,43,64
400,472265,486,31,88,454,37,70
401,603374,486,41,68,454,47,79
402,603463,486,61,43,454,63,54
404,341410,486,31,94,454,33,85
405,603559,486,29,72,454,31,84
413,998904,486,27,60,454,33,66
414,999029,486,31,95,454,33,86
415,474754,486,41,92,454,43,82
417,475295,486,31,67,454,33,61
418,475829,486,37,79,454,43,74
419,738198,486,41,90,454,43,67
422,607778,486,17,90,454,23,84
426,477636,486,31,59,454,41,57
428,741084,486,41,51,454,47,67
433,611330,486,37,78,454,43,70
439,219195,486,23,58,454,37,78
441,481876,486,37,80,454,43,90
449,485739,486,31,79,454,43,87
450,879176,486,21,77,454,33,39
451,224233,486,21,77,454,23,85
454,748738,486,31,72,454,33,68
455,486792,486,31,85,454,37,85
459,358154,486,39,5,454,71,77
462,751616,486,23,87,454,31,68
463,227710,486,27,66,454,33,43
466,359475,486,43,51,454,47,66
470,230295,486,21,71,454,35,86
478,624733,486,21,83,454,23,77
481,232022,486,31,74,454,33,61
484,627073,486,37,85,454,43,80
487,103216,486,31,74,454,43,81
490,890406,486,23,83,454,37,72
492,366278,486,17,87,454,21,80
494,497575,486,21,78,454,23,75
496,628781,486,37,85,454,43,82
504,236947,486,31,83,454,37,77
506,630751,486,31,79,454,37,89
509,107606,486,41,88,454,43,67
512,370369,486,17,82,454,21,85
513,894931,486,23,64,454,27,79
514,239764,486,41,87,454,43,86
515,501979,486,29,79,454,31,90
521,765735,486,47,55,454,53,78
524,110707,486,13,75,454,21,73
525,242213,486,33,88,454,41,83
530,112291,486,27,73,454,33,70
532,637703,486,29,73,454,31,79
538,770022,486,31,86,454,37,90
541,115860,486,31,69,454,33,81
544,640792,486,21,71,454,23,72
551,117876,486,37,82,454,51,86
553,773343,486,41,86,454,43,82
556,904836,486,29,52,454,31,51
558,249547,486,23,64,454,27,83
563,775823,486,41,66,454,47,84
564,251978,486,37,77,454,43,85
566,121072,486,13,88,454,23,88
568,383571,486,29,60,454,31,60
571,908134,486,21,89,454,23,72
572,777142,486,23,68,454,31,79
575,909032,486,23,72,454,31,59
576,646922,486,27,76,454,31,72
577,123181,486,31,53,454,33,57
579,909980,486,37,75,454,43,90
582,517213,486,27,78,454,31,77
588,125226,486,21,83,454,23,82
592,912408,486,31,75,454,37,72
594,257588,486,25,90,454,31,91
597,520067,486,13,69,454,17,66
604,521525,486,31,63,454,37,71
605,128433,486,21,88,454,23,81
612,391015,486,31,56,454,37,85
616,784479,486,31,86,454,37,78
623,785631,486,29,75,454,31,68
624,261605,486,27,88,454,43,77
625,130852,486,33,62,454,41,75
626,917370,486,21,70,454,33,66
