CS134,CS343
80,77
80,71
72,65
65,62
75,61
66,66
91,88
77,80
91,83
76,50
66,82
63,45
63,45
78,74
91,90
85,75
80,82
82,69
70,71
83,80
80,83
73,72
86,76
85,79
86,80
93,84
86,83
67,76
75,72
76,43
76,42
76,61
66,85
78,83
68,77
78,83
90,75
85,61
58,77
73,63
75,78
70,80
80,72
76,80
74,72
87,73
92,79
81,78
71,85
56,62
76,66
70,75
80,65
84,59
80,75
73,74
75,76
69,72
81,77
81,65
93,80
79,59
76,63
81,67
84,91
79,80
79,70
71,74
73,69
73,68
88,85
75,76
81,77
63,75
91,83
87,87
85,34
85,61
86,81
72,67
64,70
78,86
85,81
79,79
77,80
87,71
64,71
95,76
80,83
77,73
84,76
82,70
93,81
79,63
67,74
81,83
85,71
77,61
85,88
80,60
84,65
69,40
69,40
63,70
73,58
76,70
88,74
77,53
78,68
67,84
68,52
89,80
70,76
83,80
85,81
80,52
82,69
57,63
91,86
82,75
73,77
60,76
70,59
61,54
71,66
68,72
83,86
77,74
69,60
65,79
54,70
75,75
84,61
75,88
63,63
79,71
64,77
75,83
80,80
72,60
65,88
65,74
77,50
66,39
91,90
58,52
67,72
84,81
69,62
83,76
82,76
79,63
84,70
91,63
94,82
73,45
66,69
73,82
61,63
90,74
68,82
66,57
62,70
81,82
84,81
89,83
84,57
80,67
79,88
81,83
58,71
62,60
81,75
79,80
72,74
70,60
79,79
95,84
88,80
98,88
85,77
83,50
84,88
75,72
95,90
91,39
91,65
82,71
83,87
75,78
81,81
93,81
79,68
95,66
72,66
89,78
89,88
91,85
76,70
72,77
75,73
82,74
68,89
80,34
86,50
57,61
76,74
72,81
75,67
75,64
79,72
71,55
63,65
91,50
80,88
61,69
76,85
66,60
79,70
86,84
95,85
87,60
81,79
80,79
81,89
79,31
60,79
87,82
86,78
81,78
93,54
77,86
86,87
75,78
94,92
74,69
91,50
73,67
72,56
76,71
68,67
86,81
84,51
70,56
65,59
73,71
84,82
71,82
67,50
97,88
92,90
77,54
69,72
73,77
84,74
83,63
83,80
75,79
80,79
90,79
71,68
77,57
87,82
78,51
97,90
65,71
76,77
77,60
92,87
85,82
71,63
71,73
81,81
79,76
82,73
80,68
64,80
95,82
74,65
94,95
84,68
84,46
78,62
50,75
57,56
83,73
81,79
79,46
79,41
82,58
76,75
93,90
81,52
92,79
84,77
67,73
86,87
78,53
75,61
72,80
83,72
60,77
81,53
63,61
85,83
78,57
72,70
84,66
78,84
81,84
68,69
85,72
80,77
84,76
87,88
80,76
70,52
75,60
57,74
82,79
80,74
83,68
76,55
78,62
81,82
69,56
80,80
79,76
60,68
58,57
69,75
96,85
88,71
85,88
51,60
85,86
87,82
93,88
63,67
74,89
79,70
82,76
87,67
76,50
72,67
87,65
88,44
78,66
89,86
80,75
75,78
86,68
87,86
87,67
57,58
73,74
89,91
89,89
93,89
94,83
79,61
81,78
91,82
84,70
81,81
71,81
56,63
80,76
63,70
90,84
86,78
75,79
63,50
94,85
85,73
66,74
74,84
78,43
78,65
69,78
86,69
50,61
81,62
71,92
82,85
71,59
74,73
61,63
79,79
90,86
84,83
70,76
90,81
80,81
80,35
76,66
63,54
78,66
87,82
82,82
82,74
92,85
83,44
83,78
64,73
69,69
72,74
82,74
62,35
58,68
67,76
73,75
67,61
88,74
65,66
78,85
62,69
77,82
84,76
91,38
70,79
96,89
82,80
70,60
56,64
87,87
74,81
72,61
94,51
63,77
85,89
58,43
58,77
80,63
66,52
87,75
76,50
38,64
64,64
85,70
80,28
91,80
62,84
83,74
70,71
57,70
85,29
85,54
75,71
82,79
90,72
78,71
80,85
74,50
74,77
55,77
76,77
79,78
76,69
75,61
72,74
86,92
84,67
73,65
93,89
88,85
72,82
66,50
72,68
81,54
77,71
63,57
82,65
67,80
99,86
85,74
73,60
77,88
86,83
88,85
76,78
71,78
91,50
92,86
85,71
72,80
72,78
84,69
85,80
76,61
85,38
87,82
76,81
91,88
83,89
81,58
92,86
81,82
82,83
87,83
75,54
80,74
83,77
59,74
50,50
77,41
77,61
63,80
80,82
95,95
77,74
65,50
81,85
88,78
73,59
86,82
78,82
76,57
89,82
65,58
86,82
73,66
88,50
85,71
82,83
87,89
94,64
77,59
77,80
79,83
72,66
84,90
72,75
79,89
75,69
75,70
84,57
82,73
97,83
80,71
81,77
57,77
80,89
69,62
90,41
86,72
71,78
82,86
78,29
78,64
51,75
81,38
81,66
85,57
69,61
85,82
67,71
92,51
74,57
67,55
90,92
87,75
85,63
86,75
84,79
70,61
84,69
90,90
83,79
79,67
71,54
74,77
75,86
80,72
90,88
74,50
82,70
81,66
88,87
85,78
87,82
83,64
80,79
84,83
76,60
82,76
71,50
86,81
81,69
86,84
73,50
83,62
84,77
82,59
92,84
81,57
71,77
76,68
66,53
80,80
87,87
73,65
73,74
92,83
65,82
73,40
73,58
74,68
83,85
65,68
93,81
83,91
70,56
82,81
75,63
85,86
75,76
77,77
76,76
89,52
73,56
88,85
74,75
90,90
78,85
82,52
84,85
80,55
50,71
71,71
72,83
50,82
71,77
96,89
75,60
74,67
56,51
73,44
73,57
76,62
69,69
71,69
93,67
82,70
79,88
80,81
72,67
46,60
76,60
62,61
80,91
63,71
78,85
90,84
88,87
81,79
72,45
72,50
79,43
79,76
70,68
79,73
77,65
65,67
72,91
94,82
65,79
63,79
75,59
62,73
60,50
53,65
76,70
81,65
91,86
72,77
63,77
76,54
84,74
85,71
77,73
76,69
76,86
78,77
81,79
66,61
88,65
78,69
80,74
69,64
69,32
72,50
83,84
92,86
65,67
69,53
95,90
71,74
59,77
72,79
61,54
88,68
80,70
83,46
83,73
76,77
70,65
87,60
69,56
72,70
84,77
86,80
80,41
80,75
83,67
78,71
83,84
90,81
76,75
84,81
68,45
68,69
81,87
72,56
73,75
80,82
84,79
86,67
60,77
82,91
66,64
64,71
95,88
81,82
66,66
84,86
58,53
80,82
74,78
82,67
86,86
82,78
66,55
80,80
80,88
64,57
79,91
90,72
80,73
79,78
70,80
85,94
75,73
82,74
68,62
43,75
68,75
57,77
60,74
72,75
100,90
83,80
83,62
80,58
83,54
79,72
74,45
83,87
70,73
95,81
88,86
73,64
64,86
77,56
70,83
86,60
74,74
83,83
78,70
70,50
80,76
74,66
85,80
78,66
74,65
95,78
55,77
80,70
88,78
68,73
66,50
75,69
82,77
74,81
74,66
79,62
57,73
96,79
79,67
86,82
63,68
70,55
82,75
65,74
84,83
87,87
67,76
75,75
68,71
75,39
75,25
68,71
77,75
57,88
69,81
76,77
73,77
80,75
73,71
68,75
72,75
98,93
63,66
83,68
71,52
78,65
70,72
82,81
90,61
87,77
80,59
77,61
71,29
71,66
76,72
82,83
82,83
87,55
81,59
96,90
97,88
94,76
66,75
73,56
66,51
84,73
61,83
67,74
87,64
81,88
80,74
87,63
84,76
66,57
71,62
88,68
56,70
80,64
68,50
90,80
92,74
87,86
70,63
70,86
75,80
68,75
77,77
77,82
87,64
71,63
94,75
81,78
79,85
78,61
83,80
91,87
77,68
78,75
89,80
85,80
82,87
85,50
71,69
72,80
79,63
81,71
61,50
77,50
65,65
65,65
81,67
76,52
72,75
76,53
85,77
79,54
91,77
61,60
74,68
73,62
85,68
67,62
85,82
96,69
79,70
76,80
82,73
85,66
86,88
94,75
67,59
77,77
89,86
82,82
71,88
64,66
92,84
87,79
78,81
91,85
72,39
72,71
79,87
76,53
67,67
88,88
70,50
85,78
60,85
43,70
74,70
84,88
70,78
86,86
92,79
87,77
86,57
80,69
89,50
68,76
69,68
76,75
76,80
59,71
81,60
53,85
95,90
90,86
80,78
79,54
98,87
78,66
55,55
89,60
79,86
79,89
77,53
78,73
74,58
88,77
86,87
81,83
74,90
83,81
75,78
87,93
84,86
76,80
82,76
61,65
72,80
70,79
71,76
90,77
86,57
