CS133,CS240
65,64
96,84
77,72
92,73
78,59
90,74
67,64
86,67
84,85
81,60
80,63
92,62
85,82
76,57
82,75
64,57
64,76
93,95
99,87
88,75
84,73
87,77
90,77
91,80
85,53
92,85
82,56
82,67
92,73
98,79
86,50
73,44
81,70
84,80
66,51
93,82
84,56
70,69
91,66
66,59
93,75
77,59
77,62
87,69
94,89
81,65
84,76
85,81
55,61
89,61
74,76
79,74
92,64
80,55
86,71
92,84
72,57
71,62
66,70
95,88
82,65
76,88
81,57
96,85
45,43
45,52
46,64
74,64
63,65
89,77
84,73
90,78
59,74
85,70
83,85
85,65
60,72
89,80
85,74
89,69
73,82
74,70
89,68
88,76
83,76
82,69
89,90
88,62
74,61
93,86
65,51
64,60
97,96
84,72
92,75
73,73
93,73
78,73
77,81
84,57
50,65
70,65
91,66
59,72
88,63
84,54
95,93
57,65
50,78
69,75
84,74
83,74
91,50
91,50
83,82
62,79
82,65
72,54
79,45
79,68
71,59
46,62
87,62
66,66
88,91
25,79
82,79
62,75
83,69
58,86
71,66
92,70
89,55
77,85
82,75
79,64
61,75
83,71
88,73
80,66
80,68
46,64
66,46
50,55
75,61
94,83
97,91
93,51
84,63
87,83
90,84
86,73
74,44
74,61
62,65
97,93
94,86
85,68
61,60
91,45
91,63
90,82
89,84
90,63
82,100
88,85
83,68
85,68
97,74
46,54
84,72
91,79
68,75
64,66
75,75
87,88
64,66
75,72
82,68
90,80
88,85
88,81
87,77
89,88
76,50
90,85
69,74
86,68
89,63
79,69
90,72
87,87
64,75
85,69
41,64
91,61
83,68
89,82
37,66
45,66
72,66
90,59
89,81
67,53
34,66
89,75
81,80
82,77
86,24
86,73
84,81
75,70
91,77
85,73
85,83
83,72
99,93
79,81
88,85
41,64
85,43
85,50
84,86
57,61
91,76
89,61
76,64
89,75
81,70
86,72
94,82
94,79
82,83
84,65
92,80
84,80
70,70
88,50
80,66
75,71
63,51
81,62
98,97
78,57
91,79
93,82
91,54
50,62
77,69
91,81
100,89
59,90
90,80
85,46
85,67
82,34
82,73
78,81
95,52
80,75
29,62
99,83
70,57
85,65
98,80
96,85
87,64
84,69
88,86
60,65
90,91
71,67
95,81
73,45
73,50
100,93
96,71
97,41
97,44
86,61
91,67
95,86
90,80
69,75
42,60
28,72
44,72
85,53
85,82
93,73
70,64
85,46
85,65
65,56
35,62
86,71
97,84
89,80
56,53
89,76
71,54
51,63
88,67
80,55
85,72
91,70
85,64
96,92
90,68
46,50
46,72
83,50
83,72
90,84
96,68
77,54
83,82
69,67
87,59
59,60
80,68
82,53
70,71
79,57
70,64
82,71
72,82
95,99
57,51
77,67
73,67
73,63
75,51
79,80
57,71
83,76
64,71
80,75
59,63
95,86
86,63
87,65
86,80
86,70
89,77
90,53
74,72
63,75
85,66
39,68
65,74
32,68
63,68
90,79
55,66
73,71
83,81
82,71
84,50
85,77
79,83
99,84
81,62
63,88
88,71
88,67
85,71
87,84
100,75
35,52
71,54
76,78
83,66
74,82
75,62
95,87
50,60
62,56
73,61
60,51
90,81
64,60
76,83
92,88
90,87
90,67
74,58
85,80
81,70
89,39
89,69
29,79
85,56
83,81
75,77
80,68
92,82
95,80
95,76
86,78
70,70
91,79
76,70
53,68
82,77
87,84
91,76
69,73
91,81
70,73
81,68
83,82
72,65
87,76
71,77
83,70
70,59
75,70
92,56
80,83
91,55
77,81
81,72
88,71
75,50
75,55
45,67
87,74
86,84
81,73
86,85
69,74
85,58
95,81
87,87
39,74
84,84
88,80
78,57
87,76
79,69
80,77
87,84
88,75
82,81
53,67
85,89
95,100
81,86
66,60
62,70
66,61
99,94
87,83
90,72
69,60
64,67
94,74
85,65
78,76
92,93
92,95
84,63
71,52
71,54
78,57
66,61
86,77
68,61
74,71
76,67
53,67
37,52
66,52
46,59
54,60
81,65
64,66
72,66
72,80
88,65
92,78
61,61
70,66
81,82
70,59
93,75
58,58
72,62
95,84
72,62
76,67
92,98
63,70
86,65
95,89
90,75
83,71
63,66
84,68
92,72
59,55
91,85
75,78
80,64
71,69
79,61
85,82
59,67
94,81
96,72
89,72
92,69
90,83
93,64
69,67
66,63
81,70
68,76
78,65
86,51
79,70
30,86
85,72
89,67
94,71
71,64
63,51
90,76
86,71
84,76
67,71
88,58
84,58
90,77
41,70
87,80
83,63
64,60
59,69
86,66
89,76
75,71
95,67
72,75
73,80
90,76
66,59
88,72
84,71
76,67
65,57
79,71
65,72
91,52
83,76
68,75
58,50
81,81
62,66
84,62
90,83
58,60
91,66
93,76
97,85
88,55
75,61
82,63
75,57
80,53
84,68
67,72
92,59
80,72
77,61
80,50
64,72
93,80
92,66
68,66
91,80
75,78
46,65
67,69
85,67
83,84
78,75
92,43
92,66
61,65
79,63
63,62
64,69
97,82
82,81
74,53
88,79
90,63
68,46
68,69
94,85
73,75
61,68
82,73
82,86
84,77
89,79
86,77
72,73
80,69
46,62
88,73
98,85
63,73
73,56
92,71
66,78
96,73
92,97
86,81
82,87
90,70
88,83
75,58
88,79
97,87
77,69
70,54
89,75
79,68
70,71
89,67
79,64
71,79
68,64
62,53
84,65
82,72
75,72
72,81
77,67
87,66
93,73
81,70
100,99
87,56
92,93
86,58
82,78
85,60
85,83
88,84
94,86
66,63
70,73
96,93
78,84
71,71
66,68
93,73
70,66
85,65
40,72
81,87
64,66
77,63
84,61
85,73
78,76
92,66
46,72
90,87
59,63
87,85
82,83
83,79
85,62
97,83
64,73
66,63
85,81
82,66
88,80
81,72
85,89
72,72
93,83
80,75
95,80
57,52
95,88
63,60
88,84
63,70
82,61
82,84
92,82
84,72
86,66
57,74
82,77
78,80
82,87
90,82
93,58
77,77
90,69
81,80
88,86
92,81
91,84
68,66
82,76
86,72
77,91
79,68
95,89
67,64
90,82
95,73
98,82
90,67
80,69
92,69
80,62
86,80
82,80
72,65
96,84
80,58
91,51
90,69
94,100
73,65
78,50
76,62
93,91
94,93
68,83
89,60
84,76
64,55
60,65
90,78
50,60
80,72
67,56
84,74
86,83
84,69
60,57
90,76
84,68
83,87
61,52
92,75
79,74
88,65
90,82
89,72
34,50
81,66
91,71
86,74
79,62
