grade1,grade2
84,77
73,71
80,65
82,73
64,62
53,61
68,66
97,88
85,80
90,83
70,50
82,90
63,82
62,45
62,45
57,74
95,90
74,75
75,82
73,69
82,88
70,71
68,80
76,83
67,72
80,76
85,79
70,80
99,95
79,84
96,83
67,76
61,72
70,43
70,42
70,61
54,85
69,83
64,77
80,83
82,75
81,61
62,77
77,63
75,78
59,80
59,72
69,80
66,72
84,73
91,79
81,78
58,85
61,62
61,66
72,75
70,65
61,59
76,75
74,74
62,76
74,72
69,77
56,56
64,65
76,80
68,59
61,63
57,67
88,91
79,80
70,70
53,50
62,74
70,69
69,68
88,85
65,72
68,76
78,77
65,75
91,83
88,87
73,34
73,61
86,81
65,67
80,70
77,86
64,81
66,68
73,79
74,80
76,86
85,71
65,71
79,76
80,83
60,73
66,76
69,70
91,81
82,63
70,74
76,83
75,71
56,71
67,61
77,88
68,60
76,65
55,40
55,40
54,70
62,58
61,70
86,74
57,53
46,68
61,68
72,84
54,52
81,80
66,76
72,80
75,81
58,52
63,61
86,69
73,63
73,86
75,75
65,77
81,76
59,59
63,54
57,66
72,72
84,86
63,74
77,60
68,79
65,70
67,75
78,61
72,88
63,63
46,71
68,71
73,77
74,83
70,80
50,60
50,60
82,88
77,83
65,74
60,50
75,39
75,90
60,52
67,72
91,81
65,62
79,76
65,63
62,70
79,63
95,82
69,45
65,69
86,82
66,63
70,63
85,74
75,82
52,57
76,70
70,82
81,81
87,83
63,79
39,57
73,57
65,67
71,88
73,83
68,71
69,60
68,59
67,75
70,80
46,70
65,70
51,74
51,60
63,79
82,84
83,80
97,88
84,77
64,13
69,50
40,72
82,72
66,88
65,72
93,90
86,39
86,65
68,71
82,87
59,78
82,81
93,81
76,68
76,85
77,66
71,66
62,78
100,88
98,80
53,23
88,85
67,70
70,77
69,73
85,74
85,89
68,34
74,50
54,61
72,74
78,81
79,67
75,64
52,72
69,55
66,65
56,50
88,88
59,69
89,85
66,60
70,70
74,84
90,85
83,60
75,79
85,79
75,89
70,31
45,79
68,79
90,82
68,78
80,78
69,54
77,86
85,87
81,78
77,92
76,69
50,50
65,67
50,56
69,71
55,67
85,81
63,51
81,56
90,80
69,59
70,71
81,82
75,82
64,50
96,88
89,90
59,54
82,72
68,77
76,74
82,63
79,80
79,79
86,79
84,79
59,68
71,57
81,82
75,51
99,90
80,71
77,77
59,60
91,87
73,82
77,63
79,73
83,81
81,76
77,73
81,68
84,90
72,80
86,82
70,65
77,95
87,68
86,46
83,62
73,75
57,56
73,73
63,46
63,41
74,58
72,75
93,90
65,52
83,79
85,77
64,73
86,87
61,53
71,61
64,80
75,72
67,77
70,53
69,61
77,83
93,86
69,70
73,66
89,80
72,84
79,84
80,72
85,88
65,59
68,69
80,72
79,77
80,76
77,88
70,76
50,52
66,60
51,74
72,79
69,74
75,68
57,55
62,62
79,82
41,56
75,56
82,80
54,76
62,68
69,57
70,75
89,85
80,71
89,79
81,88
75,60
83,86
65,82
80,88
79,67
86,89
63,70
82,76
85,67
60,50
55,67
91,65
77,44
66,66
88,86
75,75
83,78
67,68
84,76
87,86
81,67
54,58
80,74
93,91
71,89
89,89
98,83
61,61
67,78
86,82
65,70
85,44
85,69
80,81
79,81
72,78
53,63
82,63
68,76
68,70
95,84
73,78
64,79
46,50
65,50
87,85
84,82
86,73
62,74
93,84
77,43
77,65
67,78
82,69
56,61
61,62
68,92
74,85
50,59
50,73
61,63
71,79
93,86
84,83
62,76
71,81
88,81
76,35
56,66
50,54
67,66
72,82
70,82
84,74
92,85
68,44
84,78
72,73
54,69
81,74
82,74
67,35
79,76
77,68
72,76
68,75
71,61
86,81
80,74
57,66
71,85
72,69
76,82
85,76
87,38
70,79
99,89
84,80
56,60
64,64
89,87
67,81
71,61
87,51
71,77
75,89
63,43
63,77
86,63
62,52
80,75
65,50
67,64
73,70
86,76
81,28
82,80
56,84
77,74
77,71
58,70
71,29
71,54
53,79
64,72
72,71
77,85
60,50
75,77
73,77
78,78
67,69
68,61
74,74
76,67
81,65
97,89
79,85
86,82
71,50
67,68
50,54
77,71
83,57
75,65
95,77
69,80
66,56
84,86
82,74
57,60
83,81
88,88
93,83
94,85
71,78
76,78
71,50
84,86
77,71
75,80
62,78
72,69
87,80
68,61
61,38
80,82
56,81
94,88
81,89
83,58
88,86
78,82
87,83
67,83
66,54
73,63
80,74
70,77
64,74
54,50
63,55
67,80
73,82
95,95
56,74
56,50
73,85
82,78
62,59
80,82
79,82
78,82
64,57
82,82
80,82
62,66
76,50
78,71
84,83
79,89
83,64
72,59
76,80
84,83
58,66
73,66
81,90
73,75
81,89
68,69
74,70
82,57
64,73
96,83
76,71
77,77
52,77
88,89
59,62
56,41
83,72
72,78
69,86
57,29
57,64
64,81
67,75
60,38
60,66
74,57
60,61
84,82
73,71
73,51
84,57
74,55
92,92
73,75
81,63
87,75
79,79
78,85
63,61
79,64
80,69
84,90
80,79
56,67
57,54
76,77
76,86
65,72
82,88
77,50
78,70
77,66
84,87
86,78
95,82
74,64
75,79
69,83
70,60
100,76
61,50
86,81
64,69
80,84
70,50
61,62
60,77
79,59
94,84
70,57
50,77
72,68
60,53
85,80
74,87
57,65
62,74
95,83
63,82
52,40
52,58
54,68
73,85
71,73
57,68
91,81
77,91
61,56
76,81
67,63
82,86
67,76
59,77
77,76
65,52
85,56
81,85
67,75
88,90
73,85
65,52
78,85
88,55
66,71
82,83
62,69
58,82
62,77
92,89
50,60
61,67
84,84
62,51
67,44
67,57
66,62
62,69
73,69
98,67
74,70
75,88
66,67
72,73
70,61
72,91
68,71
76,85
80,84
89,87
76,79
50,45
50,50
57,43
57,76
66,68
68,73
79,65
72,67
69,63
71,91
93,82
75,79
73,59
78,73
64,50
64,65
82,70
58,65
95,86
68,77
67,77
54,54
65,74
81,71
66,50
75,73
72,69
81,86
64,77
57,79
63,61
81,65
51,69
70,74
55,64
72,32
62,50
67,84
71,86
76,72
64,67
59,53
98,90
56,74
58,77
76,79
71,54
71,68
77,70
73,46
73,73
76,77
60,65
79,60
64,56
86,70
74,77
76,80
53,41
53,75
67,67
75,71
84,84
84,81
69,75
71,81
62,45
62,69
63,56
76,75
81,82
66,79
78,67
53,77
83,91
62,64
76,71
85,88
81,82
71,66
83,86
65,53
72,82
74,78
59,67
72,86
78,78
61,55
80,80
66,88
53,57
81,91
80,72
73,73
65,78
70,80
89,94
70,73
43,74
66,74
64,62
65,75
63,77
62,74
64,75
99,90
79,80
82,62
81,58
63,54
80,72
68,45
91,87
73,73
97,81
57,68
76,86
70,64
73,86
77,56
62,83
66,60
73,74
80,83
53,70
69,50
62,76
66,66
85,80
73,66
60,65
85,78
73,77
65,70
57,78
68,73
53,50
59,69
75,77
74,81
65,66
73,62
70,73
97,79
87,67
88,82
77,86
74,68
63,55
67,75
58,74
82,83
88,79
74,87
68,76
71,75
67,71
53,39
53,25
65,71
68,75
71,75
72,88
69,66
81,81
81,77
67,77
66,75
73,71
69,75
70,75
99,93
73,66
58,68
78,52
60,65
62,72
83,81
84,61
86,77
86,59
60,61
51,29
73,66
71,72
61,83
71,83
66,55
43,59
69,59
95,90
92,88
78,76
65,75
76,56
54,51
71,73
66,83
72,74
83,64
62,88
81,74
82,63
63,57
61,62
74,68
65,70
63,64
83,50
83,80
79,74
83,86
46,63
83,63
73,86
73,80
70,88
66,75
80,77
72,82
67,64
72,63
83,75
84,78
75,85
75,61
80,80
88,87
64,72
84,68
84,75
79,80
82,80
66,87
66,50
77,69
80,80
87,63
82,71
51,50
58,50
64,65
76,65
60,67
57,60
52,52
63,75
57,53
81,77
66,54
89,77
61,60
69,68
76,62
76,68
67,62
91,82
89,69
68,70
77,80
58,73
82,66
73,88
82,75
72,59
80,77
90,86
69,82
72,88
65,66
87,84
80,79
68,81
84,85
51,39
51,71
74,82
75,87
69,53
55,67
65,50
66,78
50,85
72,70
91,88
59,78
88,86
93,79
83,77
75,57
75,69
66,85
60,50
72,76
76,68
85,75
67,80
55,71
65,60
68,85
95,90
100,86
78,78
64,54
82,87
81,66
46,55
68,55
72,60
56,86
74,89
75,53
69,73
57,58
79,77
78,87
78,83
80,90
65,81
83,78
93,93
82,86
72,80
66,76
61,65
80,80
74,79
84,76
89,77
61,64
73,57
