grade1,grade2
67,77
74,85
55,81
75,74
63,86
63,49
68,91
59,80
79,85
73,54
78,81
64,76
55,74
54,84
75,53
88,87
78,86
62,73
50,55
74,63
71,65
75,76
50,76
80,95
36,60
57,60
62,50
58,66
52,60
71,67
63,63
55,69
76,74
50,76
75,83
53,64
57,71
60,75
71,65
66,70
42,42
22,42
79,72
71,72
50,50
59,67
62,65
90,87
72,83
78,82
78,65
65,73
67,76
78,71
69,77
73,95
65,82
42,77
51,77
75,70
92,84
71,90
52,66
52,46
76,95
69,73
59,83
66,70
73,72
79,77
65,82
92,85
57,53
62,65
85,78
72,64
56,78
84,88
66,90
73,84
54,65
64,62
72,61
91,90
84,80
71,76
65,76
61,67
64,71
44,69
70,69
80,72
53,75
84,81
82,77
62,82
67,61
71,79
50,67
62,74
56,67
65,66
45,71
62,71
82,80
61,66
68,72
70,69
61,65
64,86
50,72
26,50
51,77
51,71
67,74
60,76
68,67
78,60
56,60
58,50
73,81
86,73
57,62
67,78
85,84
63,62
52,54
76,73
78,70
78,86
46,44
50,44
52,60
57,75
67,66
66,83
76,90
60,74
60,60
65,64
72,68
60,64
57,80
73,96
67,82
71,71
63,76
65,81
59,85
98,83
90,74
89,89
62,67
66,75
28,23
70,88
88,87
82,83
95,98
66,80
73,75
71,82
77,83
68,78
57,56
91,87
64,60
68,52
74,84
70,77
93,87
84,69
86,94
92,93
59,64
78,82
62,83
52,67
75,83
58,63
58,50
74,66
45,69
71,69
80,70
58,50
77,78
54,72
86,72
70,72
87,84
73,80
69,87
73,97
63,64
43,73
70,73
100,91
67,83
75,56
65,71
63,69
93,67
69,53
72,82
64,50
90,86
87,91
69,73
67,67
68,53
73,66
66,83
72,82
56,71
55,76
56,55
54,76
66,80
51,42
79,89
52,65
54,77
94,78
64,70
38,60
65,60
60,59
75,68
42,76
61,76
60,64
65,72
62,61
87,78
78,75
58,81
61,76
58,66
65,67
63,76
63,71
50,60
85,66
68,65
58,66
45,46
67,46
72,80
68,86
71,91
85,83
65,74
37,56
70,55
50,59
65,57
65,79
73,77
62,67
100,87
59,76
56,67
69,90
62,80
55,57
64,86
94,81
75,75
80,82
67,73
76,78
72,82
54,63
70,71
73,88
64,75
63,41
89,85
56,78
80,90
66,70
74,78
56,69
75,87
50,91
56,69
80,81
69,64
52,66
80,84
87,78
51,83
72,76
92,72
88,96
80,78
64,84
67,91
70,67
67,73
57,63
98,80
72,95
59,65
59,73
70,56
70,71
78,83
51,64
73,94
72,81
83,87
90,80
95,84
71,78
57,69
71,64
67,62
66,73
70,52
83,85
68,51
53,80
61,81
87,86
76,84
50,60
71,80
83,67
5,64
32,64
70,77
44,67
70,67
69,83
64,70
41,60
64,60
50,73
65,65
75,72
74,67
52,70
69,65
64,58
83,83
74,80
64,87
76,73
66,56
80,71
33,71
64,58
70,51
59,50
56,63
71,50
62,80
50,67
81,97
45,69
71,69
51,67
71,78
52,50
52,70
63,67
72,77
66,78
58,44
58,68
63,89
58,74
36,75
72,75
64,79
76,84
65,58
88,80
61,80
44,67
64,67
60,55
71,75
85,77
70,90
58,62
69,80
76,63
67,58
62,74
59,62
85,83
81,67
43,73
61,73
66,89
63,79
59,61
50,85
60,65
64,81
63,81
91,95
67,76
77,95
82,83
72,81
53,70
70,87
72,69
87,84
70,89
63,80
66,78
54,65
75,90
71,80
55,76
72,70
73,68
80,88
40,58
62,58
62,55
51,62
70,68
70,72
60,65
54,64
56,66
90,85
77,85
59,76
72,65
61,72
66,42
62,81
50,62
92,71
64,66
67,67
94,95
86,66
84,72
57,87
71,81
80,85
81,80
46,81
82,82
64,88
71,67
57,74
80,89
64,83
59,80
58,46
87,72
80,72
57,65
40,59
79,59
53,87
80,80
50,86
71,82
78,77
50,76
37,65
74,80
56,67
94,97
61,67
76,85
58,64
66,76
59,66
68,77
65,70
80,76
71,54
80,63
53,70
70,84
83,66
67,65
64,58
71,90
68,79
95,85
69,73
82,81
71,90
