grade1,grade2
81,78
86,76
95,86
74,57
49,85
77,70
87,80
73,72
65,82
62,79
85,85
74,79
54,50
70,77
75,57
85,88
70,64
50,50
84,81
73,54
71,75
70,72
74,78
46,70
85,91
83,86
80,83
76,81
78,63
87,82
66,76
39,50
71,82
69,81
75,88
77,80
79,75
66,67
62,51
66,80
74,79
67,70
77,82
74,85
46,57
67,62
61,58
54,73
86,77
60,43
75,70
83,77
69,65
23,66
80,67
76,81
88,88
60,53
80,64
78,57
67,81
69,75
80,94
83,83
66,65
70,65
66,67
72,70
81,79
82,89
80,85
61,77
73,63
53,59
76,65
59,70
68,79
75,82
72,83
76,75
69,77
85,91
65,45
46,64
91,90
56,59
86,69
76,81
67,96
90,84
69,81
78,86
87,78
90,78
69,63
69,57
81,97
82,71
76,66
88,80
63,54
64,67
64,51
81,80
84,89
67,73
52,62
51,61
81,70
80,61
77,85
67,53
70,54
81,73
71,66
85,77
58,75
68,70
50,41
63,67
80,73
88,73
85,72
64,75
50,68
87,93
79,68
84,82
58,59
67,56
62,75
56,60
62,75
60,77
79,83
69,76
61,58
79,53
95,92
76,67
76,67
80,85
87,87
74,50
55,74
93,77
42,55
80,73
87,77
92,91
62,79
81,72
78,87
87,78
88,83
85,83
38,70
67,67
76,90
74,70
70,86
83,58
72,78
86,82
74,57
90,91
86,81
80,85
67,55
65,61
72,81
50,57
89,96
63,61
89,76
70,59
90,80
78,75
62,44
62,59
