grade1,grade2
71,80
88,90
83,91
59,70
75,85
83,93
87,84
81,94
70,81
80,77
69,91
86,80
61,70
63,71
77,76
52,72
82,77
71,85
87,86
81,95
85,90
78,59
54,71
60,76
65,66
46,90
62,51
79,84
90,97
61,69
57,76
70,64
80,84
79,72
67,75
86,77
70,71
70,60
84,91
74,89
71,88
77,76
61,78
86,95
83,82
80,87
82,70
63,78
74,64
41,73
61,73
82,69
85,85
59,62
89,85
59,84
72,69
75,66
72,77
66,71
74,71
68,60
56,68
90,80
55,68
69,81
88,71
45,43
73,75
79,88
86,90
32,69
84,52
90,97
87,96
91,90
82,85
53,56
87,76
83,82
70,72
50,65
73,68
68,77
39,50
64,60
76,73
68,76
64,76
75,55
72,60
65,79
69,55
39,63
53,54
70,76
86,83
75,78
86,86
80,82
76,89
