grade1,grade2
73,76
92,93
71,81
41,69
86,83
62,54
83,61
76,67
77,70
60,52
59,67
90,83
80,70
82,81
68,67
76,57
93,95
85,70
71,57
76,60
64,72
72,50
57,54
74,87
78,70
81,90
80,60
44,82
78,66
78,87
68,61
76,84
65,74
72,96
96,100
56,54
68,43
40,50
77,53
75,76
83,71
59,61
94,100
68,77
85,70
50,64
91,91
82,94
77,64
82,79
56,60
90,94
81,86
80,61
71,65
70,78
67,68
90,86
85,88
82,72
85,77
70,63
80,83
78,95
69,89
78,81
86,92
73,73
87,88
84,81
63,71
94,93
66,50
86,79
88,99
89,90
65,74
66,71
65,76
53,69
86,85
76,92
91,84
83,88
84,93
80,63
78,87
64,59
