grade1,grade2
79,87
85,78
84,89
73,77
82,85
63,70
85,71
60,38
65,66
75,88
68,62
82,82
68,59
96,90
71,45
71,75
96,89
64,53
64,54
71,76
51,65
39,77
91,95
42,40
42,59
68,40
68,59
96,89
84,91
77,65
66,89
60,80
90,63
82,68
81,81
66,76
40,58
85,58
86,89
83,72
73,82
77,77
80,80
50,75
65,85
45,66
64,66
47,61
67,79
80,94
77,80
45,77
50,77
77,85
75,80
75,84
72,58
40,40
40,65
79,84
94,64
85,79
82,73
67,60
25,92
84,83
74,78
72,89
67,72
82,68
82,75
85,68
72,78
74,81
87,88
76,85
91,65
82,71
74,76
80,65
76,82
41,77
80,77
86,89
82,70
68,60
84,81
61,68
80,79
65,65
74,83
81,50
50,66
86,90
80,80
78,70
82,77
88,65
45,83
70,83
92,86
80,80
78,87
73,80
61,76
63,57
88,84
71,67
72,71
69,70
62,66
62,78
61,76
78,67
81,65
42,67
57,67
86,100
76,90
79,86
71,88
63,65
87,67
84,87
79,63
75,71
65,58
69,64
73,69
66,24
73,82
76,75
66,67
40,84
70,84
65,86
60,58
66,56
73,76
75,70
61,78
70,83
28,73
78,73
57,72
74,77
65,50
78,84
89,91
92,81
85,78
70,85
80,73
82,86
84,78
55,82
84,61
70,70
68,73
66,68
81,68
85,90
80,64
90,72
67,77
84,89
74,63
90,83
72,84
66,62
68,86
71,67
87,92
70,69
47,70
68,73
82,75
72,79
88,77
72,87
76,94
70,63
77,72
69,65
78,88
74,80
57,65
75,62
85,86
77,75
87,75
86,72
74,88
71,86
75,62
93,70
80,69
66,77
62,51
68,66
84,87
53,69
80,65
68,75
75,86
81,81
65,52
77,57
82,66
70,80
67,85
77,71
44,59
92,86
58,64
57,75
65,46
82,91
75,75
70,53
80,77
66,31
66,78
71,65
77,81
90,92
61,63
34,69
88,74
92,78
85,83
58,62
76,65
50,83
74,75
69,80
76,79
86,84
85,67
69,87
84,64
50,67
70,73
65,79
73,81
77,85
82,85
82,81
50,65
78,70
74,77
53,72
61,60
80,82
73,82
90,87
60,54
68,64
63,68
63,82
68,88
86,77
72,78
43,75
42,75
53,68
64,67
76,75
59,75
82,97
61,53
81,90
71,52
75,75
74,50
90,75
71,72
67,65
66,85
76,79
72,85
85,88
50,82
78,55
69,63
82,87
90,87
72,67
80,68
85,84
67,86
64,64
84,91
97,87
88,78
84,88
77,74
88,83
77,70
70,73
68,84
70,57
72,68
83,65
77,84
81,80
84,84
85,89
55,71
75,80
86,76
61,43
60,77
73,74
61,57
85,85
68,81
69,55
75,88
67,64
45,50
64,50
73,72
72,81
84,89
73,74
54,58
73,75
74,63
60,60
62,83
78,81
79,64
59,73
45,86
70,86
61,74
85,79
59,66
69,87
71,84
69,85
84,66
84,81
85,71
75,81
88,74
55,67
65,76
81,60
82,72
72,85
68,80
90,86
70,86
71,71
70,81
76,50
33,76
90,84
70,70
62,55
71,74
64,82
86,77
66,78
78,82
93,29
73,65
55,50
61,70
80,66
90,85
74,70
80,81
80,75
43,69
73,69
69,81
50,50
75,78
79,73
75,67
82,74
75,76
72,85
72,64
84,91
85,78
67,67
75,85
72,77
84,77
78,72
68,85
71,70
50,52
64,69
71,79
75,87
93,86
71,68
74,78
79,73
75,74
84,58
87,87
79,59
65,68
66,73
81,65
57,74
69,71
57,76
83,75
63,66
65,72
60,78
91,89
86,86
82,94
65,59
60,80
76,75
85,81
78,88
75,78
70,65
57,75
90,86
89,83
68,61
79,37
75,65
71,81
71,66
77,77
75,84
65,75
75,50
70,78
50,59
85,81
84,79
58,51
82,90
76,85
68,73
70,84
50,73
78,80
60,80
88,73
74,73
85,66
87,80
86,72
78,78
63,78
88,73
47,74
55,74
56,60
87,90
70,82
68,60
73,81
82,36
77,59
87,88
47,74
87,74
90,87
60,62
74,77
68,66
47,67
67,67
74,81
69,84
83,81
77,71
83,80
77,73
80,80
71,62
80,84
72,66
88,82
79,91
95,88
65,58
71,84
80,71
90,88
79,85
72,81
87,67
66,66
83,82
76,82
61,80
83,73
68,75
73,62
86,88
82,72
77,94
62,70
91,99
66,76
71,83
72,74
73,64
83,69
70,85
62,65
67,42
67,88
55,53
45,71
88,85
70,85
68,81
77,74
65,63
81,91
72,66
74,66
74,69
81,77
68,69
50,53
87,81
70,60
76,74
90,81
68,87
90,95
80,83
70,94
65,87
57,53
72,78
92,70
70,86
69,76
83,88
67,74
68,70
61,75
76,86
85,76
64,58
54,64
82,77
72,50
73,68
74,73
74,81
74,76
77,66
77,92
64,71
82,89
91,79
72,62
71,83
80,77
76,80
74,78
54,75
70,76
87,82
73,76
75,85
75,71
75,64
86,93
86,86
94,96
73,89
72,73
78,78
71,50
84,91
71,80
73,55
66,71
80,83
80,82
65,77
69,88
50,37
73,66
66,82
76,72
69,63
83,76
74,66
44,64
77,64
75,79
54,81
69,79
70,72
71,85
71,86
54,74
63,77
78,78
73,59
77,78
78,75
67,68
77,78
82,70
86,76
68,67
86,85
66,85
77,77
71,50
94,100
61,61
74,77
82,91
67,64
80,62
67,62
73,79
83,94
72,74
90,95
65,79
74,56
50,70
81,54
80,85
79,84
59,76
77,78
64,78
65,76
40,80
85,80
63,87
79,66
65,68
53,50
55,60
71,66
86,86
96,94
77,82
72,77
73,62
72,79
94,84
70,61
83,89
81,73
71,60
73,74
73,74
84,67
83,80
75,81
58,74
39,65
69,65
82,63
78,70
96,84
82,91
77,84
86,89
89,88
62,63
56,57
62,79
75,86
79,63
66,67
76,75
87,81
65,73
74,84
86,80
80,77
87,70
73,73
71,77
70,75
40,57
43,57
59,55
68,66
70,60
64,71
86,80
65,78
88,83
68,80
87,81
80,90
67,74
62,74
91,83
82,79
82,86
70,50
77,86
82,74
77,79
64,70
77,77
79,50
78,90
70,68
50,74
66,75
66,79
65,76
76,63
81,58
77,71
81,96
76,85
16,74
98,75
73,68
90,85
50,70
72,52
66,72
87,72
81,86
60,84
85,78
80,69
83,62
67,69
86,76
31,77
70,77
84,81
96,89
73,78
76,68
77,43
62,56
79,54
82,74
50,61
70,66
82,64
76,72
81,92
63,75
77,85
76,75
78,58
68,70
75,77
77,82
67,75
84,86
72,75
78,80
50,100
85,77
67,56
56,56
66,54
82,85
80,67
78,90
81,77
90,85
74,62
66,63
80,61
57,62
82,71
79,78
90,84
81,83
54,70
59,74
80,85
83,85
57,66
70,83
73,89
74,76
63,60
65,72
83,74
90,80
76,89
72,75
51,65
83,82
84,93
40,51
56,51
60,71
78,76
84,75
80,76
78,71
81,71
69,50
73,83
68,68
41,83
72,83
66,50
71,76
85,89
72,77
75,77
61,65
78,79
88,78
54,50
37,64
55,78
65,64
82,67
65,86
79,66
50,54
76,100
83,79
65,82
74,65
94,86
82,90
82,84
89,90
83,83
67,15
77,90
68,78
63,73
77,86
70,75
55,70
68,91
52,78
76,86
84,91
52,73
71,69
78,85
96,83
70,63
71,54
65,66
70,78
59,80
58,62
84,72
68,70
85,87
94,90
84,78
65,90
71,68
71,86
45,70
71,79
92,87
71,81
74,82
81,79
77,72
45,77
77,77
75,83
92,87
67,75
87,95
90,90
64,74
70,70
88,94
87,86
77,71
58,86
71,87
72,70
77,77
65,65
75,74
82,76
82,81
73,79
85,91
80,72
85,60
76,84
47,67
75,54
65,86
75,72
73,78
81,81
80,77
71,71
78,51
71,86
83,83
80,77
85,87
87,75
88,89
63,61
90,88
70,75
96,96
88,84
63,83
71,81
76,69
74,84
64,85
71,67
63,50
83,88
92,90
84,70
59,60
73,68
67,75
87,72
57,66
70,79
88,81
80,75
80,66
67,63
70,83
91,95
72,59
86,72
65,77
80,72
68,86
88,90
88,88
81,73
91,68
77,77
44,77
68,77
76,77
82,84
83,77
82,83
86,77
94,90
79,88
68,63
92,82
73,67
85,84
56,86
75,84
63,84
84,84
65,80
68,72
75,91
77,72
74,78
85,93
51,34
64,78
80,76
96,91
70,50
29,75
72,75
72,79
77,87
76,66
74,70
62,30
71,75
73,77
96,80
76,83
77,54
76,77
64,59
66,73
63,79
75,71
82,81
81,79
87,66
69,81
76,62
72,77
66,80
66,54
77,85
59,65
88,85
88,78
80,86
71,76
56,57
84,78
68,79
59,88
66,60
80,87
92,93
70,68
45,89
79,89
82,88
73,77
61,77
54,75
83,66
46,74
58,74
