grade1,grade2
78,84
96,94
73,63
50,52
79,86
89,77
88,80
75,68
78,74
63,64
72,51
76,74
71,73
86,67
83,66
91,70
67,64
93,96
83,72
61,57
54,68
94,84
51,53
82,86
70,72
87,91
50,60
72,88
41,61
67,61
73,55
86,76
82,92
82,63
73,54
64,70
73,69
65,61
89,93
93,71
66,74
64,67
90,69
90,88
66,50
52,37
92,85
70,65
77,72
64,84
83,50
81,76
65,43
89,86
76,43
94,84
71,45
74,79
76,91
81,82
94,86
77,78
79,64
81,74
77,86
77,63
88,69
83,89
69,83
78,95
80,75
88,86
67,68
76,75
78,62
51,60
84,81
85,89
75,73
81,60
90,81
77,81
77,61
69,62
60,50
93,80
100,99
75,75
41,45
77,59
71,77
86,88
75,72
85,71
87,91
83,78
97,95
75,68
73,71
84,78
85,78
83,80
90,82
88,93
65,65
95,100
75,76
92,98
81,78
76,83
71,56
63,67
85,77
85,65
75,50
